generations_elite-fitness_number-of-evaluations_time
0_27194.393_512_0.11772561073303223
1_27151.751_1024_0.4046022891998291
2_27151.751_1536_0.6144838333129883
3_26810.651_2048_0.8649976253509521
4_26709.905_2560_1.176267147064209
5_26317.22_3072_1.5356311798095703
6_25983.46_3584_2.023768424987793
7_25298.87_4096_3.173004150390625
8_24595.744_4608_4.292660713195801
9_22646.991_5120_5.6438305377960205
10_21238.769_5632_7.702046632766724
11_16526.176_6144_10.345332145690918
12_13828.957_6655_14.451005935668945
13_10405.802_7156_19.74131679534912
14_8902.968_7603_26.99386501312256
Function found (87nodes ):
	[-[-1.06140324 -1.66318338 -0.26658226  0.64223555], -[-1.06140324 -1.66318338 -0.26658226  0.64223555], -[-1.06140324 -1.66318338 -0.26658226  0.64223555], -[-1.06140324 -1.66318338 -0.26658226  0.64223555], -[-1.06140324 -1.66318338 -0.26658226  0.64223555], -[-1.06140324 -1.66318338 -0.26658226  0.64223555], -[-1.06140324 -1.66318338 -0.26658226  0.64223555], -[-1.06140324 -1.66318338 -0.26658226  0.64223555], -[-1.06140324 -1.66318338 -0.26658226  0.64223555], -[-1.06140324 -1.66318338 -0.26658226  0.64223555], -[-1.06140324 -1.66318338 -0.26658226  0.64223555], -[-1.06140324 -1.66318338 -0.26658226  0.64223555], -[-1.06140324 -1.66318338 -0.26658226  0.64223555], -[-1.06140324 -1.66318338 -0.26658226  0.64223555], -[-1.06140324 -1.66318338 -0.26658226  0.64223555], -[-1.06140324 -1.66318338 -0.26658226  0.64223555], -[-1.06140324 -1.66318338 -0.26658226  0.64223555], -[-1.06140324 -1.66318338 -0.26658226  0.64223555], -[-1.06140324 -1.66318338 -0.26658226  0.64223555], -[-1.06140324 -1.66318338 -0.26658226  0.64223555], -[-1.06140324 -1.66318338 -0.26658226  0.64223555], -[-1.06140324 -1.66318338 -0.26658226  0.64223555], -[-1.06140324 -1.66318338 -0.26658226  0.64223555], -[-1.06140324 -1.66318338 -0.26658226  0.64223555], -[-1.06140324 -1.66318338 -0.26658226  0.64223555], -[-1.06140324 -1.66318338 -0.26658226  0.64223555], -[-1.06140324 -1.66318338 -0.26658226  0.64223555], -[-1.06140324 -1.66318338 -0.26658226  0.64223555], 3.722, -1.639, 4.322, -[-1.06140324 -1.66318338 -0.26658226  0.64223555], 4.468, -1.639, 4.468, -1.639, 4.507, -1.639, 4.507, -1.639, 4.468, -1.639, x9, -[-1.06140324 -1.66318338 -0.26658226  0.64223555], -[-1.06140324 -1.66318338 -0.26658226  0.64223555], -[-1.06140324 -1.66318338 -0.26658226  0.64223555], -[-1.06140324 -1.66318338 -0.26658226  0.64223555], -[-1.06140324 -1.66318338 -0.26658226  0.64223555], -[-1.06140324 -1.66318338 -0.26658226  0.64223555], -[-1.06140324 -1.66318338 -0.26658226  0.64223555], 3.722, -1.639, 4.468, -1.639, x9, -1.639, 4.468, -1.639, 4.468, -1.639, 4.507, -1.639, 4.468, -1.639, x9, -[-1.06140324 -1.66318338 -0.26658226  0.64223555], -[-1.06140324 -1.66318338 -0.26658226  0.64223555], -[-1.06140324 -1.66318338 -0.26658226  0.64223555], -[-1.06140324 -1.66318338 -0.26658226  0.64223555], -[-1.06140324 -1.66318338 -0.26658226  0.64223555], -[-1.06140324 -1.66318338 -0.26658226  0.64223555], -[-1.06140324 -1.66318338 -0.26658226  0.64223555], 3.722, -1.639, 4.468, -1.639, x9, -1.639, 4.468, -1.639, 4.468, -1.639, 4.468, -1.639, 4.468, -1.639, 4.468]
Training
	MSE:8902.968
	Rsquared:-0.522
Test:
	MSE:11653.14
	Rsquared:-0.818
26.99404811859131