generations_elite-fitness_number-of-evaluations_time
0_27569.431_512_0.18151378631591797
1_27409.155_1536_0.6971344947814941
2_27409.155_2560_1.4072356224060059
3_27347.128_3584_2.224050283432007
4_27302.99_4608_2.6977829933166504
5_27302.99_5632_3.170520067214966
6_27265.562_6656_3.7968435287475586
7_27256.717_7680_4.6425817012786865
8_27207.302_8704_5.716709613800049
9_27179.375_9728_7.1020026206970215
10_27160.816_10752_9.081708431243896
11_27135.086_11776_11.919119119644165
12_27126.73_12800_15.589301347732544
13_27115.79_13824_20.82130765914917
Function found (61nodes ):
	[-[ 0.3945895   0.5030191  -0.3531355  -1.09760733], -[ 0.3945895   0.5030191  -0.3531355  -1.09760733], -[ 0.3945895   0.5030191  -0.3531355  -1.09760733], -[ 0.3945895   0.5030191  -0.3531355  -1.09760733], -[ 0.3945895   0.5030191  -0.3531355  -1.09760733], 4.912, +[-0.09020126 -0.67726408  0.97114319  0.58570346], x8, 4.715, 4.912, -[ 0.3945895   0.5030191  -0.3531355  -1.09760733], -[ 0.3945895   0.5030191  -0.3531355  -1.09760733], 4.912, 4.912, -[ 0.3945895   0.5030191  -0.3531355  -1.09760733], -[ 0.3945895   0.5030191  -0.3531355  -1.09760733], 4.912, -[ 0.3945895   0.5030191  -0.3531355  -1.09760733], 4.912, 4.912, -[ 0.3945895   0.5030191  -0.3531355  -1.09760733], 4.912, +[-0.09020126 -0.67726408  0.97114319  0.58570346], x8, 4.715, -[ 0.3945895   0.5030191  -0.3531355  -1.09760733], 4.912, 4.912, -[ 0.3945895   0.5030191  -0.3531355  -1.09760733], -[ 0.3945895   0.5030191  -0.3531355  -1.09760733], -[ 0.3945895   0.5030191  -0.3531355  -1.09760733], 4.912, 4.912, -[ 0.3945895   0.5030191  -0.3531355  -1.09760733], -[ 0.3945895   0.5030191  -0.3531355  -1.09760733], -[ 0.3945895   0.5030191  -0.3531355  -1.09760733], 4.912, 4.912, 4.912, -[ 0.3945895   0.5030191  -0.3531355  -1.09760733], -[ 0.3945895   0.5030191  -0.3531355  -1.09760733], 4.912, 4.912, -[ 0.3945895   0.5030191  -0.3531355  -1.09760733], 4.912, 4.912, -[ 0.3945895   0.5030191  -0.3531355  -1.09760733], -[ 0.3945895   0.5030191  -0.3531355  -1.09760733], 4.912, 4.912, -[ 0.3945895   0.5030191  -0.3531355  -1.09760733], 4.912, -[ 0.3945895   0.5030191  -0.3531355  -1.09760733], -[ 0.3945895   0.5030191  -0.3531355  -1.09760733], -[ 0.3945895   0.5030191  -0.3531355  -1.09760733], 4.912, 4.912, +[-0.09020126 -0.67726408  0.97114319  0.58570346], x8, 4.715, 4.912]
Training
	MSE:27115.79
	Rsquared:-3.685
Test:
	MSE:29069.957
	Rsquared:-3.033
20.822304010391235