generations_elite-fitness_number-of-evaluations_time
0_27535.412_512_0.17552971839904785
1_27535.412_1536_0.7400195598602295
2_27535.412_2560_1.4481260776519775
3_27415.437_3584_2.247986078262329
4_27398.239_4608_2.6020402908325195
5_27388.866_5632_2.9720499515533447
6_27344.23_6656_3.624305009841919
7_27295.953_7680_4.461082696914673
8_27247.863_8704_5.702746629714966
9_27227.422_9728_7.369288206100464
10_27198.788_10752_9.876581907272339
11_27183.354_11776_13.525824308395386
12_27173.393_12800_18.583293199539185
13_27163.111_13824_25.12380027770996
Function found (61nodes ):
	[-[ 0.3945895   0.5030191  -0.3531355  -1.09760733], -[ 0.3945895   0.5030191  -0.3531355  -1.09760733], -[ 0.3945895   0.5030191  -0.3531355  -1.09760733], -[ 0.3945895   0.5030191  -0.3531355  -1.09760733], 4.501, -[ 0.3945895   0.5030191  -0.3531355  -1.09760733], 4.353, 4.246, -[ 0.3945895   0.5030191  -0.3531355  -1.09760733], -[ 0.3945895   0.5030191  -0.3531355  -1.09760733], -[ 0.3945895   0.5030191  -0.3531355  -1.09760733], 4.501, 4.246, 4.501, -[ 0.3945895   0.5030191  -0.3531355  -1.09760733], 4.501, 4.501, -[ 0.3945895   0.5030191  -0.3531355  -1.09760733], 4.501, -[ 0.3945895   0.5030191  -0.3531355  -1.09760733], -[ 0.3945895   0.5030191  -0.3531355  -1.09760733], -[ 0.3945895   0.5030191  -0.3531355  -1.09760733], 4.501, 4.246, 4.501, -[ 0.3945895   0.5030191  -0.3531355  -1.09760733], -[ 0.3945895   0.5030191  -0.3531355  -1.09760733], -[ 0.3945895   0.5030191  -0.3531355  -1.09760733], 4.353, 4.246, 4.501, 4.501, -[ 0.3945895   0.5030191  -0.3531355  -1.09760733], -[ 0.3945895   0.5030191  -0.3531355  -1.09760733], 4.501, 4.501, -[ 0.3945895   0.5030191  -0.3531355  -1.09760733], -[ 0.3945895   0.5030191  -0.3531355  -1.09760733], 4.246, -[ 0.3945895   0.5030191  -0.3531355  -1.09760733], 4.501, 4.246, -[ 0.3945895   0.5030191  -0.3531355  -1.09760733], -[ 0.3945895   0.5030191  -0.3531355  -1.09760733], -[ 0.3945895   0.5030191  -0.3531355  -1.09760733], -[ 0.3945895   0.5030191  -0.3531355  -1.09760733], 4.501, 4.501, -[ 0.3945895   0.5030191  -0.3531355  -1.09760733], -[ 0.3945895   0.5030191  -0.3531355  -1.09760733], 4.501, 4.246, -[ 0.3945895   0.5030191  -0.3531355  -1.09760733], 4.501, 4.501, -[ 0.3945895   0.5030191  -0.3531355  -1.09760733], 4.246, -[ 0.3945895   0.5030191  -0.3531355  -1.09760733], 4.501, 4.501, 4.501]
Training
	MSE:27163.111
	Rsquared:-3.746
Test:
	MSE:29071.371
	Rsquared:-2.73
25.124797821044922