generations_elite-fitness_number-of-evaluations_time
0_27961.295_512_0.16856646537780762
1_27961.295_1536_0.6692090034484863
2_27961.295_2560_1.3204677104949951
3_27961.295_3584_1.8231217861175537
4_27904.823_4608_2.1781723499298096
5_27809.02_5632_2.515270709991455
6_27796.182_6656_2.992992877960205
7_27760.746_7680_3.7599406242370605
8_27746.095_8704_4.9677112102508545
9_27719.651_9728_6.613310098648071
10_27706.634_10752_8.97399640083313
11_27694.436_11776_12.315059900283813
12_27687.081_12800_16.99553894996643
13_27673.73_13824_23.152071952819824
Function found (71nodes ):
	[-[ 0.3945895   0.5030191  -0.3531355  -1.09760733], -[ 0.3945895   0.5030191  -0.3531355  -1.09760733], -[ 0.3945895   0.5030191  -0.3531355  -1.09760733], -[ 0.3945895   0.5030191  -0.3531355  -1.09760733], -[ 0.3945895   0.5030191  -0.3531355  -1.09760733], -[ 0.3945895   0.5030191  -0.3531355  -1.09760733], -[ 0.3945895   0.5030191  -0.3531355  -1.09760733], -[ 0.3945895   0.5030191  -0.3531355  -1.09760733], -[ 0.3945895   0.5030191  -0.3531355  -1.09760733], -[ 0.3945895   0.5030191  -0.3531355  -1.09760733], 4.997, 4.742, -[ 0.3945895   0.5030191  -0.3531355  -1.09760733], 4.997, 4.997, -[ 0.3945895   0.5030191  -0.3531355  -1.09760733], 4.997, 4.997, -[ 0.3945895   0.5030191  -0.3531355  -1.09760733], 4.997, 4.997, 4.742, -[ 0.3945895   0.5030191  -0.3531355  -1.09760733], 4.997, 4.997, -[ 0.3945895   0.5030191  -0.3531355  -1.09760733], 4.997, 4.997, -[ 0.3945895   0.5030191  -0.3531355  -1.09760733], -[ 0.3945895   0.5030191  -0.3531355  -1.09760733], 4.997, 4.997, -[ 0.3945895   0.5030191  -0.3531355  -1.09760733], 4.997, 4.997, -[ 0.3945895   0.5030191  -0.3531355  -1.09760733], -[ 0.3945895   0.5030191  -0.3531355  -1.09760733], 4.997, 4.742, -[ 0.3945895   0.5030191  -0.3531355  -1.09760733], 4.997, 4.997, -[ 0.3945895   0.5030191  -0.3531355  -1.09760733], -[ 0.3945895   0.5030191  -0.3531355  -1.09760733], -[ 0.3945895   0.5030191  -0.3531355  -1.09760733], -[ 0.3945895   0.5030191  -0.3531355  -1.09760733], -[ 0.3945895   0.5030191  -0.3531355  -1.09760733], -[ 0.3945895   0.5030191  -0.3531355  -1.09760733], 4.997, -[ 0.3945895   0.5030191  -0.3531355  -1.09760733], 4.997, 4.997, -[ 0.3945895   0.5030191  -0.3531355  -1.09760733], 4.997, 4.997, 4.997, -[ 0.3945895   0.5030191  -0.3531355  -1.09760733], 4.997, 4.997, 4.997, -[ 0.3945895   0.5030191  -0.3531355  -1.09760733], -[ 0.3945895   0.5030191  -0.3531355  -1.09760733], -[ 0.3945895   0.5030191  -0.3531355  -1.09760733], 4.997, 4.997, -[ 0.3945895   0.5030191  -0.3531355  -1.09760733], 4.997, 4.997, -[ 0.3945895   0.5030191  -0.3531355  -1.09760733], 4.997, 4.997]
Training
	MSE:27673.73
	Rsquared:-3.578
Test:
	MSE:23851.451
	Rsquared:-3.95
23.15806746482849