generations_elite-fitness_number-of-evaluations_time
0_27174.837_512_0.3390944004058838
1_27174.837_1536_1.5039923191070557
2_27025.352_2560_3.2548067569732666
3_27025.352_3584_4.488020181655884
4_26970.9_4608_5.941775560379028
5_26937.934_5632_7.569420099258423
6_26906.966_6656_9.947083950042725
7_26893.312_7680_14.000853300094604
8_26867.55_8704_19.47970962524414
9_26856.131_9728_25.162047863006592
Function found (49nodes ):
	[-[ 0.3945895   0.5030191  -0.3531355  -1.09760733], -[ 0.3945895   0.5030191  -0.3531355  -1.09760733], -[ 0.3945895   0.5030191  -0.3531355  -1.09760733], -[ 0.3945895   0.5030191  -0.3531355  -1.09760733], 4.589, 3.558, 4.891, -[ 0.3945895   0.5030191  -0.3531355  -1.09760733], -[ 0.3945895   0.5030191  -0.3531355  -1.09760733], -[ 0.3945895   0.5030191  -0.3531355  -1.09760733], -[ 0.3945895   0.5030191  -0.3531355  -1.09760733], -[ 0.3945895   0.5030191  -0.3531355  -1.09760733], 4.589, 3.558, 4.891, -[ 0.3945895   0.5030191  -0.3531355  -1.09760733], -[ 0.3945895   0.5030191  -0.3531355  -1.09760733], 4.67, 3.558, 4.891, -[ 0.3945895   0.5030191  -0.3531355  -1.09760733], -[ 0.3945895   0.5030191  -0.3531355  -1.09760733], 4.67, 3.558, 4.891, 4.891, -[ 0.3945895   0.5030191  -0.3531355  -1.09760733], -[ 0.3945895   0.5030191  -0.3531355  -1.09760733], -[ 0.3945895   0.5030191  -0.3531355  -1.09760733], -[ 0.3945895   0.5030191  -0.3531355  -1.09760733], -[ 0.3945895   0.5030191  -0.3531355  -1.09760733], -[ 0.3945895   0.5030191  -0.3531355  -1.09760733], 4.589, 3.558, 4.891, 3.403, -[ 0.3945895   0.5030191  -0.3531355  -1.09760733], -[ 0.3945895   0.5030191  -0.3531355  -1.09760733], 4.67, 3.558, 4.891, -[ 0.3945895   0.5030191  -0.3531355  -1.09760733], -[ 0.3945895   0.5030191  -0.3531355  -1.09760733], -[ 0.3945895   0.5030191  -0.3531355  -1.09760733], 4.67, 3.558, 4.891, 4.891, 4.891]
Training
	MSE:26856.131
	Rsquared:-3.618
Test:
	MSE:31855.253
	Rsquared:-3.678
25.186981439590454