generations_elite-fitness_number-of-evaluations_time
0_28168.951_512_0.17105484008789062
1_28168.951_1536_0.7884032726287842
2_28168.951_2560_1.7837419509887695
3_28021.106_3584_2.323298931121826
4_28021.106_4608_2.6848433017730713
5_27966.422_5632_3.0498666763305664
6_27914.322_6656_3.830292224884033
7_27889.114_7680_4.670044660568237
8_27854.032_8704_5.933180570602417
9_27819.343_9728_7.6854941844940186
10_27807.707_10752_10.015264511108398
11_27789.722_11776_13.363815546035767
12_27772.36_12800_18.639290809631348
13_27752.999_13824_30.0213143825531
Function found (77nodes ):
	[-[ 0.3945895   0.5030191  -0.3531355  -1.09760733], -[ 0.3945895   0.5030191  -0.3531355  -1.09760733], -[ 0.3945895   0.5030191  -0.3531355  -1.09760733], -[ 0.3945895   0.5030191  -0.3531355  -1.09760733], 4.281, 4.281, -[ 0.3945895   0.5030191  -0.3531355  -1.09760733], -[ 0.3945895   0.5030191  -0.3531355  -1.09760733], 4.281, 4.281, -[ 0.3945895   0.5030191  -0.3531355  -1.09760733], 4.281, 4.281, -[ 0.3945895   0.5030191  -0.3531355  -1.09760733], -[ 0.3945895   0.5030191  -0.3531355  -1.09760733], -[ 0.3945895   0.5030191  -0.3531355  -1.09760733], -[ 0.3945895   0.5030191  -0.3531355  -1.09760733], 4.369, -[ 0.3945895   0.5030191  -0.3531355  -1.09760733], -[ 0.3945895   0.5030191  -0.3531355  -1.09760733], 4.281, -[ 0.3945895   0.5030191  -0.3531355  -1.09760733], -[ 0.3945895   0.5030191  -0.3531355  -1.09760733], 4.281, 4.281, -[ 0.3945895   0.5030191  -0.3531355  -1.09760733], -[ 0.3945895   0.5030191  -0.3531355  -1.09760733], 4.281, 4.281, -[ 0.3945895   0.5030191  -0.3531355  -1.09760733], 4.281, 4.281, 4.369, -[ 0.3945895   0.5030191  -0.3531355  -1.09760733], -[ 0.3945895   0.5030191  -0.3531355  -1.09760733], -[ 0.3945895   0.5030191  -0.3531355  -1.09760733], -[ 0.3945895   0.5030191  -0.3531355  -1.09760733], -[ 0.3945895   0.5030191  -0.3531355  -1.09760733], 4.369, -[ 0.3945895   0.5030191  -0.3531355  -1.09760733], -[ 0.3945895   0.5030191  -0.3531355  -1.09760733], 4.281, 4.281, -[ 0.3945895   0.5030191  -0.3531355  -1.09760733], -[ 0.3945895   0.5030191  -0.3531355  -1.09760733], 4.371, 4.369, 4.369, 4.371, -[ 0.3945895   0.5030191  -0.3531355  -1.09760733], 4.371, 4.369, 4.371, 4.371, 4.281, -[ 0.3945895   0.5030191  -0.3531355  -1.09760733], 4.371, 4.371, -[ 0.3945895   0.5030191  -0.3531355  -1.09760733], -[ 0.3945895   0.5030191  -0.3531355  -1.09760733], -[ 0.3945895   0.5030191  -0.3531355  -1.09760733], 4.281, 4.281, -[ 0.3945895   0.5030191  -0.3531355  -1.09760733], -[ 0.3945895   0.5030191  -0.3531355  -1.09760733], 4.281, 4.281, -[ 0.3945895   0.5030191  -0.3531355  -1.09760733], 4.281, 4.281, -[ 0.3945895   0.5030191  -0.3531355  -1.09760733], -[ 0.3945895   0.5030191  -0.3531355  -1.09760733], 4.369, 4.281, -[ 0.3945895   0.5030191  -0.3531355  -1.09760733], 4.371, 4.371]
Training
	MSE:27752.999
	Rsquared:-3.631
Test:
	MSE:23714.009
	Rsquared:-3.523
30.022310733795166