generations_elite-fitness_number-of-evaluations_time
0_27621.542_512_0.1655571460723877
1_27621.542_1536_0.6871607303619385
2_27621.542_2560_1.7014479637145996
3_27590.376_3584_2.2739169597625732
4_27559.781_4608_2.683820962905884
5_27534.24_5632_3.1505722999572754
6_27510.795_6656_3.9923205375671387
7_27453.955_7680_5.10334849357605
8_27430.458_8704_6.355000972747803
9_27403.058_9728_8.150198936462402
10_27376.895_10752_10.549781084060669
11_27358.055_11776_13.85194993019104
12_27338.624_12800_18.385822296142578
13_27334.886_13824_24.100536108016968
Function found (49nodes ):
	[-[ 0.3945895   0.5030191  -0.3531355  -1.09760733], -[ 0.3945895   0.5030191  -0.3531355  -1.09760733], -[ 0.3945895   0.5030191  -0.3531355  -1.09760733], -[ 0.3945895   0.5030191  -0.3531355  -1.09760733], 4.916, -[ 0.3945895   0.5030191  -0.3531355  -1.09760733], -[ 0.3945895   0.5030191  -0.3531355  -1.09760733], 4.916, 4.916, 4.737, -[ 0.3945895   0.5030191  -0.3531355  -1.09760733], -[ 0.3945895   0.5030191  -0.3531355  -1.09760733], 4.916, -[ 0.3945895   0.5030191  -0.3531355  -1.09760733], 4.916, 4.737, -[ 0.3945895   0.5030191  -0.3531355  -1.09760733], -[ 0.3945895   0.5030191  -0.3531355  -1.09760733], 4.473, 4.916, -[ 0.3945895   0.5030191  -0.3531355  -1.09760733], 4.916, 4.737, -[ 0.3945895   0.5030191  -0.3531355  -1.09760733], -[ 0.3945895   0.5030191  -0.3531355  -1.09760733], 4.916, 4.916, -[ 0.3945895   0.5030191  -0.3531355  -1.09760733], 4.737, 4.916, -[ 0.3945895   0.5030191  -0.3531355  -1.09760733], -[ 0.3945895   0.5030191  -0.3531355  -1.09760733], -[ 0.3945895   0.5030191  -0.3531355  -1.09760733], 4.737, -[ 0.3945895   0.5030191  -0.3531355  -1.09760733], 4.916, 4.916, -[ 0.3945895   0.5030191  -0.3531355  -1.09760733], 4.437, 4.916, -[ 0.3945895   0.5030191  -0.3531355  -1.09760733], 4.916, -[ 0.3945895   0.5030191  -0.3531355  -1.09760733], 4.737, +[-0.09020126 -0.67726408  0.97114319  0.58570346], +[-0.09020126 -0.67726408  0.97114319  0.58570346], x7, x5, 4.916]
Training
	MSE:27334.886
	Rsquared:-3.548
Test:
	MSE:27143.193
	Rsquared:-4.225
24.100536108016968