generations_elite-fitness_number-of-evaluations_time
0_28138.058_512_0.17453408241271973
1_28138.058_1536_0.6672153472900391
2_28138.058_2560_1.2287135124206543
3_28062.813_3584_1.6994538307189941
4_28062.813_4608_2.0385489463806152
5_27990.95_5632_2.537213087081909
6_27967.242_6656_3.039870023727417
7_27935.817_7680_3.6183226108551025
8_27907.712_8704_4.356348276138306
9_27878.937_9728_5.415514945983887
10_27848.085_10752_6.817764520645142
11_27832.851_11776_8.806445360183716
12_27809.977_12800_11.598975896835327
13_27796.942_13824_15.432721853256226
14_27782.517_14848_21.127490043640137
Function found (47nodes ):
	[-[ 0.3945895   0.5030191  -0.3531355  -1.09760733], -[ 0.3945895   0.5030191  -0.3531355  -1.09760733], -[ 0.3945895   0.5030191  -0.3531355  -1.09760733], 4.965, -[ 0.3945895   0.5030191  -0.3531355  -1.09760733], 4.965, -[ 0.3945895   0.5030191  -0.3531355  -1.09760733], 4.965, 4.965, -[ 0.3945895   0.5030191  -0.3531355  -1.09760733], -[ 0.3945895   0.5030191  -0.3531355  -1.09760733], -[ 0.3945895   0.5030191  -0.3531355  -1.09760733], 4.965, 4.739, -[ 0.3945895   0.5030191  -0.3531355  -1.09760733], 4.965, 4.965, -[ 0.3945895   0.5030191  -0.3531355  -1.09760733], 4.965, -[ 0.3945895   0.5030191  -0.3531355  -1.09760733], -[ 0.3945895   0.5030191  -0.3531355  -1.09760733], 4.965, 4.739, -[ 0.3945895   0.5030191  -0.3531355  -1.09760733], 4.965, 4.739, -[ 0.3945895   0.5030191  -0.3531355  -1.09760733], -[ 0.3945895   0.5030191  -0.3531355  -1.09760733], -[ 0.3945895   0.5030191  -0.3531355  -1.09760733], -[ 0.3945895   0.5030191  -0.3531355  -1.09760733], 4.965, 4.965, 4.965, -[ 0.3945895   0.5030191  -0.3531355  -1.09760733], -[ 0.3945895   0.5030191  -0.3531355  -1.09760733], 4.965, 4.965, -[ 0.3945895   0.5030191  -0.3531355  -1.09760733], 4.965, 4.739, -[ 0.3945895   0.5030191  -0.3531355  -1.09760733], -[ 0.3945895   0.5030191  -0.3531355  -1.09760733], 4.965, 4.965, -[ 0.3945895   0.5030191  -0.3531355  -1.09760733], 4.965, 4.739]
Training
	MSE:27782.517
	Rsquared:-3.694
Test:
	MSE:22970.239
	Rsquared:-2.978
21.12948441505432