generations_elite-fitness_number-of-evaluations_time
0_27562.94_512_0.14461207389831543
1_27562.94_1536_0.9115610122680664
2_27562.94_2560_1.5528454780578613
3_27558.62_3584_2.1173360347747803
4_27504.604_4608_2.4763762950897217
5_27461.461_5632_2.8972561359405518
6_27439.506_6656_3.4527642726898193
7_27402.726_7680_4.326428174972534
8_27360.343_8704_5.41252326965332
9_27347.878_9728_7.0371763706207275
10_27317.2_10752_9.26422119140625
11_27316.609_11776_12.669114351272583
12_27287.893_12800_17.159103870391846
13_27276.809_13824_23.474211931228638
Function found (73nodes ):
	[-[ 0.3945895   0.5030191  -0.3531355  -1.09760733], -[ 0.3945895   0.5030191  -0.3531355  -1.09760733], -[ 0.3945895   0.5030191  -0.3531355  -1.09760733], -[ 0.3945895   0.5030191  -0.3531355  -1.09760733], 4.56, 4.56, -[ 0.3945895   0.5030191  -0.3531355  -1.09760733], 4.976, 4.976, -[ 0.3945895   0.5030191  -0.3531355  -1.09760733], -[ 0.3945895   0.5030191  -0.3531355  -1.09760733], -[ 0.3945895   0.5030191  -0.3531355  -1.09760733], 4.976, -[ 0.3945895   0.5030191  -0.3531355  -1.09760733], 4.976, 4.976, -[ 0.3945895   0.5030191  -0.3531355  -1.09760733], 4.976, 4.976, -[ 0.3945895   0.5030191  -0.3531355  -1.09760733], -[ 0.3945895   0.5030191  -0.3531355  -1.09760733], +[-0.09020126 -0.67726408  0.97114319  0.58570346], x0, -[ 0.3945895   0.5030191  -0.3531355  -1.09760733], +[-0.09020126 -0.67726408  0.97114319  0.58570346], x0, -[ 0.3945895   0.5030191  -0.3531355  -1.09760733], 4.976, 4.552, -[ 0.3945895   0.5030191  -0.3531355  -1.09760733], 4.976, 4.976, -[ 0.3945895   0.5030191  -0.3531355  -1.09760733], 4.976, -[ 0.3945895   0.5030191  -0.3531355  -1.09760733], 4.976, 4.976, -[ 0.3945895   0.5030191  -0.3531355  -1.09760733], -[ 0.3945895   0.5030191  -0.3531355  -1.09760733], 4.976, 4.56, -[ 0.3945895   0.5030191  -0.3531355  -1.09760733], 4.976, 4.976, -[ 0.3945895   0.5030191  -0.3531355  -1.09760733], -[ 0.3945895   0.5030191  -0.3531355  -1.09760733], -[ 0.3945895   0.5030191  -0.3531355  -1.09760733], -[ 0.3945895   0.5030191  -0.3531355  -1.09760733], 4.976, 4.976, -[ 0.3945895   0.5030191  -0.3531355  -1.09760733], 4.976, 4.56, -[ 0.3945895   0.5030191  -0.3531355  -1.09760733], 4.976, -[ 0.3945895   0.5030191  -0.3531355  -1.09760733], 4.548, 4.976, -[ 0.3945895   0.5030191  -0.3531355  -1.09760733], -[ 0.3945895   0.5030191  -0.3531355  -1.09760733], 4.548, 4.976, -[ 0.3945895   0.5030191  -0.3531355  -1.09760733], -[ 0.3945895   0.5030191  -0.3531355  -1.09760733], -[ 0.3945895   0.5030191  -0.3531355  -1.09760733], 4.548, 4.518, -[ 0.3945895   0.5030191  -0.3531355  -1.09760733], 4.976, 4.552, -[ 0.3945895   0.5030191  -0.3531355  -1.09760733], 4.548, 4.976]
Training
	MSE:27276.809
	Rsquared:-3.607
Test:
	MSE:27499.678
	Rsquared:-3.571
23.474211931228638