generations_elite-fitness_number-of-evaluations_time
0_27488.384_512_0.20544910430908203
1_27488.384_1536_0.7220680713653564
2_27488.384_2560_1.5628187656402588
3_27435.382_3584_2.1602227687835693
4_27371.145_4608_2.566136360168457
5_27367.327_5632_3.0827548503875732
6_27330.036_6656_3.8686535358428955
7_27276.763_7680_4.8849334716796875
8_27254.297_8704_6.204405307769775
9_27222.562_9728_8.175133228302002
10_27199.739_10752_11.017531394958496
11_27173.435_11776_15.036779165267944
12_27152.792_12800_20.38248109817505
Function found (57nodes ):
	[-[ 0.3945895   0.5030191  -0.3531355  -1.09760733], -[ 0.3945895   0.5030191  -0.3531355  -1.09760733], -[ 0.3945895   0.5030191  -0.3531355  -1.09760733], -[ 0.3945895   0.5030191  -0.3531355  -1.09760733], 4.705, 4.668, -[ 0.3945895   0.5030191  -0.3531355  -1.09760733], -[ 0.3945895   0.5030191  -0.3531355  -1.09760733], -[ 0.3945895   0.5030191  -0.3531355  -1.09760733], 4.705, 4.668, 4.668, -[ 0.3945895   0.5030191  -0.3531355  -1.09760733], 4.705, +[-0.09020126 -0.67726408  0.97114319  0.58570346], x2, 4.705, -[ 0.3945895   0.5030191  -0.3531355  -1.09760733], -[ 0.3945895   0.5030191  -0.3531355  -1.09760733], 4.705, 4.249, -[ 0.3945895   0.5030191  -0.3531355  -1.09760733], 4.705, 4.705, -[ 0.3945895   0.5030191  -0.3531355  -1.09760733], -[ 0.3945895   0.5030191  -0.3531355  -1.09760733], -[ 0.3945895   0.5030191  -0.3531355  -1.09760733], -[ 0.3945895   0.5030191  -0.3531355  -1.09760733], 4.705, 4.705, -[ 0.3945895   0.5030191  -0.3531355  -1.09760733], 4.352, +[-0.09020126 -0.67726408  0.97114319  0.58570346], x2, 4.668, -[ 0.3945895   0.5030191  -0.3531355  -1.09760733], -[ 0.3945895   0.5030191  -0.3531355  -1.09760733], 4.705, 4.249, +[-0.09020126 -0.67726408  0.97114319  0.58570346], x2, 4.705, -[ 0.3945895   0.5030191  -0.3531355  -1.09760733], -[ 0.3945895   0.5030191  -0.3531355  -1.09760733], -[ 0.3945895   0.5030191  -0.3531355  -1.09760733], 4.705, 4.705, +[-0.09020126 -0.67726408  0.97114319  0.58570346], x2, 4.668, -[ 0.3945895   0.5030191  -0.3531355  -1.09760733], 4.352, -[ 0.3945895   0.5030191  -0.3531355  -1.09760733], 4.352, +[-0.09020126 -0.67726408  0.97114319  0.58570346], x2, 4.668]
Training
	MSE:27152.792
	Rsquared:-3.512
Test:
	MSE:28906.584
	Rsquared:-4.719
20.38248109817505