generations_elite-fitness_number-of-evaluations_time
0_27508.354_512_0.10845494270324707
1_27508.354_1024_0.40490269660949707
2_27409.651_1536_0.6594052314758301
3_27275.642_2048_0.9082520008087158
4_26106.616_2560_1.2422456741333008
5_26106.616_3072_1.5180244445800781
6_24873.909_3584_1.8953967094421387
7_24873.909_4096_2.3023204803466797
8_24064.219_4608_2.846879482269287
9_22952.747_5120_3.6832892894744873
10_21518.079_5632_4.609091520309448
11_20239.237_6144_5.8650062084198
12_19591.956_6656_7.389693975448608
13_18704.74_7168_9.21874213218689
14_16838.711_7680_11.51425313949585
15_15082.293_8192_14.646306037902832
16_14700.549_8702_18.505459308624268
17_14544.612_9211_23.487541913986206
Function found (71nodes ):
	[/[ 0.41597758 -0.17425604 -1.40282841  0.22986696], -[-1.06140324 -1.66318338 -0.26658226  0.64223555], -[-1.06140324 -1.66318338 -0.26658226  0.64223555], -[-1.06140324 -1.66318338 -0.26658226  0.64223555], -[-1.06140324 -1.66318338 -0.26658226  0.64223555], -[-1.06140324 -1.66318338 -0.26658226  0.64223555], -[-1.06140324 -1.66318338 -0.26658226  0.64223555], -[-1.06140324 -1.66318338 -0.26658226  0.64223555], -[-1.06140324 -1.66318338 -0.26658226  0.64223555], -[-1.06140324 -1.66318338 -0.26658226  0.64223555], -[-1.06140324 -1.66318338 -0.26658226  0.64223555], -[-1.06140324 -1.66318338 -0.26658226  0.64223555], -[-1.06140324 -1.66318338 -0.26658226  0.64223555], -[-1.06140324 -1.66318338 -0.26658226  0.64223555], -[-1.06140324 -1.66318338 -0.26658226  0.64223555], -[-1.06140324 -1.66318338 -0.26658226  0.64223555], -[-1.06140324 -1.66318338 -0.26658226  0.64223555], -[-1.06140324 -1.66318338 -0.26658226  0.64223555], -[-1.06140324 -1.66318338 -0.26658226  0.64223555], 4.905, -[-1.06140324 -1.66318338 -0.26658226  0.64223555], 4.905, -0.441, 2.87, -[-1.06140324 -1.66318338 -0.26658226  0.64223555], 4.905, -[-1.06140324 -1.66318338 -0.26658226  0.64223555], 4.905, -0.441, 2.87, -0.441, 2.87, -0.441, 4.998, -[-1.06140324 -1.66318338 -0.26658226  0.64223555], 4.905, -0.441, 2.87, -0.441, 2.87, -[-1.06140324 -1.66318338 -0.26658226  0.64223555], 4.905, -0.441, 2.87, -[-1.06140324 -1.66318338 -0.26658226  0.64223555], -[-1.06140324 -1.66318338 -0.26658226  0.64223555], -[-1.06140324 -1.66318338 -0.26658226  0.64223555], -[-1.06140324 -1.66318338 -0.26658226  0.64223555], -[-1.06140324 -1.66318338 -0.26658226  0.64223555], -[-1.06140324 -1.66318338 -0.26658226  0.64223555], 4.905, -[-1.06140324 -1.66318338 -0.26658226  0.64223555], 4.905, -0.441, -[-1.06140324 -1.66318338 -0.26658226  0.64223555], -[-1.06140324 -1.66318338 -0.26658226  0.64223555], 4.905, -[-1.06140324 -1.66318338 -0.26658226  0.64223555], 4.905, -0.441, x9, -0.441, 4.905, -[-1.06140324 -1.66318338 -0.26658226  0.64223555], 4.905, -0.441, 2.87, 2.87, -0.441, 4.998, x2]
Training
	MSE:14544.612
	Rsquared:-1.393
Test:
	MSE:9014.944
	Rsquared:-0.982
23.487730741500854