generations_elite-fitness_number-of-evaluations_time
0_27176.971_512_0.17453241348266602
1_27176.971_1536_0.6771886348724365
2_27176.971_2560_1.3204679489135742
3_27176.971_3584_1.8729894161224365
4_27075.847_4608_2.4334897994995117
5_27037.187_5632_2.8753085136413574
6_26994.031_6656_3.2872064113616943
7_26965.399_7680_3.727030038833618
8_26943.082_8704_4.340389728546143
9_26902.313_9728_5.1482298374176025
10_26875.422_10752_6.37095832824707
11_26844.163_11776_7.991625785827637
12_26820.152_12800_10.439077138900757
13_26802.672_13824_14.071362733840942
14_26794.992_14848_19.361212491989136
15_26780.034_15872_26.408363342285156
Function found (57nodes ):
	[-[ 0.3945895   0.5030191  -0.3531355  -1.09760733], -[ 0.3945895   0.5030191  -0.3531355  -1.09760733], -[ 0.3945895   0.5030191  -0.3531355  -1.09760733], -[ 0.3945895   0.5030191  -0.3531355  -1.09760733], -[ 0.3945895   0.5030191  -0.3531355  -1.09760733], -[ 0.3945895   0.5030191  -0.3531355  -1.09760733], 4.767, 4.767, 4.767, -[ 0.3945895   0.5030191  -0.3531355  -1.09760733], 4.767, 4.767, -[ 0.3945895   0.5030191  -0.3531355  -1.09760733], -[ 0.3945895   0.5030191  -0.3531355  -1.09760733], 4.391, 4.767, 4.767, -[ 0.3945895   0.5030191  -0.3531355  -1.09760733], -[ 0.3945895   0.5030191  -0.3531355  -1.09760733], -[ 0.3945895   0.5030191  -0.3531355  -1.09760733], 4.767, 4.391, -[ 0.3945895   0.5030191  -0.3531355  -1.09760733], -[ 0.3945895   0.5030191  -0.3531355  -1.09760733], -[ 0.3945895   0.5030191  -0.3531355  -1.09760733], 4.391, 4.391, 4.767, 4.767, -[ 0.3945895   0.5030191  -0.3531355  -1.09760733], -[ 0.3945895   0.5030191  -0.3531355  -1.09760733], -[ 0.3945895   0.5030191  -0.3531355  -1.09760733], 4.391, 4.767, -[ 0.3945895   0.5030191  -0.3531355  -1.09760733], 4.767, 4.767, -[ 0.3945895   0.5030191  -0.3531355  -1.09760733], -[ 0.3945895   0.5030191  -0.3531355  -1.09760733], 4.391, 4.767, 4.767, -[ 0.3945895   0.5030191  -0.3531355  -1.09760733], -[ 0.3945895   0.5030191  -0.3531355  -1.09760733], -[ 0.3945895   0.5030191  -0.3531355  -1.09760733], 4.391, 4.767, -[ 0.3945895   0.5030191  -0.3531355  -1.09760733], 4.767, 4.767, -[ 0.3945895   0.5030191  -0.3531355  -1.09760733], -[ 0.3945895   0.5030191  -0.3531355  -1.09760733], 4.767, 4.767, -[ 0.3945895   0.5030191  -0.3531355  -1.09760733], 4.767, 4.391]
Training
	MSE:26780.034
	Rsquared:-3.568
Test:
	MSE:32136.409
	Rsquared:-4.1
26.408363342285156