generations_elite-fitness_number-of-evaluations_time
0_27685.715_512_0.17752623558044434
1_27685.715_1536_0.9285178184509277
2_27685.715_2560_1.6256508827209473
3_27685.715_3584_2.3407411575317383
4_27655.193_4608_2.8154690265655518
5_27575.08_5632_3.1984453201293945
6_27553.592_6656_3.807816743850708
7_27542.839_7680_4.6495630741119385
8_27492.498_8704_5.581072807312012
9_27470.155_9728_7.030195951461792
10_27456.579_10752_8.946071863174438
11_27429.048_11776_11.592991828918457
12_27420.221_12800_15.297084093093872
13_27401.141_13824_19.845916986465454
14_27389.975_14848_26.1709988117218
Function found (77nodes ):
	[-[ 0.3945895   0.5030191  -0.3531355  -1.09760733], -[ 0.3945895   0.5030191  -0.3531355  -1.09760733], -[ 0.3945895   0.5030191  -0.3531355  -1.09760733], -[ 0.3945895   0.5030191  -0.3531355  -1.09760733], -[ 0.3945895   0.5030191  -0.3531355  -1.09760733], +[-0.09020126 -0.67726408  0.97114319  0.58570346], x8, 4.962, 4.962, 4.962, -[ 0.3945895   0.5030191  -0.3531355  -1.09760733], -[ 0.3945895   0.5030191  -0.3531355  -1.09760733], 4.962, 4.962, 4.962, -[ 0.3945895   0.5030191  -0.3531355  -1.09760733], -[ 0.3945895   0.5030191  -0.3531355  -1.09760733], -[ 0.3945895   0.5030191  -0.3531355  -1.09760733], 4.962, 4.962, 4.962, -[ 0.3945895   0.5030191  -0.3531355  -1.09760733], -[ 0.3945895   0.5030191  -0.3531355  -1.09760733], 4.962, 4.962, -[ 0.3945895   0.5030191  -0.3531355  -1.09760733], -[ 0.3945895   0.5030191  -0.3531355  -1.09760733], 4.962, -[ 0.3945895   0.5030191  -0.3531355  -1.09760733], 4.962, 4.962, 4.962, -[ 0.3945895   0.5030191  -0.3531355  -1.09760733], -[ 0.3945895   0.5030191  -0.3531355  -1.09760733], -[ 0.3945895   0.5030191  -0.3531355  -1.09760733], -[ 0.3945895   0.5030191  -0.3531355  -1.09760733], 4.962, 4.962, -[ 0.3945895   0.5030191  -0.3531355  -1.09760733], 4.962, 4.962, -[ 0.3945895   0.5030191  -0.3531355  -1.09760733], -[ 0.3945895   0.5030191  -0.3531355  -1.09760733], -[ 0.3945895   0.5030191  -0.3531355  -1.09760733], -[ 0.3945895   0.5030191  -0.3531355  -1.09760733], -[ 0.3945895   0.5030191  -0.3531355  -1.09760733], +[-0.09020126 -0.67726408  0.97114319  0.58570346], x8, 4.478, 4.962, 4.962, -[ 0.3945895   0.5030191  -0.3531355  -1.09760733], -[ 0.3945895   0.5030191  -0.3531355  -1.09760733], -[ 0.3945895   0.5030191  -0.3531355  -1.09760733], 4.962, 4.962, 4.962, 4.962, -[ 0.3945895   0.5030191  -0.3531355  -1.09760733], -[ 0.3945895   0.5030191  -0.3531355  -1.09760733], 4.478, 4.962, 4.962, 4.962, -[ 0.3945895   0.5030191  -0.3531355  -1.09760733], 4.962, -[ 0.3945895   0.5030191  -0.3531355  -1.09760733], -[ 0.3945895   0.5030191  -0.3531355  -1.09760733], +[-0.09020126 -0.67726408  0.97114319  0.58570346], x8, 4.478, 4.962, -[ 0.3945895   0.5030191  -0.3531355  -1.09760733], -[ 0.3945895   0.5030191  -0.3531355  -1.09760733], 4.962, 4.962, 4.962]
Training
	MSE:27389.975
	Rsquared:-3.527
Test:
	MSE:26420.068
	Rsquared:-4.463
26.1709988117218