generations_elite-fitness_number-of-evaluations_time
0_27929.066_512_0.18051671981811523
1_27929.066_1536_0.7270734310150146
2_27887.777_2560_1.38629150390625
3_27871.52_3584_2.0455286502838135
4_27799.157_4608_2.5112836360931396
5_27782.908_5632_3.2074220180511475
6_27753.734_6656_3.7429890632629395
7_27704.658_7680_4.468049049377441
8_27688.382_8704_5.4753711223602295
9_27658.954_9728_6.984318256378174
10_27638.284_10752_9.00491452217102
11_27627.339_11776_11.866261720657349
12_27592.226_12800_15.853614807128906
13_27586.82_13824_21.30401849746704
Function found (55nodes ):
	[-[ 0.3945895   0.5030191  -0.3531355  -1.09760733], -[ 0.3945895   0.5030191  -0.3531355  -1.09760733], -[ 0.3945895   0.5030191  -0.3531355  -1.09760733], -[ 0.3945895   0.5030191  -0.3531355  -1.09760733], 4.943, 4.943, -[ 0.3945895   0.5030191  -0.3531355  -1.09760733], 4.943, 4.943, -[ 0.3945895   0.5030191  -0.3531355  -1.09760733], -[ 0.3945895   0.5030191  -0.3531355  -1.09760733], -[ 0.3945895   0.5030191  -0.3531355  -1.09760733], 4.943, 4.943, -[ 0.3945895   0.5030191  -0.3531355  -1.09760733], 4.804, -[ 0.3945895   0.5030191  -0.3531355  -1.09760733], -[ 0.3945895   0.5030191  -0.3531355  -1.09760733], 4.252, 4.943, -[ 0.3945895   0.5030191  -0.3531355  -1.09760733], -[ 0.3945895   0.5030191  -0.3531355  -1.09760733], 4.804, 4.804, 4.943, -[ 0.3945895   0.5030191  -0.3531355  -1.09760733], -[ 0.3945895   0.5030191  -0.3531355  -1.09760733], 4.943, 4.943, -[ 0.3945895   0.5030191  -0.3531355  -1.09760733], 4.943, 4.943, -[ 0.3945895   0.5030191  -0.3531355  -1.09760733], -[ 0.3945895   0.5030191  -0.3531355  -1.09760733], -[ 0.3945895   0.5030191  -0.3531355  -1.09760733], -[ 0.3945895   0.5030191  -0.3531355  -1.09760733], 4.943, 4.943, -[ 0.3945895   0.5030191  -0.3531355  -1.09760733], -[ 0.3945895   0.5030191  -0.3531355  -1.09760733], 4.804, 4.804, 4.943, -[ 0.3945895   0.5030191  -0.3531355  -1.09760733], -[ 0.3945895   0.5030191  -0.3531355  -1.09760733], 4.943, 4.943, 4.943, -[ 0.3945895   0.5030191  -0.3531355  -1.09760733], -[ 0.3945895   0.5030191  -0.3531355  -1.09760733], 4.943, 4.943, -[ 0.3945895   0.5030191  -0.3531355  -1.09760733], 4.943, 4.943]
Training
	MSE:27586.82
	Rsquared:-3.716
Test:
	MSE:24670.742
	Rsquared:-2.791
21.30401849746704