generations_elite-fitness_number-of-evaluations_time
0_27716.103_512_0.16057038307189941
1_27716.103_1536_0.8616952896118164
2_27716.103_2560_1.519934892654419
3_27603.525_3584_2.0435333251953125
4_27580.617_4608_2.4115495681762695
5_27572.048_5632_2.920210599899292
6_27530.472_6656_3.8187854290008545
7_27475.035_7680_4.888923406600952
8_27451.428_8704_6.2373175621032715
9_27437.698_9728_8.178126096725464
10_27402.947_10752_10.999581813812256
11_27393.77_11776_15.038774967193604
12_27375.001_12800_20.704620122909546
Function found (67nodes ):
	[-[ 0.3945895   0.5030191  -0.3531355  -1.09760733], -[ 0.3945895   0.5030191  -0.3531355  -1.09760733], -[ 0.3945895   0.5030191  -0.3531355  -1.09760733], -[ 0.3945895   0.5030191  -0.3531355  -1.09760733], 4.673, -[ 0.3945895   0.5030191  -0.3531355  -1.09760733], 4.673, -[ 0.3945895   0.5030191  -0.3531355  -1.09760733], 4.485, 4.673, -[ 0.3945895   0.5030191  -0.3531355  -1.09760733], 4.869, -[ 0.3945895   0.5030191  -0.3531355  -1.09760733], 4.869, -[ 0.3945895   0.5030191  -0.3531355  -1.09760733], 4.673, 4.426, -[ 0.3945895   0.5030191  -0.3531355  -1.09760733], -[ 0.3945895   0.5030191  -0.3531355  -1.09760733], -[ 0.3945895   0.5030191  -0.3531355  -1.09760733], -[ 0.3945895   0.5030191  -0.3531355  -1.09760733], 4.723, -[ 0.3945895   0.5030191  -0.3531355  -1.09760733], 4.869, 4.673, -[ 0.3945895   0.5030191  -0.3531355  -1.09760733], 4.869, 4.673, 4.869, 4.723, -[ 0.3945895   0.5030191  -0.3531355  -1.09760733], -[ 0.3945895   0.5030191  -0.3531355  -1.09760733], -[ 0.3945895   0.5030191  -0.3531355  -1.09760733], -[ 0.3945895   0.5030191  -0.3531355  -1.09760733], 4.869, -[ 0.3945895   0.5030191  -0.3531355  -1.09760733], 4.869, 4.673, 4.723, 4.485, -[ 0.3945895   0.5030191  -0.3531355  -1.09760733], -[ 0.3945895   0.5030191  -0.3531355  -1.09760733], -[ 0.3945895   0.5030191  -0.3531355  -1.09760733], -[ 0.3945895   0.5030191  -0.3531355  -1.09760733], 4.869, 4.869, 4.723, -[ 0.3945895   0.5030191  -0.3531355  -1.09760733], -[ 0.3945895   0.5030191  -0.3531355  -1.09760733], 4.673, 4.869, -[ 0.3945895   0.5030191  -0.3531355  -1.09760733], -[ 0.3945895   0.5030191  -0.3531355  -1.09760733], 4.869, 4.485, -[ 0.3945895   0.5030191  -0.3531355  -1.09760733], 4.869, 4.673, -[ 0.3945895   0.5030191  -0.3531355  -1.09760733], -[ 0.3945895   0.5030191  -0.3531355  -1.09760733], 4.869, -[ 0.3945895   0.5030191  -0.3531355  -1.09760733], 4.869, 4.723, -[ 0.3945895   0.5030191  -0.3531355  -1.09760733], 4.723, 4.485]
Training
	MSE:27375.001
	Rsquared:-3.543
Test:
	MSE:26805.651
	Rsquared:-4.295
20.705617904663086