generations_elite-fitness_number-of-evaluations_time
0_28087.863_512_0.14162397384643555
1_28087.863_1536_0.6891567707061768
2_28087.863_2560_1.6675567626953125
3_27937.126_3584_2.2529735565185547
4_27932.464_4608_2.6469202041625977
5_27884.02_5632_3.1226468086242676
6_27818.463_6656_3.864663600921631
7_27783.183_7680_5.005610942840576
8_27737.161_8704_6.499614953994751
9_27707.413_9728_8.699730157852173
10_27691.028_10752_11.81240463256836
11_27668.414_11776_16.352262258529663
12_27634.143_12800_22.407090187072754
Function found (69nodes ):
	[-[ 0.3945895   0.5030191  -0.3531355  -1.09760733], -[ 0.3945895   0.5030191  -0.3531355  -1.09760733], -[ 0.3945895   0.5030191  -0.3531355  -1.09760733], -[ 0.3945895   0.5030191  -0.3531355  -1.09760733], -[ 0.3945895   0.5030191  -0.3531355  -1.09760733], -[ 0.3945895   0.5030191  -0.3531355  -1.09760733], 4.223, 4.263, -[ 0.3945895   0.5030191  -0.3531355  -1.09760733], 4.223, 4.64, -[ 0.3945895   0.5030191  -0.3531355  -1.09760733], 4.223, -[ 0.3945895   0.5030191  -0.3531355  -1.09760733], 4.223, 4.263, -[ 0.3945895   0.5030191  -0.3531355  -1.09760733], -[ 0.3945895   0.5030191  -0.3531355  -1.09760733], 4.263, 4.263, 4.263, -[ 0.3945895   0.5030191  -0.3531355  -1.09760733], -[ 0.3945895   0.5030191  -0.3531355  -1.09760733], 4.223, 4.263, -[ 0.3945895   0.5030191  -0.3531355  -1.09760733], 4.223, -[ 0.3945895   0.5030191  -0.3531355  -1.09760733], 4.223, 4.263, -[ 0.3945895   0.5030191  -0.3531355  -1.09760733], -[ 0.3945895   0.5030191  -0.3531355  -1.09760733], -[ 0.3945895   0.5030191  -0.3531355  -1.09760733], -[ 0.3945895   0.5030191  -0.3531355  -1.09760733], -[ 0.3945895   0.5030191  -0.3531355  -1.09760733], 4.223, 4.263, 4.263, 4.263, -[ 0.3945895   0.5030191  -0.3531355  -1.09760733], 4.263, -[ 0.3945895   0.5030191  -0.3531355  -1.09760733], -[ 0.3945895   0.5030191  -0.3531355  -1.09760733], 4.223, -[ 0.3945895   0.5030191  -0.3531355  -1.09760733], 4.263, 4.263, -[ 0.3945895   0.5030191  -0.3531355  -1.09760733], 4.223, 4.263, -[ 0.3945895   0.5030191  -0.3531355  -1.09760733], -[ 0.3945895   0.5030191  -0.3531355  -1.09760733], 4.263, -[ 0.3945895   0.5030191  -0.3531355  -1.09760733], -[ 0.3945895   0.5030191  -0.3531355  -1.09760733], -[ 0.3945895   0.5030191  -0.3531355  -1.09760733], 4.223, 3.418, 4.263, -[ 0.3945895   0.5030191  -0.3531355  -1.09760733], -[ 0.3945895   0.5030191  -0.3531355  -1.09760733], 4.223, 4.263, -[ 0.3945895   0.5030191  -0.3531355  -1.09760733], 4.223, 4.263, -[ 0.3945895   0.5030191  -0.3531355  -1.09760733], 4.223, 4.263]
Training
	MSE:27634.143
	Rsquared:-3.515
Test:
	MSE:24708.426
	Rsquared:-4.898
22.408064126968384