generations_elite-fitness_number-of-evaluations_time
0_27594.509_512_0.11040759086608887
1_27552.913_1024_0.728032112121582
2_26637.172_1536_0.9607143402099609
3_26367.824_2048_1.235447883605957
4_23552.672_2560_1.5443432331085205
5_22045.215_3072_2.0078179836273193
6_20042.288_3584_2.5840542316436768
7_14983.193_4096_3.394664764404297
8_6653.093_4608_4.376614809036255
9_5632.435_5120_5.809520959854126
10_5358.898_5632_7.632147789001465
11_5022.843_6144_9.890036344528198
12_5018.661_6656_12.880234718322754
13_5018.661_7168_16.842612743377686
14_5015.164_7679_22.09461808204651
Function found (61nodes ):
	[*[-0.15110135 -1.74308615 -0.73301158  0.60315108], *[-0.15110135 -1.74308615 -0.73301158  0.60315108], *[-0.15110135 -1.74308615 -0.73301158  0.60315108], /[ 0.41597758 -0.17425604 -1.40282841  0.22986696], *[-0.15110135 -1.74308615 -0.73301158  0.60315108], *[-0.15110135 -1.74308615 -0.73301158  0.60315108], *[-0.15110135 -1.74308615 -0.73301158  0.60315108], *[-0.15110135 -1.74308615 -0.73301158  0.60315108], *[-0.15110135 -1.74308615 -0.73301158  0.60315108], 1.341, *[-0.15110135 -1.74308615 -0.73301158  0.60315108], *[-0.15110135 -1.74308615 -0.73301158  0.60315108], 4.918, 4.797, 4.797, *[-0.15110135 -1.74308615 -0.73301158  0.60315108], *[-0.15110135 -1.74308615 -0.73301158  0.60315108], x5, 4.797, *[-0.15110135 -1.74308615 -0.73301158  0.60315108], *[-0.15110135 -1.74308615 -0.73301158  0.60315108], 1.341, *[-0.15110135 -1.74308615 -0.73301158  0.60315108], *[-0.15110135 -1.74308615 -0.73301158  0.60315108], 4.938, 4.797, *[-0.15110135 -1.74308615 -0.73301158  0.60315108], 4.797, 4.797, *[-0.15110135 -1.74308615 -0.73301158  0.60315108], 4.797, *[-0.15110135 -1.74308615 -0.73301158  0.60315108], 4.797, 4.797, 4.797, 4.797, 4.797, x8, *[-0.15110135 -1.74308615 -0.73301158  0.60315108], *[-0.15110135 -1.74308615 -0.73301158  0.60315108], x5, 4.797, 4.797, *[-0.15110135 -1.74308615 -0.73301158  0.60315108], *[-0.15110135 -1.74308615 -0.73301158  0.60315108], 4.918, 4.797, 4.797, *[-0.15110135 -1.74308615 -0.73301158  0.60315108], *[-0.15110135 -1.74308615 -0.73301158  0.60315108], x5, 4.797, *[-0.15110135 -1.74308615 -0.73301158  0.60315108], 1.341, *[-0.15110135 -1.74308615 -0.73301158  0.60315108], 4.797, *[-0.15110135 -1.74308615 -0.73301158  0.60315108], *[-0.15110135 -1.74308615 -0.73301158  0.60315108], x5, 4.797, 4.797]
Training
	MSE:5015.164
	Rsquared:0.164
Test:
	MSE:3964.739
	Rsquared:0.256
22.094769716262817