generations_elite-fitness_number-of-evaluations_time
0_27054.462_512_0.16656255722045898
1_26956.648_1536_0.6741960048675537
2_26956.648_2560_1.300520658493042
3_26841.483_3584_1.856034755706787
4_26816.276_4608_2.4833569526672363
5_26770.947_5632_3.0119431018829346
6_26730.421_6656_3.8038251399993896
7_26683.922_7680_4.868975877761841
8_26639.607_8704_6.428818702697754
9_26618.861_9728_8.59501028060913
10_26592.752_10752_11.560079336166382
11_26578.033_11776_17.259832859039307
12_26552.148_12800_25.65538001060486
Function found (89nodes ):
	[-[ 0.3945895   0.5030191  -0.3531355  -1.09760733], -[ 0.3945895   0.5030191  -0.3531355  -1.09760733], -[ 0.3945895   0.5030191  -0.3531355  -1.09760733], -[ 0.3945895   0.5030191  -0.3531355  -1.09760733], -[ 0.3945895   0.5030191  -0.3531355  -1.09760733], -[ 0.3945895   0.5030191  -0.3531355  -1.09760733], 4.428, 4.428, -[ 0.3945895   0.5030191  -0.3531355  -1.09760733], -[ 0.3945895   0.5030191  -0.3531355  -1.09760733], 4.428, 3.856, -[ 0.3945895   0.5030191  -0.3531355  -1.09760733], 4.428, 4.428, -[ 0.3945895   0.5030191  -0.3531355  -1.09760733], -[ 0.3945895   0.5030191  -0.3531355  -1.09760733], 4.428, 4.428, 4.428, -[ 0.3945895   0.5030191  -0.3531355  -1.09760733], -[ 0.3945895   0.5030191  -0.3531355  -1.09760733], 4.428, 3.856, -[ 0.3945895   0.5030191  -0.3531355  -1.09760733], 4.428, 4.428, -[ 0.3945895   0.5030191  -0.3531355  -1.09760733], 4.428, -[ 0.3945895   0.5030191  -0.3531355  -1.09760733], -[ 0.3945895   0.5030191  -0.3531355  -1.09760733], +[-0.09020126 -0.67726408  0.97114319  0.58570346], x3, 4.428, 4.428, -[ 0.3945895   0.5030191  -0.3531355  -1.09760733], -[ 0.3945895   0.5030191  -0.3531355  -1.09760733], -[ 0.3945895   0.5030191  -0.3531355  -1.09760733], 4.428, 4.428, 4.428, 4.428, -[ 0.3945895   0.5030191  -0.3531355  -1.09760733], -[ 0.3945895   0.5030191  -0.3531355  -1.09760733], -[ 0.3945895   0.5030191  -0.3531355  -1.09760733], -[ 0.3945895   0.5030191  -0.3531355  -1.09760733], -[ 0.3945895   0.5030191  -0.3531355  -1.09760733], -[ 0.3945895   0.5030191  -0.3531355  -1.09760733], 4.428, 4.428, -[ 0.3945895   0.5030191  -0.3531355  -1.09760733], -[ 0.3945895   0.5030191  -0.3531355  -1.09760733], 4.428, 3.856, -[ 0.3945895   0.5030191  -0.3531355  -1.09760733], 4.428, 4.428, -[ 0.3945895   0.5030191  -0.3531355  -1.09760733], -[ 0.3945895   0.5030191  -0.3531355  -1.09760733], 4.428, 4.428, 4.428, -[ 0.3945895   0.5030191  -0.3531355  -1.09760733], -[ 0.3945895   0.5030191  -0.3531355  -1.09760733], 4.428, 3.856, -[ 0.3945895   0.5030191  -0.3531355  -1.09760733], 4.428, 4.428, -[ 0.3945895   0.5030191  -0.3531355  -1.09760733], 4.428, -[ 0.3945895   0.5030191  -0.3531355  -1.09760733], -[ 0.3945895   0.5030191  -0.3531355  -1.09760733], +[-0.09020126 -0.67726408  0.97114319  0.58570346], x3, 4.428, 4.428, -[ 0.3945895   0.5030191  -0.3531355  -1.09760733], -[ 0.3945895   0.5030191  -0.3531355  -1.09760733], -[ 0.3945895   0.5030191  -0.3531355  -1.09760733], 4.428, 4.428, 4.428, 4.428, -[ 0.3945895   0.5030191  -0.3531355  -1.09760733], -[ 0.3945895   0.5030191  -0.3531355  -1.09760733], 4.428, 4.428, 4.428]
Training
	MSE:26552.148
	Rsquared:-3.563
Test:
	MSE:34424.465
	Rsquared:-4.34
25.678318977355957