generations_elite-fitness_number-of-evaluations_time
0_27552.883_512_0.16156792640686035
1_27552.883_1536_0.7120954990386963
2_27551.706_2560_1.344404935836792
3_27435.308_3584_1.9158759117126465
4_27415.021_4608_2.4923338890075684
5_27397.557_5632_3.042860507965088
6_27370.787_6656_3.8327484130859375
7_27318.438_7680_4.8420515060424805
8_27299.697_8704_6.412848234176636
9_27277.185_9728_8.49029016494751
10_27260.726_10752_11.302767992019653
11_27242.773_11776_15.256193399429321
12_27217.49_12800_20.7624671459198
Function found (65nodes ):
	[-[ 0.3945895   0.5030191  -0.3531355  -1.09760733], -[ 0.3945895   0.5030191  -0.3531355  -1.09760733], -[ 0.3945895   0.5030191  -0.3531355  -1.09760733], -[ 0.3945895   0.5030191  -0.3531355  -1.09760733], -[ 0.3945895   0.5030191  -0.3531355  -1.09760733], -[ 0.3945895   0.5030191  -0.3531355  -1.09760733], 4.769, 4.765, -[ 0.3945895   0.5030191  -0.3531355  -1.09760733], 4.769, -[ 0.3945895   0.5030191  -0.3531355  -1.09760733], -[ 0.3945895   0.5030191  -0.3531355  -1.09760733], -[ 0.3945895   0.5030191  -0.3531355  -1.09760733], 4.769, -[ 0.3945895   0.5030191  -0.3531355  -1.09760733], 4.372, 4.769, -[ 0.3945895   0.5030191  -0.3531355  -1.09760733], 4.769, 4.143, 4.769, 4.769, -[ 0.3945895   0.5030191  -0.3531355  -1.09760733], -[ 0.3945895   0.5030191  -0.3531355  -1.09760733], -[ 0.3945895   0.5030191  -0.3531355  -1.09760733], 4.769, 4.765, 4.765, -[ 0.3945895   0.5030191  -0.3531355  -1.09760733], -[ 0.3945895   0.5030191  -0.3531355  -1.09760733], 4.372, 4.573, 4.769, -[ 0.3945895   0.5030191  -0.3531355  -1.09760733], -[ 0.3945895   0.5030191  -0.3531355  -1.09760733], -[ 0.3945895   0.5030191  -0.3531355  -1.09760733], 4.372, 4.573, -[ 0.3945895   0.5030191  -0.3531355  -1.09760733], 4.769, 4.765, -[ 0.3945895   0.5030191  -0.3531355  -1.09760733], 4.765, 4.769, -[ 0.3945895   0.5030191  -0.3531355  -1.09760733], -[ 0.3945895   0.5030191  -0.3531355  -1.09760733], -[ 0.3945895   0.5030191  -0.3531355  -1.09760733], -[ 0.3945895   0.5030191  -0.3531355  -1.09760733], 4.769, 4.765, -[ 0.3945895   0.5030191  -0.3531355  -1.09760733], 4.769, 4.143, 4.765, -[ 0.3945895   0.5030191  -0.3531355  -1.09760733], -[ 0.3945895   0.5030191  -0.3531355  -1.09760733], 4.765, -[ 0.3945895   0.5030191  -0.3531355  -1.09760733], 4.769, 4.765, -[ 0.3945895   0.5030191  -0.3531355  -1.09760733], -[ 0.3945895   0.5030191  -0.3531355  -1.09760733], 4.769, 4.765, 4.765]
Training
	MSE:27217.49
	Rsquared:-3.608
Test:
	MSE:28139.982
	Rsquared:-3.59
20.76346254348755