generations_elite-fitness_number-of-evaluations_time
0_28061.841_512_0.1685490608215332
1_28061.841_1536_0.6741969585418701
2_28061.841_2560_1.3483929634094238
3_28061.841_3584_2.1253161430358887
4_28061.841_4608_2.5860824584960938
5_27962.03_5632_2.906226396560669
6_27939.14_6656_3.294189453125
7_27905.036_7680_3.929489850997925
8_27871.72_8704_5.047499179840088
9_27841.419_9728_6.593364000320435
10_27818.464_10752_8.892215013504028
11_27806.814_11776_12.250234127044678
12_27785.723_12800_17.071337938308716
13_27782.223_13824_23.357524394989014
Function found (63nodes ):
	[-[ 0.3945895   0.5030191  -0.3531355  -1.09760733], -[ 0.3945895   0.5030191  -0.3531355  -1.09760733], -[ 0.3945895   0.5030191  -0.3531355  -1.09760733], -[ 0.3945895   0.5030191  -0.3531355  -1.09760733], -[ 0.3945895   0.5030191  -0.3531355  -1.09760733], 4.542, 4.502, 4.994, 4.994, -[ 0.3945895   0.5030191  -0.3531355  -1.09760733], -[ 0.3945895   0.5030191  -0.3531355  -1.09760733], -[ 0.3945895   0.5030191  -0.3531355  -1.09760733], -[ 0.3945895   0.5030191  -0.3531355  -1.09760733], 4.542, 4.502, 4.994, -[ 0.3945895   0.5030191  -0.3531355  -1.09760733], -[ 0.3945895   0.5030191  -0.3531355  -1.09760733], 4.502, 4.994, 4.994, -[ 0.3945895   0.5030191  -0.3531355  -1.09760733], -[ 0.3945895   0.5030191  -0.3531355  -1.09760733], 4.994, -[ 0.3945895   0.5030191  -0.3531355  -1.09760733], 4.994, 4.994, 4.994, -[ 0.3945895   0.5030191  -0.3531355  -1.09760733], -[ 0.3945895   0.5030191  -0.3531355  -1.09760733], 4.994, -[ 0.3945895   0.5030191  -0.3531355  -1.09760733], 4.994, -[ 0.3945895   0.5030191  -0.3531355  -1.09760733], -[ 0.3945895   0.5030191  -0.3531355  -1.09760733], -[ 0.3945895   0.5030191  -0.3531355  -1.09760733], 4.502, 4.994, 4.994, 4.994, -[ 0.3945895   0.5030191  -0.3531355  -1.09760733], -[ 0.3945895   0.5030191  -0.3531355  -1.09760733], -[ 0.3945895   0.5030191  -0.3531355  -1.09760733], -[ 0.3945895   0.5030191  -0.3531355  -1.09760733], 4.542, 4.502, 4.994, -[ 0.3945895   0.5030191  -0.3531355  -1.09760733], -[ 0.3945895   0.5030191  -0.3531355  -1.09760733], 4.502, 4.994, 4.994, -[ 0.3945895   0.5030191  -0.3531355  -1.09760733], 4.994, -[ 0.3945895   0.5030191  -0.3531355  -1.09760733], -[ 0.3945895   0.5030191  -0.3531355  -1.09760733], 4.542, -[ 0.3945895   0.5030191  -0.3531355  -1.09760733], 4.994, -[ 0.3945895   0.5030191  -0.3531355  -1.09760733], 4.994, 4.502, 4.994]
Training
	MSE:27782.223
	Rsquared:-3.638
Test:
	MSE:22968.101
	Rsquared:-3.415
23.358521938323975