generations_elite-fitness_number-of-evaluations_time
0_27775.717_512_0.19447922706604004
1_27698.393_1536_1.046201467514038
2_27526.894_2560_1.679506540298462
3_27487.161_3584_2.2469890117645264
4_27483.009_4608_2.7247118949890137
5_27422.386_5632_3.332087516784668
6_27390.071_6656_4.136932611465454
7_27340.054_7680_5.118309736251831
8_27309.982_8704_6.521568775177002
9_27289.904_9728_8.514226198196411
10_27255.527_10752_11.393524408340454
11_27252.776_11776_15.450672388076782
12_27239.126_12800_20.755483150482178
Function found (47nodes ):
	[-[ 0.3945895   0.5030191  -0.3531355  -1.09760733], -[ 0.3945895   0.5030191  -0.3531355  -1.09760733], -[ 0.3945895   0.5030191  -0.3531355  -1.09760733], -[ 0.3945895   0.5030191  -0.3531355  -1.09760733], 4.895, -[ 0.3945895   0.5030191  -0.3531355  -1.09760733], 4.895, 3.981, -[ 0.3945895   0.5030191  -0.3531355  -1.09760733], 4.931, 4.895, -[ 0.3945895   0.5030191  -0.3531355  -1.09760733], -[ 0.3945895   0.5030191  -0.3531355  -1.09760733], 4.895, -[ 0.3945895   0.5030191  -0.3531355  -1.09760733], 4.895, 4.895, -[ 0.3945895   0.5030191  -0.3531355  -1.09760733], 4.895, -[ 0.3945895   0.5030191  -0.3531355  -1.09760733], 4.895, 4.895, -[ 0.3945895   0.5030191  -0.3531355  -1.09760733], -[ 0.3945895   0.5030191  -0.3531355  -1.09760733], -[ 0.3945895   0.5030191  -0.3531355  -1.09760733], -[ 0.3945895   0.5030191  -0.3531355  -1.09760733], 4.895, 4.895, -[ 0.3945895   0.5030191  -0.3531355  -1.09760733], -[ 0.3945895   0.5030191  -0.3531355  -1.09760733], 4.895, 4.931, -[ 0.3945895   0.5030191  -0.3531355  -1.09760733], 4.895, 4.931, -[ 0.3945895   0.5030191  -0.3531355  -1.09760733], 4.895, -[ 0.3945895   0.5030191  -0.3531355  -1.09760733], 4.895, -[ 0.3945895   0.5030191  -0.3531355  -1.09760733], 4.895, 4.895, -[ 0.3945895   0.5030191  -0.3531355  -1.09760733], 4.895, -[ 0.3945895   0.5030191  -0.3531355  -1.09760733], 4.895, 4.895]
Training
	MSE:27239.126
	Rsquared:-3.446
Test:
	MSE:27939.862
	Rsquared:-5.861
20.755483150482178