generations_elite-fitness_number-of-evaluations_time
0_27864.564_512_0.15558481216430664
1_27827.601_1536_1.0063085556030273
2_27827.601_2560_1.5867557525634766
3_27734.968_3584_2.14825439453125
4_27719.035_4608_2.6080238819122314
5_27686.382_5632_3.2513043880462646
6_27644.309_6656_4.224699974060059
7_27625.171_7680_5.398561000823975
8_27592.117_8704_6.956393480300903
9_27561.623_9728_9.044808626174927
10_27559.27_10752_11.856286764144897
11_27547.944_11776_15.748876333236694
12_27532.865_12800_21.25614619255066
Function found (59nodes ):
	[-[ 0.3945895   0.5030191  -0.3531355  -1.09760733], -[ 0.3945895   0.5030191  -0.3531355  -1.09760733], -[ 0.3945895   0.5030191  -0.3531355  -1.09760733], -[ 0.3945895   0.5030191  -0.3531355  -1.09760733], 4.887, 4.734, -[ 0.3945895   0.5030191  -0.3531355  -1.09760733], 4.887, 4.887, -[ 0.3945895   0.5030191  -0.3531355  -1.09760733], -[ 0.3945895   0.5030191  -0.3531355  -1.09760733], 4.887, 4.887, -[ 0.3945895   0.5030191  -0.3531355  -1.09760733], -[ 0.3945895   0.5030191  -0.3531355  -1.09760733], 4.887, 4.734, 4.887, -[ 0.3945895   0.5030191  -0.3531355  -1.09760733], -[ 0.3945895   0.5030191  -0.3531355  -1.09760733], 4.887, 4.887, -[ 0.3945895   0.5030191  -0.3531355  -1.09760733], -[ 0.3945895   0.5030191  -0.3531355  -1.09760733], -[ 0.3945895   0.5030191  -0.3531355  -1.09760733], 4.887, 4.887, -[ 0.3945895   0.5030191  -0.3531355  -1.09760733], 4.887, 4.887, -[ 0.3945895   0.5030191  -0.3531355  -1.09760733], -[ 0.3945895   0.5030191  -0.3531355  -1.09760733], 4.715, -[ 0.3945895   0.5030191  -0.3531355  -1.09760733], -[ 0.3945895   0.5030191  -0.3531355  -1.09760733], -[ 0.3945895   0.5030191  -0.3531355  -1.09760733], 4.887, 4.734, -[ 0.3945895   0.5030191  -0.3531355  -1.09760733], -[ 0.3945895   0.5030191  -0.3531355  -1.09760733], 4.887, 4.887, 4.734, -[ 0.3945895   0.5030191  -0.3531355  -1.09760733], 4.887, 4.887, -[ 0.3945895   0.5030191  -0.3531355  -1.09760733], -[ 0.3945895   0.5030191  -0.3531355  -1.09760733], 4.887, +[-0.09020126 -0.67726408  0.97114319  0.58570346], x0, -[ 0.3945895   0.5030191  -0.3531355  -1.09760733], 4.734, 4.887, -[ 0.3945895   0.5030191  -0.3531355  -1.09760733], 4.887, -[ 0.3945895   0.5030191  -0.3531355  -1.09760733], 4.715, 4.734]
Training
	MSE:27532.865
	Rsquared:-3.6
Test:
	MSE:25372.05
	Rsquared:-3.703
21.25614619255066