generations_elite-fitness_number-of-evaluations_time
0_28095.444_512_0.2625274658203125
1_28095.444_1024_0.5710382461547852
2_28095.444_1536_0.832054615020752
3_27044.178_2048_1.1735548973083496
4_26658.075_2560_1.363196611404419
5_26605.772_3072_1.615732192993164
6_25724.512_3584_2.0661048889160156
7_23936.366_4096_2.7254300117492676
8_21112.67_4608_3.7000362873077393
9_18310.059_5120_5.017519474029541
10_15647.291_5632_6.720462322235107
11_9971.197_6144_8.890862941741943
12_6233.107_6656_11.997117757797241
13_6070.483_7168_16.154374361038208
14_6070.483_7655_21.897538423538208
Function found (89nodes ):
	[-[-1.16843731 -1.6327626  -0.25167608  0.61181477], -[-1.06177885 -1.69547209 -0.41201063  0.67452426], -[-1.16843731 -1.6327626  -0.25167608  0.61181477], -[-1.06177885 -1.69547209 -0.41201063  0.67452426], -[-1.16843731 -1.6327626  -0.25167608  0.61181477], -[-1.06177885 -1.69547209 -0.41201063  0.67452426], -[-1.16843731 -1.6327626  -0.25167608  0.61181477], -[-1.06177885 -1.69547209 -0.41201063  0.67452426], -[-1.16843731 -1.6327626  -0.25167608  0.61181477], -[-1.06177885 -1.69547209 -0.41201063  0.67452426], -[-1.16843731 -1.6327626  -0.25167608  0.61181477], -[-1.06177885 -1.69547209 -0.41201063  0.67452426], -[-1.16843731 -1.6327626  -0.25167608  0.61181477], -[-1.06177885 -1.69547209 -0.41201063  0.67452426], -[-1.16843731 -1.6327626  -0.25167608  0.61181477], -[-1.06177885 -1.69547209 -0.41201063  0.67452426], -[-1.16843731 -1.6327626  -0.25167608  0.61181477], -[-1.06177885 -1.69547209 -0.41201063  0.67452426], 4.831, -4.504, 4.831, -4.504, 2.197, -4.504, 4.978, -4.504, 4.831, -4.504, -[-1.16843731 -1.6327626  -0.25167608  0.61181477], -[-1.06177885 -1.69547209 -0.41201063  0.67452426], -[-1.16843731 -1.6327626  -0.25167608  0.61181477], -[-1.06177885 -1.69547209 -0.41201063  0.67452426], 4.831, -[-1.06177885 -1.69547209 -0.41201063  0.67452426], -[-1.16843731 -1.6327626  -0.25167608  0.61181477], -[-1.06177885 -1.69547209 -0.41201063  0.67452426], -[-1.16843731 -1.6327626  -0.25167608  0.61181477], -[-1.06177885 -1.69547209 -0.41201063  0.67452426], -[-1.16843731 -1.6327626  -0.25167608  0.61181477], -[-1.06177885 -1.69547209 -0.41201063  0.67452426], -[-1.16843731 -1.6327626  -0.25167608  0.61181477], -[-1.06177885 -1.69547209 -0.41201063  0.67452426], -[-1.16843731 -1.6327626  -0.25167608  0.61181477], -[-1.06177885 -1.69547209 -0.41201063  0.67452426], 4.831, -4.504, 4.831, -4.504, -[-1.16843731 -1.6327626  -0.25167608  0.61181477], -[-1.06177885 -1.69547209 -0.41201063  0.67452426], 4.831, -4.504, 4.831, -4.504, 4.831, -4.504, 4.831, -4.504, 4.831, -4.504, 4.831, -4.504, -0.49, -4.504, 2.197, -4.504, 2.197, -4.504, -[-1.16843731 -1.6327626  -0.25167608  0.61181477], -[-1.06177885 -1.69547209 -0.41201063  0.67452426], 4.831, -[-1.06177885 -1.69547209 -0.41201063  0.67452426], -[-1.16843731 -1.6327626  -0.25167608  0.61181477], -[-1.06177885 -1.69547209 -0.41201063  0.67452426], -[-1.16843731 -1.6327626  -0.25167608  0.61181477], -[-1.06177885 -1.69547209 -0.41201063  0.67452426], 4.831, -4.504, 4.831, -4.504, 4.831, -4.504, 4.831, -4.504, -[-1.16843731 -1.6327626  -0.25167608  0.61181477], -[-1.06177885 -1.69547209 -0.41201063  0.67452426], 4.978, -4.504, -0.49]
Training
	MSE:6070.483
	Rsquared:-0.0
Test:
	MSE:4745.686
	Rsquared:-0.04
21.89771556854248