generations_elite-fitness_number-of-evaluations_time
0_27752.689_512_0.43483591079711914
1_27752.689_1536_0.9514546394348145
2_27752.689_2560_1.626648187637329
3_27722.039_3584_2.283890962600708
4_27645.746_4608_2.7745795249938965
5_27633.679_5632_3.143611431121826
6_27603.619_6656_3.7699151039123535
7_27565.953_7680_4.5697760581970215
8_27532.431_8704_5.7356579303741455
9_27508.425_9728_7.375272274017334
10_27491.927_10752_9.70304799079895
11_27475.744_11776_12.849629640579224
12_27449.667_12800_17.41641640663147
13_27449.015_13824_23.72952961921692
Function found (63nodes ):
	[-[ 0.3945895   0.5030191  -0.3531355  -1.09760733], -[ 0.3945895   0.5030191  -0.3531355  -1.09760733], -[ 0.3945895   0.5030191  -0.3531355  -1.09760733], -[ 0.3945895   0.5030191  -0.3531355  -1.09760733], -[ 0.3945895   0.5030191  -0.3531355  -1.09760733], 4.907, -[ 0.3945895   0.5030191  -0.3531355  -1.09760733], -[ 0.3945895   0.5030191  -0.3531355  -1.09760733], 4.907, 4.907, 4.907, -[ 0.3945895   0.5030191  -0.3531355  -1.09760733], 4.907, -[ 0.3945895   0.5030191  -0.3531355  -1.09760733], -[ 0.3945895   0.5030191  -0.3531355  -1.09760733], 4.907, 4.907, -[ 0.3945895   0.5030191  -0.3531355  -1.09760733], 4.907, 4.907, -[ 0.3945895   0.5030191  -0.3531355  -1.09760733], -[ 0.3945895   0.5030191  -0.3531355  -1.09760733], -[ 0.3945895   0.5030191  -0.3531355  -1.09760733], 4.907, 4.907, -[ 0.3945895   0.5030191  -0.3531355  -1.09760733], 4.833, -[ 0.3945895   0.5030191  -0.3531355  -1.09760733], -[ 0.3945895   0.5030191  -0.3531355  -1.09760733], -[ 0.3945895   0.5030191  -0.3531355  -1.09760733], 4.251, 4.907, 4.907, 4.907, -[ 0.3945895   0.5030191  -0.3531355  -1.09760733], 4.907, 4.907, -[ 0.3945895   0.5030191  -0.3531355  -1.09760733], -[ 0.3945895   0.5030191  -0.3531355  -1.09760733], 4.833, -[ 0.3945895   0.5030191  -0.3531355  -1.09760733], 4.907, 4.907, -[ 0.3945895   0.5030191  -0.3531355  -1.09760733], 4.907, 4.907, -[ 0.3945895   0.5030191  -0.3531355  -1.09760733], -[ 0.3945895   0.5030191  -0.3531355  -1.09760733], -[ 0.3945895   0.5030191  -0.3531355  -1.09760733], 4.907, 4.907, 4.907, -[ 0.3945895   0.5030191  -0.3531355  -1.09760733], -[ 0.3945895   0.5030191  -0.3531355  -1.09760733], 4.907, 4.907, -[ 0.3945895   0.5030191  -0.3531355  -1.09760733], -[ 0.3945895   0.5030191  -0.3531355  -1.09760733], 4.907, -[ 0.3945895   0.5030191  -0.3531355  -1.09760733], 4.907, 4.907, 4.907]
Training
	MSE:27449.015
	Rsquared:-3.601
Test:
	MSE:25978.468
	Rsquared:-3.647
23.73052668571472