generations_elite-fitness_number-of-evaluations_time
0_27224.073_512_0.17353606224060059
1_27123.57_1536_0.7120952606201172
2_27123.57_2560_1.5997228622436523
3_27084.755_3584_2.317800283432007
4_27000.08_4608_3.037874221801758
5_26984.804_5632_3.670182704925537
6_26951.451_6656_4.50195837020874
7_26921.059_7680_5.461392879486084
8_26891.298_8704_6.654203176498413
9_26862.319_9728_8.307779550552368
10_26840.289_10752_10.555766105651855
11_26826.474_11776_14.265841484069824
12_26813.407_12800_19.673378705978394
13_26803.334_13824_25.840882778167725
Function found (65nodes ):
	[-[ 0.3945895   0.5030191  -0.3531355  -1.09760733], -[ 0.3945895   0.5030191  -0.3531355  -1.09760733], -[ 0.3945895   0.5030191  -0.3531355  -1.09760733], -[ 0.3945895   0.5030191  -0.3531355  -1.09760733], 4.852, 4.985, -[ 0.3945895   0.5030191  -0.3531355  -1.09760733], -[ 0.3945895   0.5030191  -0.3531355  -1.09760733], -[ 0.3945895   0.5030191  -0.3531355  -1.09760733], -[ 0.3945895   0.5030191  -0.3531355  -1.09760733], 4.985, 4.985, 4.852, 4.852, -[ 0.3945895   0.5030191  -0.3531355  -1.09760733], 4.985, -[ 0.3945895   0.5030191  -0.3531355  -1.09760733], 4.985, -[ 0.3945895   0.5030191  -0.3531355  -1.09760733], 4.852, 4.985, -[ 0.3945895   0.5030191  -0.3531355  -1.09760733], -[ 0.3945895   0.5030191  -0.3531355  -1.09760733], 4.852, 4.985, 4.985, -[ 0.3945895   0.5030191  -0.3531355  -1.09760733], -[ 0.3945895   0.5030191  -0.3531355  -1.09760733], -[ 0.3945895   0.5030191  -0.3531355  -1.09760733], -[ 0.3945895   0.5030191  -0.3531355  -1.09760733], 4.852, -[ 0.3945895   0.5030191  -0.3531355  -1.09760733], 4.985, -[ 0.3945895   0.5030191  -0.3531355  -1.09760733], -[ 0.3945895   0.5030191  -0.3531355  -1.09760733], -[ 0.3945895   0.5030191  -0.3531355  -1.09760733], 4.985, 4.852, 4.852, -[ 0.3945895   0.5030191  -0.3531355  -1.09760733], -[ 0.3945895   0.5030191  -0.3531355  -1.09760733], 4.985, 4.985, 4.985, -[ 0.3945895   0.5030191  -0.3531355  -1.09760733], 4.985, 4.852, -[ 0.3945895   0.5030191  -0.3531355  -1.09760733], 4.985, 4.985, -[ 0.3945895   0.5030191  -0.3531355  -1.09760733], -[ 0.3945895   0.5030191  -0.3531355  -1.09760733], -[ 0.3945895   0.5030191  -0.3531355  -1.09760733], -[ 0.3945895   0.5030191  -0.3531355  -1.09760733], 4.985, 4.985, 4.985, 4.985, -[ 0.3945895   0.5030191  -0.3531355  -1.09760733], -[ 0.3945895   0.5030191  -0.3531355  -1.09760733], 4.985, 4.985, -[ 0.3945895   0.5030191  -0.3531355  -1.09760733], 4.985, 4.852]
Training
	MSE:26803.334
	Rsquared:-3.613
Test:
	MSE:31778.905
	Rsquared:-3.634
25.84187936782837