generations_elite-fitness_number-of-evaluations_time
0_27962.278_512_0.4089062213897705
1_27962.278_1536_0.9325065612792969
2_27962.278_2560_1.6096935272216797
3_27713.226_3584_2.1642138957977295
4_27642.587_4608_2.6558964252471924
5_27530.119_5632_3.147582769393921
6_27315.675_6656_3.9215352535247803
7_27215.035_7680_5.01458740234375
8_27158.556_8704_6.618298053741455
9_27013.759_9728_8.882242202758789
10_26925.673_10752_12.082683563232422
11_26881.476_11776_16.66442632675171
12_26788.295_12800_22.715243101119995
Function found (75nodes ):
	[-[ 0.53065221  0.53298226 -0.35355892 -1.12757049], -[ 0.53065221  0.53298226 -0.35355892 -1.12757049], +[-0.08977751 -0.64706467  1.04288773  0.61590286], x8, -[ 0.53065221  0.53298226 -0.35355892 -1.12757049], -[ 0.53065221  0.53298226 -0.35355892 -1.12757049], -[ 0.53065221  0.53298226 -0.35355892 -1.12757049], 4.993, -[ 0.53065221  0.53298226 -0.35355892 -1.12757049], 4.541, 4.993, -[ 0.53065221  0.53298226 -0.35355892 -1.12757049], 4.993, 4.993, 4.993, -[ 0.53065221  0.53298226 -0.35355892 -1.12757049], -[ 0.53065221  0.53298226 -0.35355892 -1.12757049], +[-0.08977751 -0.64706467  1.04288773  0.61590286], x8, -[ 0.53065221  0.53298226 -0.35355892 -1.12757049], -[ 0.53065221  0.53298226 -0.35355892 -1.12757049], 4.993, 4.541, 4.993, 4.993, -[ 0.53065221  0.53298226 -0.35355892 -1.12757049], -[ 0.53065221  0.53298226 -0.35355892 -1.12757049], -[ 0.53065221  0.53298226 -0.35355892 -1.12757049], -[ 0.53065221  0.53298226 -0.35355892 -1.12757049], +[-0.08977751 -0.64706467  1.04288773  0.61590286], x8, -[ 0.53065221  0.53298226 -0.35355892 -1.12757049], 4.993, 4.993, -[ 0.53065221  0.53298226 -0.35355892 -1.12757049], -[ 0.53065221  0.53298226 -0.35355892 -1.12757049], 4.993, 4.993, -[ 0.53065221  0.53298226 -0.35355892 -1.12757049], -[ 0.53065221  0.53298226 -0.35355892 -1.12757049], 4.541, 4.993, 4.993, 4.993, -[ 0.53065221  0.53298226 -0.35355892 -1.12757049], 4.993, -[ 0.53065221  0.53298226 -0.35355892 -1.12757049], 4.541, 4.993, -[ 0.53065221  0.53298226 -0.35355892 -1.12757049], 4.993, 4.993, -[ 0.53065221  0.53298226 -0.35355892 -1.12757049], -[ 0.53065221  0.53298226 -0.35355892 -1.12757049], -[ 0.53065221  0.53298226 -0.35355892 -1.12757049], 4.541, -[ 0.53065221  0.53298226 -0.35355892 -1.12757049], 4.541, 4.993, 4.993, -[ 0.53065221  0.53298226 -0.35355892 -1.12757049], -[ 0.53065221  0.53298226 -0.35355892 -1.12757049], -[ 0.53065221  0.53298226 -0.35355892 -1.12757049], 4.993, -[ 0.53065221  0.53298226 -0.35355892 -1.12757049], 4.541, 4.993, -[ 0.53065221  0.53298226 -0.35355892 -1.12757049], 4.993, 4.993, -[ 0.53065221  0.53298226 -0.35355892 -1.12757049], 4.993, -[ 0.53065221  0.53298226 -0.35355892 -1.12757049], 4.541, 4.993]
Training
	MSE:26788.295
	Rsquared:-3.469
Test:
	MSE:23036.912
	Rsquared:-3.396
22.716240406036377