generations_elite-fitness_number-of-evaluations_time
0_27192.344_512_0.22357845306396484
1_27033.221_1536_0.8407497406005859
2_27028.268_2560_1.4600939750671387
3_26969.274_3584_2.1293041706085205
4_26913.309_4608_2.839404344558716
5_26735.503_5632_3.3729770183563232
6_26715.869_6656_4.102026462554932
7_26621.355_7680_5.018575668334961
8_26563.209_8704_6.273220062255859
9_26514.063_9728_7.748274326324463
10_26450.688_10752_9.956368446350098
11_26366.882_11776_13.028152227401733
12_26326.88_12800_17.053386211395264
13_26298.376_13824_21.608202934265137
Function found (53nodes ):
	[-[ 0.48640416  0.53254364 -0.35345766 -1.12713187], -[ 0.48640416  0.53254364 -0.35345766 -1.12713187], -[ 0.43910443  0.51466918 -0.3531824  -1.1092574 ], -[ 0.43910443  0.51466918 -0.3531824  -1.1092574 ], -[ 0.48640416  0.53254364 -0.35345766 -1.12713187], -[ 0.43910443  0.51466918 -0.3531824  -1.1092574 ], -[ 0.43910443  0.51466918 -0.3531824  -1.1092574 ], 4.738, 4.193, -[ 0.3945895   0.5030191  -0.3531355  -1.09760733], 4.755, 4.738, 4.755, 4.193, 4.755, -[ 0.48640416  0.53254364 -0.35345766 -1.12713187], -[ 0.48640416  0.53254364 -0.35345766 -1.12713187], -[ 0.43910443  0.51466918 -0.3531824  -1.1092574 ], 3.821, -[ 0.43910443  0.51466918 -0.3531824  -1.1092574 ], -[ 0.3945895   0.5030191  -0.3531355  -1.09760733], 4.755, -[ 0.43910443  0.51466918 -0.3531824  -1.1092574 ], -[ 0.43910443  0.51466918 -0.3531824  -1.1092574 ], 4.738, 4.193, 4.755, 4.755, -[ 0.48640416  0.53254364 -0.35345766 -1.12713187], -[ 0.43910443  0.51466918 -0.3531824  -1.1092574 ], 4.755, 4.755, 4.738, -[ 0.48640416  0.53254364 -0.35345766 -1.12713187], -[ 0.43910443  0.51466918 -0.3531824  -1.1092574 ], -[ 0.43910443  0.51466918 -0.3531824  -1.1092574 ], 4.193, 4.193, 4.755, -[ 0.43910443  0.51466918 -0.3531824  -1.1092574 ], 4.755, 4.193, -[ 0.48640416  0.53254364 -0.35345766 -1.12713187], -[ 0.43910443  0.51466918 -0.3531824  -1.1092574 ], -[ 0.43910443  0.51466918 -0.3531824  -1.1092574 ], 3.821, 4.755, 4.193, -[ 0.48640416  0.53254364 -0.35345766 -1.12713187], -[ 0.43910443  0.51466918 -0.3531824  -1.1092574 ], 4.738, 4.755, 4.755]
Training
	MSE:26298.376
	Rsquared:-3.533
Test:
	MSE:32461.524
	Rsquared:-3.749
21.60920023918152