generations_elite-fitness_number-of-evaluations_time
0_27859.123_512_0.18051671981811523
1_27859.123_1536_0.8467350006103516
2_27859.123_2560_1.4910125732421875
3_27848.741_3584_2.093400239944458
4_27739.448_4608_2.7077620029449463
5_27718.848_5632_3.448774576187134
6_27686.855_6656_4.43114709854126
7_27644.834_7680_5.761590957641602
8_27619.294_8704_7.627597808837891
9_27593.279_9728_10.207695960998535
10_27573.928_10752_13.57967734336853
11_27549.266_11776_18.546392917633057
12_27531.459_12800_25.15671133995056
Function found (83nodes ):
	[-[ 0.3945895   0.5030191  -0.3531355  -1.09760733], -[ 0.3945895   0.5030191  -0.3531355  -1.09760733], -[ 0.3945895   0.5030191  -0.3531355  -1.09760733], -[ 0.3945895   0.5030191  -0.3531355  -1.09760733], -[ 0.3945895   0.5030191  -0.3531355  -1.09760733], +[-0.09020126 -0.67726408  0.97114319  0.58570346], x1, -[ 0.3945895   0.5030191  -0.3531355  -1.09760733], 4.472, 4.472, -[ 0.3945895   0.5030191  -0.3531355  -1.09760733], 4.472, +[-0.09020126 -0.67726408  0.97114319  0.58570346], x4, 3.904, -[ 0.3945895   0.5030191  -0.3531355  -1.09760733], 4.443, -[ 0.3945895   0.5030191  -0.3531355  -1.09760733], 4.472, -[ 0.3945895   0.5030191  -0.3531355  -1.09760733], 4.443, 4.227, -[ 0.3945895   0.5030191  -0.3531355  -1.09760733], -[ 0.3945895   0.5030191  -0.3531355  -1.09760733], 4.443, -[ 0.3945895   0.5030191  -0.3531355  -1.09760733], 4.472, -[ 0.3945895   0.5030191  -0.3531355  -1.09760733], 4.443, 4.227, -[ 0.3945895   0.5030191  -0.3531355  -1.09760733], -[ 0.3945895   0.5030191  -0.3531355  -1.09760733], 4.443, 4.303, -[ 0.3945895   0.5030191  -0.3531355  -1.09760733], -[ 0.3945895   0.5030191  -0.3531355  -1.09760733], 4.472, -[ 0.3945895   0.5030191  -0.3531355  -1.09760733], 4.443, -[ 0.3945895   0.5030191  -0.3531355  -1.09760733], 4.472, -[ 0.3945895   0.5030191  -0.3531355  -1.09760733], 4.443, 3.831, -[ 0.3945895   0.5030191  -0.3531355  -1.09760733], 4.443, -[ 0.3945895   0.5030191  -0.3531355  -1.09760733], -[ 0.3945895   0.5030191  -0.3531355  -1.09760733], 3.831, 4.472, 4.472, -[ 0.3945895   0.5030191  -0.3531355  -1.09760733], -[ 0.3945895   0.5030191  -0.3531355  -1.09760733], -[ 0.3945895   0.5030191  -0.3531355  -1.09760733], -[ 0.3945895   0.5030191  -0.3531355  -1.09760733], 4.443, 4.227, 4.303, -[ 0.3945895   0.5030191  -0.3531355  -1.09760733], 4.472, -[ 0.3945895   0.5030191  -0.3531355  -1.09760733], 4.472, 3.831, 4.227, -[ 0.3945895   0.5030191  -0.3531355  -1.09760733], -[ 0.3945895   0.5030191  -0.3531355  -1.09760733], 4.472, -[ 0.3945895   0.5030191  -0.3531355  -1.09760733], 4.472, -[ 0.3945895   0.5030191  -0.3531355  -1.09760733], 4.472, 4.443, -[ 0.3945895   0.5030191  -0.3531355  -1.09760733], 4.472, -[ 0.3945895   0.5030191  -0.3531355  -1.09760733], -[ 0.3945895   0.5030191  -0.3531355  -1.09760733], 4.443, 3.831, -[ 0.3945895   0.5030191  -0.3531355  -1.09760733], 4.472, -[ 0.3945895   0.5030191  -0.3531355  -1.09760733], 4.443, 4.443]
Training
	MSE:27531.459
	Rsquared:-3.599
Test:
	MSE:25690.587
	Rsquared:-3.757
25.157708883285522