generations_elite-fitness_number-of-evaluations_time
0_27683.859_512_0.18051671981811523
1_27683.859_1536_0.7051167488098145
2_27651.182_2560_1.355375051498413
3_27555.268_3584_1.8699991703033447
4_27543.76_4608_2.2320308685302734
5_27522.799_5632_2.889272451400757
6_27505.983_6656_3.3590164184570312
7_27468.145_7680_4.056152820587158
8_27424.557_8704_5.085399627685547
9_27401.956_9728_6.598353147506714
10_27391.791_10752_8.723668098449707
11_27367.725_11776_11.847312927246094
12_27357.013_12800_16.45100498199463
13_27346.999_13824_22.63545799255371
Function found (67nodes ):
	[-[ 0.3945895   0.5030191  -0.3531355  -1.09760733], -[ 0.3945895   0.5030191  -0.3531355  -1.09760733], -[ 0.3945895   0.5030191  -0.3531355  -1.09760733], -[ 0.3945895   0.5030191  -0.3531355  -1.09760733], -[ 0.3945895   0.5030191  -0.3531355  -1.09760733], 4.896, 4.785, -[ 0.3945895   0.5030191  -0.3531355  -1.09760733], -[ 0.3945895   0.5030191  -0.3531355  -1.09760733], 4.896, 4.785, 4.785, -[ 0.3945895   0.5030191  -0.3531355  -1.09760733], -[ 0.3945895   0.5030191  -0.3531355  -1.09760733], 4.896, 4.896, -[ 0.3945895   0.5030191  -0.3531355  -1.09760733], -[ 0.3945895   0.5030191  -0.3531355  -1.09760733], 4.896, 4.785, -[ 0.3945895   0.5030191  -0.3531355  -1.09760733], -[ 0.3945895   0.5030191  -0.3531355  -1.09760733], -[ 0.3945895   0.5030191  -0.3531355  -1.09760733], 4.896, 4.785, 4.896, 4.896, -[ 0.3945895   0.5030191  -0.3531355  -1.09760733], 4.896, -[ 0.3945895   0.5030191  -0.3531355  -1.09760733], 4.896, 4.785, -[ 0.3945895   0.5030191  -0.3531355  -1.09760733], -[ 0.3945895   0.5030191  -0.3531355  -1.09760733], -[ 0.3945895   0.5030191  -0.3531355  -1.09760733], 4.896, 4.785, -[ 0.3945895   0.5030191  -0.3531355  -1.09760733], -[ 0.3945895   0.5030191  -0.3531355  -1.09760733], -[ 0.3945895   0.5030191  -0.3531355  -1.09760733], -[ 0.3945895   0.5030191  -0.3531355  -1.09760733], 4.896, -[ 0.3945895   0.5030191  -0.3531355  -1.09760733], 4.785, 4.785, 4.896, -[ 0.3945895   0.5030191  -0.3531355  -1.09760733], 4.896, -[ 0.3945895   0.5030191  -0.3531355  -1.09760733], 4.896, -[ 0.3945895   0.5030191  -0.3531355  -1.09760733], -[ 0.3945895   0.5030191  -0.3531355  -1.09760733], 4.896, 4.785, 4.785, 4.896, -[ 0.3945895   0.5030191  -0.3531355  -1.09760733], -[ 0.3945895   0.5030191  -0.3531355  -1.09760733], 4.896, 4.896, -[ 0.3945895   0.5030191  -0.3531355  -1.09760733], -[ 0.3945895   0.5030191  -0.3531355  -1.09760733], 4.896, 4.785, -[ 0.3945895   0.5030191  -0.3531355  -1.09760733], 4.896, 4.896]
Training
	MSE:27346.999
	Rsquared:-3.557
Test:
	MSE:26918.818
	Rsquared:-4.095
22.63545799255371