generations_elite-fitness_number-of-evaluations_time
0_27461.358_512_0.1845097541809082
1_27461.358_1536_0.7200751304626465
2_27436.326_2560_1.3703367710113525
3_27343.08_3584_2.15922474861145
4_27312.218_4608_2.6439285278320312
5_27292.613_5632_3.243326187133789
6_27259.674_6656_4.147906541824341
7_27210.752_7680_5.59104585647583
8_27195.426_8704_7.472015142440796
9_27169.734_9728_10.172791004180908
10_27153.524_10752_14.008532285690308
11_27142.866_11776_19.157758474349976
12_27129.384_12800_25.738157749176025
Function found (65nodes ):
	[-[ 0.3945895   0.5030191  -0.3531355  -1.09760733], -[ 0.3945895   0.5030191  -0.3531355  -1.09760733], -[ 0.3945895   0.5030191  -0.3531355  -1.09760733], -[ 0.3945895   0.5030191  -0.3531355  -1.09760733], -[ 0.3945895   0.5030191  -0.3531355  -1.09760733], -[ 0.3945895   0.5030191  -0.3531355  -1.09760733], 4.407, -[ 0.3945895   0.5030191  -0.3531355  -1.09760733], 4.751, 4.411, 4.751, 4.751, -[ 0.3945895   0.5030191  -0.3531355  -1.09760733], -[ 0.3945895   0.5030191  -0.3531355  -1.09760733], 4.751, -[ 0.3945895   0.5030191  -0.3531355  -1.09760733], 4.407, 4.751, 4.751, -[ 0.3945895   0.5030191  -0.3531355  -1.09760733], -[ 0.3945895   0.5030191  -0.3531355  -1.09760733], -[ 0.3945895   0.5030191  -0.3531355  -1.09760733], 4.751, 4.411, 4.751, 4.751, -[ 0.3945895   0.5030191  -0.3531355  -1.09760733], -[ 0.3945895   0.5030191  -0.3531355  -1.09760733], -[ 0.3945895   0.5030191  -0.3531355  -1.09760733], -[ 0.3945895   0.5030191  -0.3531355  -1.09760733], -[ 0.3945895   0.5030191  -0.3531355  -1.09760733], 4.407, x9, 4.751, 4.751, -[ 0.3945895   0.5030191  -0.3531355  -1.09760733], -[ 0.3945895   0.5030191  -0.3531355  -1.09760733], 4.751, 4.751, 4.751, -[ 0.3945895   0.5030191  -0.3531355  -1.09760733], -[ 0.3945895   0.5030191  -0.3531355  -1.09760733], -[ 0.3945895   0.5030191  -0.3531355  -1.09760733], -[ 0.3945895   0.5030191  -0.3531355  -1.09760733], 4.407, -[ 0.3945895   0.5030191  -0.3531355  -1.09760733], -[ 0.3945895   0.5030191  -0.3531355  -1.09760733], 4.836, 4.751, -[ 0.3945895   0.5030191  -0.3531355  -1.09760733], 4.751, -[ 0.3945895   0.5030191  -0.3531355  -1.09760733], -[ 0.3945895   0.5030191  -0.3531355  -1.09760733], 4.454, 4.751, 4.836, 4.751, 4.751, -[ 0.3945895   0.5030191  -0.3531355  -1.09760733], -[ 0.3945895   0.5030191  -0.3531355  -1.09760733], -[ 0.3945895   0.5030191  -0.3531355  -1.09760733], 4.751, 4.411, 4.751, 4.751]
Training
	MSE:27129.384
	Rsquared:-3.704
Test:
	MSE:29037.141
	Rsquared:-2.924
25.739155054092407