generations_elite-fitness_number-of-evaluations_time
0_27382.38_512_0.17154216766357422
1_27382.38_1536_0.9654173851013184
2_27150.301_2560_1.5957319736480713
3_26959.836_3584_2.2749154567718506
4_26844.076_4608_3.0418648719787598
5_26763.597_5632_3.7818851470947266
6_26670.926_6656_4.7213709354400635
7_26531.169_7680_6.1146440505981445
8_26497.22_8704_7.75425910949707
9_26329.241_9728_10.234624862670898
10_26321.64_10752_13.779144287109375
11_26199.996_11776_18.309027194976807
12_26102.154_12800_24.72586441040039
Function found (69nodes ):
	[-[ 0.53863929  0.53249522 -0.33041602 -1.12708345], -[ 0.53863929  0.53249522 -0.33041602 -1.12708345], -[ 0.51430488  0.53250565 -0.35329175 -1.12709387], -[ 0.53863929  0.53249522 -0.33041602 -1.12708345], -[ 0.53863929  0.53249522 -0.33041602 -1.12708345], -[ 0.51430488  0.53250565 -0.35329175 -1.12709387], 4.06, 4.887, -[ 0.51430488  0.53250565 -0.35329175 -1.12709387], 4.06, 3.522, -[ 0.53863929  0.53249522 -0.33041602 -1.12708345], 4.887, -[ 0.51430488  0.53250565 -0.35329175 -1.12709387], 4.06, 4.887, -[ 0.53863929  0.53249522 -0.33041602 -1.12708345], -[ 0.53863929  0.53249522 -0.33041602 -1.12708345], 4.887, -[ 0.51430488  0.53250565 -0.35329175 -1.12709387], 4.887, 3.522, -[ 0.51430488  0.53250565 -0.35329175 -1.12709387], 4.06, 3.522, -[ 0.53863929  0.53249522 -0.33041602 -1.12708345], -[ 0.53863929  0.53249522 -0.33041602 -1.12708345], 4.887, 4.124, 4.887, -[ 0.53863929  0.53249522 -0.33041602 -1.12708345], -[ 0.53863929  0.53249522 -0.33041602 -1.12708345], -[ 0.51430488  0.53250565 -0.35329175 -1.12709387], -[ 0.53863929  0.53249522 -0.33041602 -1.12708345], -[ 0.53863929  0.53249522 -0.33041602 -1.12708345], -[ 0.51430488  0.53250565 -0.35329175 -1.12709387], 4.06, 4.887, -[ 0.51430488  0.53250565 -0.35329175 -1.12709387], 4.06, 3.522, -[ 0.53863929  0.53249522 -0.33041602 -1.12708345], 4.887, -[ 0.51430488  0.53250565 -0.35329175 -1.12709387], 4.06, 4.887, -[ 0.53863929  0.53249522 -0.33041602 -1.12708345], -[ 0.53863929  0.53249522 -0.33041602 -1.12708345], 4.887, -[ 0.51430488  0.53250565 -0.35329175 -1.12709387], 4.887, 3.522, -[ 0.51430488  0.53250565 -0.35329175 -1.12709387], 4.06, 3.522, -[ 0.53863929  0.53249522 -0.33041602 -1.12708345], -[ 0.53863929  0.53249522 -0.33041602 -1.12708345], 4.887, 4.124, 4.887, -[ 0.53863929  0.53249522 -0.33041602 -1.12708345], 4.887, -[ 0.51430488  0.53250565 -0.35329175 -1.12709387], -[ 0.51430488  0.53250565 -0.35329175 -1.12709387], 4.125, -[ 0.53863929  0.53249522 -0.33041602 -1.12708345], 4.887, 3.783, 4.887]
Training
	MSE:26102.154
	Rsquared:-3.418
Test:
	MSE:30624.653
	Rsquared:-4.167
24.726861476898193