generations_elite-fitness_number-of-evaluations_time
0_28328.533_512_0.1745316982269287
1_28328.533_1536_0.7200736999511719
2_28328.533_2560_1.3982586860656738
3_28204.503_3584_2.1961252689361572
4_28155.314_4608_2.5840868949890137
5_28141.609_5632_3.0528335571289062
6_28109.547_6656_3.806816339492798
7_28071.442_7680_5.022564649581909
8_28043.389_8704_6.736978769302368
9_28016.002_9728_9.042832851409912
10_27994.353_10752_12.5474374294281
11_27969.006_11776_17.493210077285767
12_27963.236_12800_24.13444685935974
Function found (85nodes ):
	[-[ 0.3945895   0.5030191  -0.3531355  -1.09760733], -[ 0.3945895   0.5030191  -0.3531355  -1.09760733], -[ 0.3945895   0.5030191  -0.3531355  -1.09760733], -[ 0.3945895   0.5030191  -0.3531355  -1.09760733], -[ 0.3945895   0.5030191  -0.3531355  -1.09760733], -[ 0.3945895   0.5030191  -0.3531355  -1.09760733], 4.386, 4.665, -[ 0.3945895   0.5030191  -0.3531355  -1.09760733], 4.645, 4.665, -[ 0.3945895   0.5030191  -0.3531355  -1.09760733], 4.645, 4.665, -[ 0.3945895   0.5030191  -0.3531355  -1.09760733], -[ 0.3945895   0.5030191  -0.3531355  -1.09760733], 4.665, 4.645, -[ 0.3945895   0.5030191  -0.3531355  -1.09760733], 4.645, 4.665, -[ 0.3945895   0.5030191  -0.3531355  -1.09760733], -[ 0.3945895   0.5030191  -0.3531355  -1.09760733], 4.665, 4.665, -[ 0.3945895   0.5030191  -0.3531355  -1.09760733], -[ 0.3945895   0.5030191  -0.3531355  -1.09760733], -[ 0.3945895   0.5030191  -0.3531355  -1.09760733], 4.665, 4.645, 4.665, -[ 0.3945895   0.5030191  -0.3531355  -1.09760733], 4.645, 4.665, -[ 0.3945895   0.5030191  -0.3531355  -1.09760733], -[ 0.3945895   0.5030191  -0.3531355  -1.09760733], -[ 0.3945895   0.5030191  -0.3531355  -1.09760733], 4.386, -[ 0.3945895   0.5030191  -0.3531355  -1.09760733], -[ 0.3945895   0.5030191  -0.3531355  -1.09760733], -[ 0.3945895   0.5030191  -0.3531355  -1.09760733], -[ 0.3945895   0.5030191  -0.3531355  -1.09760733], -[ 0.3945895   0.5030191  -0.3531355  -1.09760733], 4.645, 4.665, 4.645, -[ 0.3945895   0.5030191  -0.3531355  -1.09760733], 4.645, 4.665, 4.645, 4.645, 4.645, -[ 0.3945895   0.5030191  -0.3531355  -1.09760733], -[ 0.3945895   0.5030191  -0.3531355  -1.09760733], 4.665, 4.645, -[ 0.3945895   0.5030191  -0.3531355  -1.09760733], -[ 0.3945895   0.5030191  -0.3531355  -1.09760733], -[ 0.3945895   0.5030191  -0.3531355  -1.09760733], 4.645, /[ 0.55379933  0.17189296  0.82397971 -0.68718949], *[-0.94041475  0.76252083  0.43400602 -1.01589442], x4, x4, *[-0.94041475  0.76252083  0.43400602 -1.01589442], -[ 0.3945895   0.5030191  -0.3531355  -1.09760733], x2, x0, +[-0.09020126 -0.67726408  0.97114319  0.58570346], -0.501, x3, -[ 0.3945895   0.5030191  -0.3531355  -1.09760733], -[ 0.3945895   0.5030191  -0.3531355  -1.09760733], 4.665, 4.645, 4.645, -[ 0.3945895   0.5030191  -0.3531355  -1.09760733], -[ 0.3945895   0.5030191  -0.3531355  -1.09760733], 4.665, 4.645, -[ 0.3945895   0.5030191  -0.3531355  -1.09760733], -[ 0.3945895   0.5030191  -0.3531355  -1.09760733], 4.665, 4.645, 4.645]
Training
	MSE:27963.236
	Rsquared:-3.637
Test:
	MSE:21462.682
	Rsquared:-3.555
24.135443687438965