generations_elite-fitness_number-of-evaluations_time
0_27476.652_512_0.1765275001525879
1_27476.652_1536_0.7230648994445801
2_27462.549_2560_1.4511182308197021
3_27422.041_3584_2.198120594024658
4_27347.069_4608_2.675842046737671
5_27347.069_5632_3.185478687286377
6_27317.522_6656_3.879621982574463
7_27278.169_7680_4.7652552127838135
8_27237.795_8704_6.196425437927246
9_27221.531_9728_8.132246732711792
10_27206.506_10752_10.842000722885132
11_27182.044_11776_14.832326650619507
12_27172.638_12800_20.526098012924194
Function found (63nodes ):
	[-[ 0.3945895   0.5030191  -0.3531355  -1.09760733], -[ 0.3945895   0.5030191  -0.3531355  -1.09760733], -[ 0.3945895   0.5030191  -0.3531355  -1.09760733], -[ 0.3945895   0.5030191  -0.3531355  -1.09760733], 4.423, 4.423, 4.885, -[ 0.3945895   0.5030191  -0.3531355  -1.09760733], -[ 0.3945895   0.5030191  -0.3531355  -1.09760733], -[ 0.3945895   0.5030191  -0.3531355  -1.09760733], 4.885, 4.885, 4.885, -[ 0.3945895   0.5030191  -0.3531355  -1.09760733], -[ 0.3945895   0.5030191  -0.3531355  -1.09760733], 4.423, -[ 0.3945895   0.5030191  -0.3531355  -1.09760733], 4.933, 4.885, -[ 0.3945895   0.5030191  -0.3531355  -1.09760733], 4.933, 4.885, -[ 0.3945895   0.5030191  -0.3531355  -1.09760733], -[ 0.3945895   0.5030191  -0.3531355  -1.09760733], -[ 0.3945895   0.5030191  -0.3531355  -1.09760733], -[ 0.3945895   0.5030191  -0.3531355  -1.09760733], -[ 0.3945895   0.5030191  -0.3531355  -1.09760733], 4.423, 4.885, 4.885, -[ 0.3945895   0.5030191  -0.3531355  -1.09760733], 4.423, -[ 0.3945895   0.5030191  -0.3531355  -1.09760733], 4.423, 4.885, -[ 0.3945895   0.5030191  -0.3531355  -1.09760733], -[ 0.3945895   0.5030191  -0.3531355  -1.09760733], -[ 0.3945895   0.5030191  -0.3531355  -1.09760733], 4.933, 4.885, 4.885, -[ 0.3945895   0.5030191  -0.3531355  -1.09760733], 4.933, 4.885, -[ 0.3945895   0.5030191  -0.3531355  -1.09760733], -[ 0.3945895   0.5030191  -0.3531355  -1.09760733], -[ 0.3945895   0.5030191  -0.3531355  -1.09760733], -[ 0.3945895   0.5030191  -0.3531355  -1.09760733], 4.423, 4.885, -[ 0.3945895   0.5030191  -0.3531355  -1.09760733], 4.885, 4.885, -[ 0.3945895   0.5030191  -0.3531355  -1.09760733], 4.933, 4.885, -[ 0.3945895   0.5030191  -0.3531355  -1.09760733], -[ 0.3945895   0.5030191  -0.3531355  -1.09760733], 4.423, 4.885, -[ 0.3945895   0.5030191  -0.3531355  -1.09760733], 4.423, 4.885]
Training
	MSE:27172.638
	Rsquared:-3.614
Test:
	MSE:28525.568
	Rsquared:-3.536
20.526098012924194