generations_elite-fitness_number-of-evaluations_time
0_27848.569_512_0.16755056381225586
1_27848.569_1536_0.6482651233673096
2_27802.326_2560_1.2287137508392334
3_27742.284_3584_1.9497833251953125
4_27709.006_4608_2.529250383377075
5_27674.646_5632_3.15256667137146
6_27629.647_6656_3.8487043380737305
7_27592.485_7680_4.736330509185791
8_27550.615_8704_5.8064680099487305
9_27517.29_9728_7.375272750854492
10_27494.206_10752_9.485627889633179
11_27478.689_11776_12.395845174789429
12_27461.352_12800_16.27347183227539
13_27448.624_13824_22.06996726989746
Function found (77nodes ):
	[-[ 0.3945895   0.5030191  -0.3531355  -1.09760733], -[ 0.3945895   0.5030191  -0.3531355  -1.09760733], -[ 0.3945895   0.5030191  -0.3531355  -1.09760733], -[ 0.3945895   0.5030191  -0.3531355  -1.09760733], -[ 0.3945895   0.5030191  -0.3531355  -1.09760733], 4.337, 4.313, -[ 0.3945895   0.5030191  -0.3531355  -1.09760733], 4.632, 4.632, 4.632, -[ 0.3945895   0.5030191  -0.3531355  -1.09760733], -[ 0.3945895   0.5030191  -0.3531355  -1.09760733], -[ 0.3945895   0.5030191  -0.3531355  -1.09760733], 4.337, 4.313, -[ 0.3945895   0.5030191  -0.3531355  -1.09760733], 4.632, -[ 0.3945895   0.5030191  -0.3531355  -1.09760733], -[ 0.3945895   0.5030191  -0.3531355  -1.09760733], 4.632, -[ 0.3945895   0.5030191  -0.3531355  -1.09760733], 4.632, 4.632, 4.632, -[ 0.3945895   0.5030191  -0.3531355  -1.09760733], -[ 0.3945895   0.5030191  -0.3531355  -1.09760733], 4.632, 4.632, -[ 0.3945895   0.5030191  -0.3531355  -1.09760733], -[ 0.3945895   0.5030191  -0.3531355  -1.09760733], -[ 0.3945895   0.5030191  -0.3531355  -1.09760733], -[ 0.3945895   0.5030191  -0.3531355  -1.09760733], -[ 0.3945895   0.5030191  -0.3531355  -1.09760733], -[ 0.3945895   0.5030191  -0.3531355  -1.09760733], 4.337, 4.313, 4.139, 4.313, 4.632, -[ 0.3945895   0.5030191  -0.3531355  -1.09760733], -[ 0.3945895   0.5030191  -0.3531355  -1.09760733], 4.139, -[ 0.3945895   0.5030191  -0.3531355  -1.09760733], 4.139, 4.632, -[ 0.3945895   0.5030191  -0.3531355  -1.09760733], 4.337, 4.632, -[ 0.3945895   0.5030191  -0.3531355  -1.09760733], -[ 0.3945895   0.5030191  -0.3531355  -1.09760733], 4.337, 4.313, -[ 0.3945895   0.5030191  -0.3531355  -1.09760733], 4.632, -[ 0.3945895   0.5030191  -0.3531355  -1.09760733], 4.632, 4.632, -[ 0.3945895   0.5030191  -0.3531355  -1.09760733], -[ 0.3945895   0.5030191  -0.3531355  -1.09760733], -[ 0.3945895   0.5030191  -0.3531355  -1.09760733], -[ 0.3945895   0.5030191  -0.3531355  -1.09760733], 4.632, -[ 0.3945895   0.5030191  -0.3531355  -1.09760733], 4.632, 4.632, -[ 0.3945895   0.5030191  -0.3531355  -1.09760733], 4.632, 4.632, -[ 0.3945895   0.5030191  -0.3531355  -1.09760733], 4.632, -[ 0.3945895   0.5030191  -0.3531355  -1.09760733], 4.632, 4.632, -[ 0.3945895   0.5030191  -0.3531355  -1.09760733], 4.632, 4.632]
Training
	MSE:27448.624
	Rsquared:-3.645
Test:
	MSE:26296.969
	Rsquared:-3.312
22.070964097976685