generations_elite-fitness_number-of-evaluations_time
0_27176.158_512_0.2661304473876953
1_27036.738_1024_0.5957715511322021
2_26861.019_1536_0.956674337387085
3_24839.562_2048_1.431401014328003
4_21586.732_2560_2.2009267807006836
5_15839.568_3072_2.9654595851898193
6_7360.823_3584_4.049163103103638
7_6182.872_4096_5.302748680114746
8_5786.833_4608_7.144630432128906
9_5546.112_5120_9.444430589675903
10_5127.132_5632_12.454778671264648
11_5127.132_6141_16.125146627426147
12_5099.211_6644_20.657593488693237
Function found (79nodes ):
	[-[-1.24982826 -1.63316065 -0.15060444  0.61221281], *[-0.15168436 -1.85777173 -0.96012639  0.65872114], 4.399, *[-0.15163532 -1.8381749  -0.91347923  0.65876515], x0, -[-0.99908362 -1.63161596 -0.26685069  0.61066813], -[-1.24982826 -1.63316065 -0.15060444  0.61221281], *[-0.15168436 -1.85777173 -0.96012639  0.65872114], -[-1.24982826 -1.63316065 -0.15060444  0.61221281], *[-0.15168436 -1.85777173 -0.96012639  0.65872114], *[-0.09328868 -1.82128746 -0.94710104  0.55448333], +[ 0.31772099 -0.65567516 -0.28325057 -0.06161172], -[-0.99908362 -1.63161596 -0.26685069  0.61066813], -[-1.24982826 -1.63316065 -0.15060444  0.61221281], *[-0.15168436 -1.85777173 -0.96012639  0.65872114], -[-1.24982826 -1.63316065 -0.15060444  0.61221281], *[-0.15168436 -1.85777173 -0.96012639  0.65872114], *[-0.09328868 -1.82128746 -0.94710104  0.55448333], /[ 0.48080763 -0.15649438 -1.38809202  0.21594584], 3.65, x0, 4.399, -4.087, -3.863, -4.087, -3.863, x9, *[-0.15168436 -1.85777173 -0.96012639  0.65872114], x4, -4.087, 4.399, -4.087, *[-0.15168436 -1.85777173 -0.96012639  0.65872114], -[-1.24982826 -1.63316065 -0.15060444  0.61221281], *[-0.15168436 -1.85777173 -0.96012639  0.65872114], *[-0.09328868 -1.82128746 -0.94710104  0.55448333], +[ 0.31772099 -0.65567516 -0.28325057 -0.06161172], x8, *[-0.15168436 -1.85777173 -0.96012639  0.65872114], x4, -4.087, 4.399, -4.087, -3.863, -4.087, -4.087, /[ 0.48080763 -0.15649438 -1.38809202  0.21594584], *[-0.09328868 -1.82128746 -0.94710104  0.55448333], +[ 0.3176582  -0.6577326  -0.28336634 -0.06366916], -[-1.24982826 -1.63316065 -0.15060444  0.61221281], *[-0.15168436 -1.85777173 -0.96012639  0.65872114], -[-1.24982826 -1.63316065 -0.15060444  0.61221281], *[-0.15168436 -1.85777173 -0.96012639  0.65872114], 4.399, *[-0.15163532 -1.8381749  -0.91347923  0.65876515], x0, -[-0.99908362 -1.63161596 -0.26685069  0.61066813], -[-1.24982826 -1.63316065 -0.15060444  0.61221281], *[-0.15168436 -1.85777173 -0.96012639  0.65872114], x4, -4.087, -3.863, x9, -3.863, *[-0.15163532 -1.8381749  -0.91347923  0.65876515], x0, -[-0.99908362 -1.63161596 -0.26685069  0.61066813], -[-1.24982826 -1.63316065 -0.15060444  0.61221281], *[-0.15168436 -1.85777173 -0.96012639  0.65872114], x4, -4.087, -3.863, x9, -3.863, x1, 4.399, x8, x9, -3.863]
Training
	MSE:5099.211
	Rsquared:0.146
Test:
	MSE:4835.528
	Rsquared:0.105
20.657793760299683