generations_elite-fitness_number-of-evaluations_time
0_27640.743_512_0.18650126457214355
1_27628.687_1536_0.8377580642700195
2_27628.687_2560_2.0066332817077637
3_27628.687_3584_2.656891107559204
4_27502.878_4608_3.1545615196228027
5_27453.336_5632_3.6332809925079346
6_27433.803_6656_4.382278203964233
7_27409.047_7680_5.515247344970703
8_27352.744_8704_6.816766023635864
9_27342.903_9728_8.649863243103027
10_27316.832_10752_11.265865564346313
11_27300.13_11776_14.698684453964233
12_27274.203_12800_19.509814977645874
13_27263.525_13824_25.495805740356445
Function found (91nodes ):
	[-[ 0.3945895   0.5030191  -0.3531355  -1.09760733], -[ 0.3945895   0.5030191  -0.3531355  -1.09760733], -[ 0.3945895   0.5030191  -0.3531355  -1.09760733], -[ 0.3945895   0.5030191  -0.3531355  -1.09760733], -[ 0.3945895   0.5030191  -0.3531355  -1.09760733], -[ 0.3945895   0.5030191  -0.3531355  -1.09760733], 4.605, 4.522, -[ 0.3945895   0.5030191  -0.3531355  -1.09760733], -[ 0.3945895   0.5030191  -0.3531355  -1.09760733], 4.646, 4.646, 4.646, 4.646, -[ 0.3945895   0.5030191  -0.3531355  -1.09760733], -[ 0.3945895   0.5030191  -0.3531355  -1.09760733], -[ 0.3945895   0.5030191  -0.3531355  -1.09760733], -[ 0.3945895   0.5030191  -0.3531355  -1.09760733], 4.646, -[ 0.3945895   0.5030191  -0.3531355  -1.09760733], 4.646, 4.522, 4.646, -[ 0.3945895   0.5030191  -0.3531355  -1.09760733], 4.646, 4.522, 4.646, -[ 0.3945895   0.5030191  -0.3531355  -1.09760733], -[ 0.3945895   0.5030191  -0.3531355  -1.09760733], -[ 0.3945895   0.5030191  -0.3531355  -1.09760733], -[ 0.3945895   0.5030191  -0.3531355  -1.09760733], 4.646, 4.646, -[ 0.3945895   0.5030191  -0.3531355  -1.09760733], -[ 0.3945895   0.5030191  -0.3531355  -1.09760733], 4.646, 4.646, 4.646, 4.646, 4.522, -[ 0.3945895   0.5030191  -0.3531355  -1.09760733], -[ 0.3945895   0.5030191  -0.3531355  -1.09760733], -[ 0.3945895   0.5030191  -0.3531355  -1.09760733], 4.646, 4.646, -[ 0.3945895   0.5030191  -0.3531355  -1.09760733], -[ 0.3945895   0.5030191  -0.3531355  -1.09760733], 4.646, 4.646, -[ 0.3945895   0.5030191  -0.3531355  -1.09760733], 4.646, 4.646, -[ 0.3945895   0.5030191  -0.3531355  -1.09760733], -[ 0.3945895   0.5030191  -0.3531355  -1.09760733], -[ 0.3945895   0.5030191  -0.3531355  -1.09760733], 4.646, 4.646, -[ 0.3945895   0.5030191  -0.3531355  -1.09760733], 4.646, 4.646, -[ 0.3945895   0.5030191  -0.3531355  -1.09760733], -[ 0.3945895   0.5030191  -0.3531355  -1.09760733], 4.646, -[ 0.3945895   0.5030191  -0.3531355  -1.09760733], 4.646, 4.522, -[ 0.3945895   0.5030191  -0.3531355  -1.09760733], -[ 0.3945895   0.5030191  -0.3531355  -1.09760733], -[ 0.3945895   0.5030191  -0.3531355  -1.09760733], 4.605, 4.522, -[ 0.3945895   0.5030191  -0.3531355  -1.09760733], -[ 0.3945895   0.5030191  -0.3531355  -1.09760733], -[ 0.3945895   0.5030191  -0.3531355  -1.09760733], 4.646, -[ 0.3945895   0.5030191  -0.3531355  -1.09760733], -[ 0.3945895   0.5030191  -0.3531355  -1.09760733], -[ 0.3945895   0.5030191  -0.3531355  -1.09760733], 4.646, 4.646, 4.646, -[ 0.3945895   0.5030191  -0.3531355  -1.09760733], -[ 0.3945895   0.5030191  -0.3531355  -1.09760733], -[ 0.3945895   0.5030191  -0.3531355  -1.09760733], 4.646, 4.646, 4.646, 4.646, 4.646, 4.646, 4.522]
Training
	MSE:27263.525
	Rsquared:-3.528
Test:
	MSE:27791.236
	Rsquared:-4.462
25.49680185317993