generations_elite-fitness_number-of-evaluations_time
0_27402.994_512_0.16455793380737305
1_27402.994_1536_0.6512565612792969
2_27402.994_2560_1.335425853729248
3_27305.755_3584_1.808161973953247
4_27303.445_4608_2.1382787227630615
5_27265.138_5632_2.5382111072540283
6_27242.407_6656_3.1405975818634033
7_27216.562_7680_4.1698455810546875
8_27186.423_8704_5.551149368286133
9_27165.451_9728_7.456056594848633
10_27155.219_10752_10.049118757247925
11_27134.403_11776_13.779142379760742
12_27121.714_12800_18.979233264923096
13_27102.598_13824_26.001451015472412
Function found (95nodes ):
	[-[ 0.3945895   0.5030191  -0.3531355  -1.09760733], -[ 0.3945895   0.5030191  -0.3531355  -1.09760733], -[ 0.3945895   0.5030191  -0.3531355  -1.09760733], -[ 0.3945895   0.5030191  -0.3531355  -1.09760733], -[ 0.3945895   0.5030191  -0.3531355  -1.09760733], 4.978, 4.998, -[ 0.3945895   0.5030191  -0.3531355  -1.09760733], 4.998, -[ 0.3945895   0.5030191  -0.3531355  -1.09760733], -[ 0.3945895   0.5030191  -0.3531355  -1.09760733], -[ 0.3945895   0.5030191  -0.3531355  -1.09760733], 4.978, 4.695, 4.998, -[ 0.3945895   0.5030191  -0.3531355  -1.09760733], -[ 0.3945895   0.5030191  -0.3531355  -1.09760733], 4.978, 4.695, 4.998, -[ 0.3945895   0.5030191  -0.3531355  -1.09760733], -[ 0.3945895   0.5030191  -0.3531355  -1.09760733], 4.998, 4.998, 4.998, -[ 0.3945895   0.5030191  -0.3531355  -1.09760733], -[ 0.3945895   0.5030191  -0.3531355  -1.09760733], 4.978, -[ 0.3945895   0.5030191  -0.3531355  -1.09760733], 4.978, 4.998, -[ 0.3945895   0.5030191  -0.3531355  -1.09760733], -[ 0.3945895   0.5030191  -0.3531355  -1.09760733], -[ 0.3945895   0.5030191  -0.3531355  -1.09760733], 4.978, 4.695, 4.998, -[ 0.3945895   0.5030191  -0.3531355  -1.09760733], 4.998, 4.998, -[ 0.3945895   0.5030191  -0.3531355  -1.09760733], -[ 0.3945895   0.5030191  -0.3531355  -1.09760733], -[ 0.3945895   0.5030191  -0.3531355  -1.09760733], 4.978, 4.998, -[ 0.3945895   0.5030191  -0.3531355  -1.09760733], -[ 0.3945895   0.5030191  -0.3531355  -1.09760733], 4.978, 4.998, -[ 0.3945895   0.5030191  -0.3531355  -1.09760733], 4.978, -[ 0.3945895   0.5030191  -0.3531355  -1.09760733], 4.998, 4.998, -[ 0.3945895   0.5030191  -0.3531355  -1.09760733], -[ 0.3945895   0.5030191  -0.3531355  -1.09760733], -[ 0.3945895   0.5030191  -0.3531355  -1.09760733], -[ 0.3945895   0.5030191  -0.3531355  -1.09760733], -[ 0.3945895   0.5030191  -0.3531355  -1.09760733], 4.978, 4.998, -[ 0.3945895   0.5030191  -0.3531355  -1.09760733], 4.998, 4.998, -[ 0.3945895   0.5030191  -0.3531355  -1.09760733], -[ 0.3945895   0.5030191  -0.3531355  -1.09760733], -[ 0.3945895   0.5030191  -0.3531355  -1.09760733], -[ 0.3945895   0.5030191  -0.3531355  -1.09760733], -[ 0.3945895   0.5030191  -0.3531355  -1.09760733], -[ 0.3945895   0.5030191  -0.3531355  -1.09760733], 4.978, 4.998, 4.998, 4.998, 4.695, 4.998, 4.998, -[ 0.3945895   0.5030191  -0.3531355  -1.09760733], -[ 0.3945895   0.5030191  -0.3531355  -1.09760733], 4.978, 4.695, 4.998, -[ 0.3945895   0.5030191  -0.3531355  -1.09760733], -[ 0.3945895   0.5030191  -0.3531355  -1.09760733], -[ 0.3945895   0.5030191  -0.3531355  -1.09760733], 4.978, 4.998, -[ 0.3945895   0.5030191  -0.3531355  -1.09760733], 4.998, 4.998, -[ 0.3945895   0.5030191  -0.3531355  -1.09760733], -[ 0.3945895   0.5030191  -0.3531355  -1.09760733], 4.998, 4.998, 4.998]
Training
	MSE:27102.598
	Rsquared:-3.601
Test:
	MSE:28858.402
	Rsquared:-3.607
26.002448081970215