generations_elite-fitness_number-of-evaluations_time
0_27288.72_512_0.3125572204589844
1_27288.72_1024_0.6031448841094971
2_26985.644_1536_0.8522276878356934
3_26660.762_2048_1.1735806465148926
4_25996.547_2560_1.5994973182678223
5_24589.412_3072_2.231696367263794
6_20250.464_3584_3.2398810386657715
7_7178.356_4096_4.645007371902466
8_5651.574_4608_6.5087432861328125
9_5627.472_5120_8.968935251235962
10_5572.809_5631_11.818597316741943
11_5572.809_6143_15.180349349975586
12_5548.296_6655_18.820127248764038
13_5515.035_7165_23.230913877487183
Function found (61nodes ):
	[*[-0.15110135 -1.74308615 -0.73301158  0.60315108], 3.713, *[-0.15110135 -1.74308615 -0.73301158  0.60315108], 4.013, *[-0.15110135 -1.74308615 -0.73301158  0.60315108], 4.136, *[-0.15110135 -1.74308615 -0.73301158  0.60315108], *[-0.15110135 -1.74308615 -0.73301158  0.60315108], 3.713, *[-0.15110135 -1.74308615 -0.73301158  0.60315108], 4.136, *[-0.15110135 -1.74308615 -0.73301158  0.60315108], *[-0.15110135 -1.74308615 -0.73301158  0.60315108], *[-0.15110135 -1.74308615 -0.73301158  0.60315108], x1, *[-0.15110135 -1.74308615 -0.73301158  0.60315108], 4.013, *[-0.15110135 -1.74308615 -0.73301158  0.60315108], 4.136, *[-0.15110135 -1.74308615 -0.73301158  0.60315108], *[-0.15110135 -1.74308615 -0.73301158  0.60315108], *[-0.15110135 -1.74308615 -0.73301158  0.60315108], *[-0.15110135 -1.74308615 -0.73301158  0.60315108], *[-0.15110135 -1.74308615 -0.73301158  0.60315108], 4.556, *[-0.15110135 -1.74308615 -0.73301158  0.60315108], 3.713, *[-0.15110135 -1.74308615 -0.73301158  0.60315108], 3.713, *[-0.15110135 -1.74308615 -0.73301158  0.60315108], 4.136, 3.585, *[-0.15110135 -1.74308615 -0.73301158  0.60315108], 4.013, *[-0.15110135 -1.74308615 -0.73301158  0.60315108], 3.713, *[-0.15110135 -1.74308615 -0.73301158  0.60315108], 4.136, *[-0.15110135 -1.74308615 -0.73301158  0.60315108], 3.713, *[-0.15110135 -1.74308615 -0.73301158  0.60315108], 4.136, *[-0.15110135 -1.74308615 -0.73301158  0.60315108], 4.013, 4.013, x3, *[-0.15110135 -1.74308615 -0.73301158  0.60315108], 3.713, 4.133, *[-0.15110135 -1.74308615 -0.73301158  0.60315108], 3.713, 4.133, *[-0.15110135 -1.74308615 -0.73301158  0.60315108], 3.713, 4.133, *[-0.15110135 -1.74308615 -0.73301158  0.60315108], 3.713, 4.133, *[-0.15110135 -1.74308615 -0.73301158  0.60315108], 4.136, 4.888]
Training
	MSE:5515.035
	Rsquared:0.03
Test:
	MSE:7890.262
	Rsquared:0.025
23.231099367141724