generations_elite-fitness_number-of-evaluations_time
0_27612.149_512_0.16856741905212402
1_27612.149_1536_0.7649526596069336
2_27612.149_2560_1.3932726383209229
3_27510.819_3584_2.028571367263794
4_27422.925_4608_2.3417346477508545
5_27422.925_5632_2.693794012069702
6_27378.212_6656_3.1715164184570312
7_27339.38_7680_3.8736369609832764
8_27260.408_8704_4.710399627685547
9_27201.133_9728_5.952078580856323
10_27174.658_10752_7.573740243911743
11_27122.228_11776_10.002246141433716
12_27075.498_12800_13.22163462638855
13_27048.385_13824_17.908098936080933
14_27034.445_14848_24.39574646949768
Function found (81nodes ):
	[-[ 0.44291523  0.53303397 -0.35285609 -1.12762219], -[ 0.44291523  0.53303397 -0.35285609 -1.12762219], -[ 0.44291523  0.53303397 -0.35285609 -1.12762219], 4.98, -[ 0.3945895   0.5030191  -0.3531355  -1.09760733], 4.98, 4.98, -[ 0.44291523  0.53303397 -0.35285609 -1.12762219], -[ 0.44291523  0.53303397 -0.35285609 -1.12762219], 4.98, 4.98, -[ 0.44291523  0.53303397 -0.35285609 -1.12762219], -[ 0.44291523  0.53303397 -0.35285609 -1.12762219], -[ 0.44291523  0.53303397 -0.35285609 -1.12762219], -[ 0.44291523  0.53303397 -0.35285609 -1.12762219], -[ 0.44291523  0.53303397 -0.35285609 -1.12762219], -[ 0.3945895   0.5030191  -0.3531355  -1.09760733], 4.98, 4.98, 4.98, 4.98, -[ 0.3945895   0.5030191  -0.3531355  -1.09760733], 4.98, 4.98, 4.98, -[ 0.44291523  0.53303397 -0.35285609 -1.12762219], -[ 0.3945895   0.5030191  -0.3531355  -1.09760733], 4.98, 4.98, -[ 0.44291523  0.53303397 -0.35285609 -1.12762219], 4.98, 4.98, -[ 0.44291523  0.53303397 -0.35285609 -1.12762219], -[ 0.44291523  0.53303397 -0.35285609 -1.12762219], -[ 0.44291523  0.53303397 -0.35285609 -1.12762219], -[ 0.44291523  0.53303397 -0.35285609 -1.12762219], -[ 0.44291523  0.53303397 -0.35285609 -1.12762219], -[ 0.44291523  0.53303397 -0.35285609 -1.12762219], 4.98, 4.98, 4.98, -[ 0.3945895   0.5030191  -0.3531355  -1.09760733], 4.98, 4.98, 4.98, -[ 0.44291523  0.53303397 -0.35285609 -1.12762219], -[ 0.44291523  0.53303397 -0.35285609 -1.12762219], -[ 0.44291523  0.53303397 -0.35285609 -1.12762219], 4.98, 4.98, -[ 0.44291523  0.53303397 -0.35285609 -1.12762219], 4.98, 4.98, -[ 0.44291523  0.53303397 -0.35285609 -1.12762219], -[ 0.44291523  0.53303397 -0.35285609 -1.12762219], -[ 0.44291523  0.53303397 -0.35285609 -1.12762219], -[ 0.44291523  0.53303397 -0.35285609 -1.12762219], 4.98, 4.98, 4.98, 4.98, -[ 0.3945895   0.5030191  -0.3531355  -1.09760733], 4.98, 4.98, -[ 0.44291523  0.53303397 -0.35285609 -1.12762219], -[ 0.44291523  0.53303397 -0.35285609 -1.12762219], -[ 0.44291523  0.53303397 -0.35285609 -1.12762219], 4.98, 4.98, -[ 0.44291523  0.53303397 -0.35285609 -1.12762219], -[ 0.44291523  0.53303397 -0.35285609 -1.12762219], 4.98, 4.98, -[ 0.44291523  0.53303397 -0.35285609 -1.12762219], 4.98, -[ 0.3945895   0.5030191  -0.3531355  -1.09760733], 4.98, 4.98, -[ 0.3945895   0.5030191  -0.3531355  -1.09760733], 4.98, 4.98]
Training
	MSE:27034.445
	Rsquared:-3.577
Test:
	MSE:26758.868
	Rsquared:-3.363
24.39574646949768