generations_elite-fitness_number-of-evaluations_time
0_27361.245_512_0.20744562149047852
1_27081.208_1536_0.7120974063873291
2_27081.208_2560_1.5418777465820312
3_27081.208_3584_2.145261764526367
4_27081.208_4608_2.66587233543396
5_27081.208_5632_3.2273807525634766
6_27081.208_6656_3.9653942584991455
7_27081.208_7680_5.10135817527771
8_27055.024_8704_6.497621297836304
9_27038.231_9728_8.528189897537231
10_27017.566_10752_11.401504278182983
11_26989.457_11776_15.354931116104126
12_26976.516_12800_20.48919701576233
Function found (45nodes ):
	[-[ 0.3945895   0.5030191  -0.3531355  -1.09760733], -[ 0.3945895   0.5030191  -0.3531355  -1.09760733], -[ 0.3945895   0.5030191  -0.3531355  -1.09760733], -[ 0.3945895   0.5030191  -0.3531355  -1.09760733], -[ 0.3945895   0.5030191  -0.3531355  -1.09760733], 4.66, -[ 0.3945895   0.5030191  -0.3531355  -1.09760733], 4.66, 4.66, 4.66, -[ 0.3945895   0.5030191  -0.3531355  -1.09760733], -[ 0.3945895   0.5030191  -0.3531355  -1.09760733], 4.66, 4.66, 4.844, -[ 0.3945895   0.5030191  -0.3531355  -1.09760733], -[ 0.3945895   0.5030191  -0.3531355  -1.09760733], -[ 0.3945895   0.5030191  -0.3531355  -1.09760733], 4.844, -[ 0.3945895   0.5030191  -0.3531355  -1.09760733], 4.554, 4.844, -[ 0.3945895   0.5030191  -0.3531355  -1.09760733], 4.66, 4.844, -[ 0.3945895   0.5030191  -0.3531355  -1.09760733], 4.709, 4.844, -[ 0.3945895   0.5030191  -0.3531355  -1.09760733], -[ 0.3945895   0.5030191  -0.3531355  -1.09760733], -[ 0.3945895   0.5030191  -0.3531355  -1.09760733], -[ 0.3945895   0.5030191  -0.3531355  -1.09760733], -[ 0.3945895   0.5030191  -0.3531355  -1.09760733], 4.709, 4.66, 4.709, 4.66, 4.709, -[ 0.3945895   0.5030191  -0.3531355  -1.09760733], -[ 0.3945895   0.5030191  -0.3531355  -1.09760733], 4.66, 4.66, -[ 0.3945895   0.5030191  -0.3531355  -1.09760733], 4.709, 4.844]
Training
	MSE:26976.516
	Rsquared:-3.614
Test:
	MSE:30451.976
	Rsquared:-3.605
20.490194082260132