generations_elite-fitness_number-of-evaluations_time
0_27527.401_512_0.17154216766357422
1_27527.401_1536_0.7011258602142334
2_27527.401_2560_1.6914947032928467
3_27443.222_3584_2.266937732696533
4_27443.222_4608_2.6997787952423096
5_27443.222_5632_3.0438592433929443
6_27415.211_6656_3.3450534343719482
7_27379.681_7680_3.783879518508911
8_27337.229_8704_4.4331440925598145
9_27311.729_9728_5.495302200317383
10_27285.164_10752_6.817763566970825
11_27261.282_11776_8.81542158126831
12_27249.688_12800_11.509216785430908
13_27229.596_13824_15.329001426696777
14_27214.672_14848_20.747506380081177
Function found (65nodes ):
	[-[ 0.3945895   0.5030191  -0.3531355  -1.09760733], -[ 0.3945895   0.5030191  -0.3531355  -1.09760733], -[ 0.3945895   0.5030191  -0.3531355  -1.09760733], -[ 0.3945895   0.5030191  -0.3531355  -1.09760733], 4.798, 4.798, -[ 0.3945895   0.5030191  -0.3531355  -1.09760733], 4.556, -[ 0.3945895   0.5030191  -0.3531355  -1.09760733], 4.798, 4.775, -[ 0.3945895   0.5030191  -0.3531355  -1.09760733], -[ 0.3945895   0.5030191  -0.3531355  -1.09760733], -[ 0.3945895   0.5030191  -0.3531355  -1.09760733], -[ 0.3945895   0.5030191  -0.3531355  -1.09760733], -[ 0.3945895   0.5030191  -0.3531355  -1.09760733], 4.556, 4.775, 4.775, -[ 0.3945895   0.5030191  -0.3531355  -1.09760733], 4.798, 4.775, 4.775, -[ 0.3945895   0.5030191  -0.3531355  -1.09760733], -[ 0.3945895   0.5030191  -0.3531355  -1.09760733], -[ 0.3945895   0.5030191  -0.3531355  -1.09760733], 4.556, 4.798, 4.775, -[ 0.3945895   0.5030191  -0.3531355  -1.09760733], -[ 0.3945895   0.5030191  -0.3531355  -1.09760733], 4.556, 4.775, -[ 0.3945895   0.5030191  -0.3531355  -1.09760733], 4.798, -[ 0.3945895   0.5030191  -0.3531355  -1.09760733], 4.556, 4.798, -[ 0.3945895   0.5030191  -0.3531355  -1.09760733], -[ 0.3945895   0.5030191  -0.3531355  -1.09760733], -[ 0.3945895   0.5030191  -0.3531355  -1.09760733], -[ 0.3945895   0.5030191  -0.3531355  -1.09760733], -[ 0.3945895   0.5030191  -0.3531355  -1.09760733], -[ 0.3945895   0.5030191  -0.3531355  -1.09760733], 4.556, 4.798, -[ 0.3945895   0.5030191  -0.3531355  -1.09760733], 4.798, 4.775, -[ 0.3945895   0.5030191  -0.3531355  -1.09760733], -[ 0.3945895   0.5030191  -0.3531355  -1.09760733], -[ 0.3945895   0.5030191  -0.3531355  -1.09760733], 4.556, 4.775, 4.775, -[ 0.3945895   0.5030191  -0.3531355  -1.09760733], 4.798, 4.775, 4.798, -[ 0.3945895   0.5030191  -0.3531355  -1.09760733], 4.556, 4.798, -[ 0.3945895   0.5030191  -0.3531355  -1.09760733], 4.556, 4.775]
Training
	MSE:27214.672
	Rsquared:-3.599
Test:
	MSE:28314.847
	Rsquared:-3.693
20.74850559234619