generations_elite-fitness_number-of-evaluations_time
0_27105.374_512_0.5924148559570312
1_27105.374_1536_1.1100289821624756
2_27105.374_2560_1.6795060634613037
3_27105.374_3584_2.1253139972686768
4_27032.972_4608_2.4235167503356934
5_26980.289_5632_2.7267062664031982
6_26956.537_6656_3.1166627407073975
7_26936.961_7680_3.8337631225585938
8_26888.962_8704_4.862991809844971
9_26863.256_9728_6.24329948425293
10_26838.998_10752_8.381579637527466
11_26830.993_11776_11.48827052116394
12_26814.979_12800_15.971278429031372
13_26808.244_13824_22.181668043136597
Function found (67nodes ):
	[-[ 0.3945895   0.5030191  -0.3531355  -1.09760733], -[ 0.3945895   0.5030191  -0.3531355  -1.09760733], -[ 0.3945895   0.5030191  -0.3531355  -1.09760733], 4.843, -[ 0.3945895   0.5030191  -0.3531355  -1.09760733], 4.843, -[ 0.3945895   0.5030191  -0.3531355  -1.09760733], 4.843, 4.186, -[ 0.3945895   0.5030191  -0.3531355  -1.09760733], 4.843, -[ 0.3945895   0.5030191  -0.3531355  -1.09760733], 4.726, -[ 0.3945895   0.5030191  -0.3531355  -1.09760733], -[ 0.3945895   0.5030191  -0.3531355  -1.09760733], 4.843, -[ 0.3945895   0.5030191  -0.3531355  -1.09760733], 4.843, -[ 0.3945895   0.5030191  -0.3531355  -1.09760733], 3.54, 4.186, -[ 0.3945895   0.5030191  -0.3531355  -1.09760733], 4.843, -[ 0.3945895   0.5030191  -0.3531355  -1.09760733], 4.843, -[ 0.3945895   0.5030191  -0.3531355  -1.09760733], 4.843, 4.843, -[ 0.3945895   0.5030191  -0.3531355  -1.09760733], -[ 0.3945895   0.5030191  -0.3531355  -1.09760733], -[ 0.3945895   0.5030191  -0.3531355  -1.09760733], -[ 0.3945895   0.5030191  -0.3531355  -1.09760733], 4.726, 4.666, -[ 0.3945895   0.5030191  -0.3531355  -1.09760733], 4.843, -[ 0.3945895   0.5030191  -0.3531355  -1.09760733], 4.843, -[ 0.3945895   0.5030191  -0.3531355  -1.09760733], 4.843, -[ 0.3945895   0.5030191  -0.3531355  -1.09760733], 4.843, -[ 0.3945895   0.5030191  -0.3531355  -1.09760733], 3.54, 4.186, -[ 0.3945895   0.5030191  -0.3531355  -1.09760733], -[ 0.3945895   0.5030191  -0.3531355  -1.09760733], 4.843, -[ 0.3945895   0.5030191  -0.3531355  -1.09760733], -[ 0.3945895   0.5030191  -0.3531355  -1.09760733], 4.843, 4.843, 4.843, -[ 0.3945895   0.5030191  -0.3531355  -1.09760733], 4.843, -[ 0.3945895   0.5030191  -0.3531355  -1.09760733], 4.843, -[ 0.3945895   0.5030191  -0.3531355  -1.09760733], 4.843, 4.186, -[ 0.3945895   0.5030191  -0.3531355  -1.09760733], 4.843, -[ 0.3945895   0.5030191  -0.3531355  -1.09760733], -[ 0.3945895   0.5030191  -0.3531355  -1.09760733], 4.726, 4.666, 4.843]
Training
	MSE:26808.244
	Rsquared:-3.499
Test:
	MSE:31983.303
	Rsquared:-4.971
22.18266487121582