generations_elite-fitness_number-of-evaluations_time
0_27646.791_512_0.16555476188659668
1_27646.791_1536_0.7001242637634277
2_27646.791_2560_1.3892977237701416
3_27646.791_3584_2.2609505653381348
4_27536.755_4608_2.6419308185577393
5_27529.494_5632_2.934149742126465
6_27525.641_6656_3.2802233695983887
7_27483.297_7680_3.760939598083496
8_27426.356_8704_4.4939775466918945
9_27405.179_9728_5.729672431945801
10_27370.765_10752_7.3313889503479
11_27347.232_11776_9.585359811782837
12_27328.079_12800_12.79178500175476
13_27326.318_13824_17.25692915916443
14_27309.507_14848_23.397416353225708
Function found (75nodes ):
	[-[ 0.3945895   0.5030191  -0.3531355  -1.09760733], -[ 0.3945895   0.5030191  -0.3531355  -1.09760733], -[ 0.3945895   0.5030191  -0.3531355  -1.09760733], -[ 0.3945895   0.5030191  -0.3531355  -1.09760733], 4.764, 4.764, -[ 0.3945895   0.5030191  -0.3531355  -1.09760733], -[ 0.3945895   0.5030191  -0.3531355  -1.09760733], -[ 0.3945895   0.5030191  -0.3531355  -1.09760733], -[ 0.3945895   0.5030191  -0.3531355  -1.09760733], 4.764, 4.694, -[ 0.3945895   0.5030191  -0.3531355  -1.09760733], 4.764, 4.764, 4.694, -[ 0.3945895   0.5030191  -0.3531355  -1.09760733], -[ 0.3945895   0.5030191  -0.3531355  -1.09760733], -[ 0.3945895   0.5030191  -0.3531355  -1.09760733], 4.764, -[ 0.3945895   0.5030191  -0.3531355  -1.09760733], 4.764, 4.764, 4.764, -[ 0.3945895   0.5030191  -0.3531355  -1.09760733], -[ 0.3945895   0.5030191  -0.3531355  -1.09760733], 4.764, 4.694, -[ 0.3945895   0.5030191  -0.3531355  -1.09760733], -[ 0.3945895   0.5030191  -0.3531355  -1.09760733], -[ 0.3945895   0.5030191  -0.3531355  -1.09760733], 4.764, 4.694, -[ 0.3945895   0.5030191  -0.3531355  -1.09760733], 4.764, 4.764, 4.694, -[ 0.3945895   0.5030191  -0.3531355  -1.09760733], -[ 0.3945895   0.5030191  -0.3531355  -1.09760733], 4.764, 4.764, -[ 0.3945895   0.5030191  -0.3531355  -1.09760733], 4.764, 4.764, -[ 0.3945895   0.5030191  -0.3531355  -1.09760733], -[ 0.3945895   0.5030191  -0.3531355  -1.09760733], -[ 0.3945895   0.5030191  -0.3531355  -1.09760733], 4.764, 4.764, -[ 0.3945895   0.5030191  -0.3531355  -1.09760733], 4.764, 4.764, -[ 0.3945895   0.5030191  -0.3531355  -1.09760733], -[ 0.3945895   0.5030191  -0.3531355  -1.09760733], -[ 0.3945895   0.5030191  -0.3531355  -1.09760733], -[ 0.3945895   0.5030191  -0.3531355  -1.09760733], 4.764, 4.694, -[ 0.3945895   0.5030191  -0.3531355  -1.09760733], 4.764, 4.764, 4.694, -[ 0.3945895   0.5030191  -0.3531355  -1.09760733], -[ 0.3945895   0.5030191  -0.3531355  -1.09760733], -[ 0.3945895   0.5030191  -0.3531355  -1.09760733], 4.764, -[ 0.3945895   0.5030191  -0.3531355  -1.09760733], 4.764, 4.764, 4.764, -[ 0.3945895   0.5030191  -0.3531355  -1.09760733], -[ 0.3945895   0.5030191  -0.3531355  -1.09760733], 4.764, 4.694, 4.764]
Training
	MSE:27309.507
	Rsquared:-3.583
Test:
	MSE:27315.751
	Rsquared:-3.825
23.397416353225708