generations_elite-fitness_number-of-evaluations_time
0_27950.036_512_0.18151402473449707
1_27950.036_1536_0.914553165435791
2_27950.036_2560_1.576781988143921
3_27896.627_3584_2.1013784408569336
4_27860.471_4608_2.4414703845977783
5_27860.471_5632_2.785551071166992
6_27831.125_6656_3.3231115341186523
7_27793.689_7680_4.22968602180481
8_27752.971_8704_5.401553392410278
9_27738.453_9728_7.175806522369385
10_27721.521_10752_9.663152694702148
11_27702.327_11776_13.292445659637451
12_27683.076_12800_18.252182006835938
13_27675.062_13824_24.58224844932556
Function found (51nodes ):
	[-[ 0.3945895   0.5030191  -0.3531355  -1.09760733], -[ 0.3945895   0.5030191  -0.3531355  -1.09760733], -[ 0.3945895   0.5030191  -0.3531355  -1.09760733], -[ 0.3945895   0.5030191  -0.3531355  -1.09760733], -[ 0.3945895   0.5030191  -0.3531355  -1.09760733], 4.626, 4.928, -[ 0.3945895   0.5030191  -0.3531355  -1.09760733], 4.928, 4.375, -[ 0.3945895   0.5030191  -0.3531355  -1.09760733], -[ 0.3945895   0.5030191  -0.3531355  -1.09760733], 4.626, 4.375, 4.928, -[ 0.3945895   0.5030191  -0.3531355  -1.09760733], -[ 0.3945895   0.5030191  -0.3531355  -1.09760733], 4.928, 4.928, -[ 0.3945895   0.5030191  -0.3531355  -1.09760733], -[ 0.3945895   0.5030191  -0.3531355  -1.09760733], 4.928, -[ 0.3945895   0.5030191  -0.3531355  -1.09760733], 4.928, 4.626, 4.928, -[ 0.3945895   0.5030191  -0.3531355  -1.09760733], -[ 0.3945895   0.5030191  -0.3531355  -1.09760733], -[ 0.3945895   0.5030191  -0.3531355  -1.09760733], 4.928, -[ 0.3945895   0.5030191  -0.3531355  -1.09760733], 4.626, 4.44, -[ 0.3945895   0.5030191  -0.3531355  -1.09760733], -[ 0.3945895   0.5030191  -0.3531355  -1.09760733], 4.928, 4.626, -[ 0.3945895   0.5030191  -0.3531355  -1.09760733], 4.626, 4.375, -[ 0.3945895   0.5030191  -0.3531355  -1.09760733], -[ 0.3945895   0.5030191  -0.3531355  -1.09760733], 4.928, -[ 0.3945895   0.5030191  -0.3531355  -1.09760733], 4.626, 4.44, -[ 0.3945895   0.5030191  -0.3531355  -1.09760733], -[ 0.3945895   0.5030191  -0.3531355  -1.09760733], 4.626, 4.698, 4.626]
Training
	MSE:27675.062
	Rsquared:-3.726
Test:
	MSE:23970.275
	Rsquared:-2.752
24.583245515823364