generations_elite-fitness_number-of-evaluations_time
0_27406.481_512_0.17852330207824707
1_27406.481_1536_0.713092565536499
2_27406.481_2560_1.3463988304138184
3_27328.51_3584_1.8889493942260742
4_27306.371_4608_2.4195303916931152
5_27306.371_5632_2.7616140842437744
6_27266.933_6656_3.241330862045288
7_27218.49_7680_4.00827956199646
8_27198.953_8704_5.092379331588745
9_27179.403_9728_6.789842844009399
10_27153.35_10752_9.14454197883606
11_27138.59_11776_12.327028274536133
12_27131.194_12800_16.984583377838135
13_27124.118_13824_23.071290254592896
Function found (67nodes ):
	[-[ 0.3945895   0.5030191  -0.3531355  -1.09760733], -[ 0.3945895   0.5030191  -0.3531355  -1.09760733], -[ 0.3945895   0.5030191  -0.3531355  -1.09760733], -[ 0.3945895   0.5030191  -0.3531355  -1.09760733], 4.988, -[ 0.3945895   0.5030191  -0.3531355  -1.09760733], 4.988, 4.988, -[ 0.3945895   0.5030191  -0.3531355  -1.09760733], -[ 0.3945895   0.5030191  -0.3531355  -1.09760733], 4.988, 4.988, -[ 0.3945895   0.5030191  -0.3531355  -1.09760733], -[ 0.3945895   0.5030191  -0.3531355  -1.09760733], 4.988, 4.988, 4.968, -[ 0.3945895   0.5030191  -0.3531355  -1.09760733], -[ 0.3945895   0.5030191  -0.3531355  -1.09760733], 4.988, 4.988, 4.988, -[ 0.3945895   0.5030191  -0.3531355  -1.09760733], -[ 0.3945895   0.5030191  -0.3531355  -1.09760733], 4.988, -[ 0.3945895   0.5030191  -0.3531355  -1.09760733], -[ 0.3945895   0.5030191  -0.3531355  -1.09760733], 4.988, 4.988, 4.988, -[ 0.3945895   0.5030191  -0.3531355  -1.09760733], -[ 0.3945895   0.5030191  -0.3531355  -1.09760733], -[ 0.3945895   0.5030191  -0.3531355  -1.09760733], -[ 0.3945895   0.5030191  -0.3531355  -1.09760733], 4.988, -[ 0.3945895   0.5030191  -0.3531355  -1.09760733], 4.988, 4.988, -[ 0.3945895   0.5030191  -0.3531355  -1.09760733], -[ 0.3945895   0.5030191  -0.3531355  -1.09760733], 4.988, 4.988, -[ 0.3945895   0.5030191  -0.3531355  -1.09760733], -[ 0.3945895   0.5030191  -0.3531355  -1.09760733], 4.988, 4.988, 4.968, -[ 0.3945895   0.5030191  -0.3531355  -1.09760733], -[ 0.3945895   0.5030191  -0.3531355  -1.09760733], 4.988, 4.988, 4.988, -[ 0.3945895   0.5030191  -0.3531355  -1.09760733], -[ 0.3945895   0.5030191  -0.3531355  -1.09760733], 4.988, -[ 0.3945895   0.5030191  -0.3531355  -1.09760733], -[ 0.3945895   0.5030191  -0.3531355  -1.09760733], 4.988, 4.988, 4.988, -[ 0.3945895   0.5030191  -0.3531355  -1.09760733], -[ 0.3945895   0.5030191  -0.3531355  -1.09760733], -[ 0.3945895   0.5030191  -0.3531355  -1.09760733], 4.968, 4.796, 4.988, 4.988]
Training
	MSE:27124.118
	Rsquared:-3.543
Test:
	MSE:28869.788
	Rsquared:-4.233
23.0722873210907