generations_elite-fitness_number-of-evaluations_time
0_27810.256_512_0.17353558540344238
1_27810.256_1536_0.7071082592010498
2_27810.256_2560_1.4032459259033203
3_27810.256_3584_2.034557819366455
4_27691.827_4608_2.5801002979278564
5_27691.58_5632_2.86733078956604
6_27653.772_6656_3.295185089111328
7_27638.863_7680_4.086069345474243
8_27603.421_8704_5.280874252319336
9_27578.578_9728_7.048147201538086
10_27561.751_10752_9.531505107879639
11_27541.755_11776_13.106942415237427
12_27534.13_12800_18.209293842315674
13_27524.758_13824_25.242482900619507
Function found (63nodes ):
	[-[ 0.3945895   0.5030191  -0.3531355  -1.09760733], -[ 0.3945895   0.5030191  -0.3531355  -1.09760733], -[ 0.3945895   0.5030191  -0.3531355  -1.09760733], -[ 0.3945895   0.5030191  -0.3531355  -1.09760733], 4.905, 4.905, -[ 0.3945895   0.5030191  -0.3531355  -1.09760733], -[ 0.3945895   0.5030191  -0.3531355  -1.09760733], 4.981, 4.905, -[ 0.3945895   0.5030191  -0.3531355  -1.09760733], 4.905, 4.905, -[ 0.3945895   0.5030191  -0.3531355  -1.09760733], -[ 0.3945895   0.5030191  -0.3531355  -1.09760733], 4.721, 4.899, -[ 0.3945895   0.5030191  -0.3531355  -1.09760733], -[ 0.3945895   0.5030191  -0.3531355  -1.09760733], 4.721, 4.905, -[ 0.3945895   0.5030191  -0.3531355  -1.09760733], -[ 0.3945895   0.5030191  -0.3531355  -1.09760733], 4.905, 4.905, 4.981, -[ 0.3945895   0.5030191  -0.3531355  -1.09760733], -[ 0.3945895   0.5030191  -0.3531355  -1.09760733], -[ 0.3945895   0.5030191  -0.3531355  -1.09760733], -[ 0.3945895   0.5030191  -0.3531355  -1.09760733], 4.905, 4.905, -[ 0.3945895   0.5030191  -0.3531355  -1.09760733], -[ 0.3945895   0.5030191  -0.3531355  -1.09760733], 4.981, 4.905, -[ 0.3945895   0.5030191  -0.3531355  -1.09760733], 4.905, 4.905, -[ 0.3945895   0.5030191  -0.3531355  -1.09760733], -[ 0.3945895   0.5030191  -0.3531355  -1.09760733], 4.721, 4.899, -[ 0.3945895   0.5030191  -0.3531355  -1.09760733], -[ 0.3945895   0.5030191  -0.3531355  -1.09760733], 4.721, 4.905, -[ 0.3945895   0.5030191  -0.3531355  -1.09760733], -[ 0.3945895   0.5030191  -0.3531355  -1.09760733], 4.905, 4.905, 4.981, -[ 0.3945895   0.5030191  -0.3531355  -1.09760733], -[ 0.3945895   0.5030191  -0.3531355  -1.09760733], 4.721, -[ 0.3945895   0.5030191  -0.3531355  -1.09760733], -[ 0.3945895   0.5030191  -0.3531355  -1.09760733], 4.721, 4.905, -[ 0.3945895   0.5030191  -0.3531355  -1.09760733], 4.905, 4.905, 4.905]
Training
	MSE:27524.758
	Rsquared:-3.625
Test:
	MSE:25262.825
	Rsquared:-3.437
25.24347972869873