generations_elite-fitness_number-of-evaluations_time
0_27305.144_512_0.18650102615356445
1_27305.144_1536_0.7320413589477539
2_27305.144_2560_1.4321746826171875
3_27266.344_3584_1.9926707744598389
4_27202.951_4608_2.6808290481567383
5_27189.065_5632_3.1725144386291504
6_27153.047_6656_3.892604351043701
7_27112.504_7680_4.805147647857666
8_27094.718_8704_6.205405235290527
9_27062.838_9728_7.9776611328125
10_27051.755_10752_10.500912427902222
11_27024.637_11776_14.17807674407959
12_27021.352_12800_19.153768062591553
13_27020.969_13824_26.20091962814331
Function found (57nodes ):
	[-[ 0.3945895   0.5030191  -0.3531355  -1.09760733], -[ 0.3945895   0.5030191  -0.3531355  -1.09760733], -[ 0.3945895   0.5030191  -0.3531355  -1.09760733], -[ 0.3945895   0.5030191  -0.3531355  -1.09760733], -[ 0.3945895   0.5030191  -0.3531355  -1.09760733], 4.956, -[ 0.3945895   0.5030191  -0.3531355  -1.09760733], 4.956, 4.956, -[ 0.3945895   0.5030191  -0.3531355  -1.09760733], 4.956, 4.956, 4.956, -[ 0.3945895   0.5030191  -0.3531355  -1.09760733], -[ 0.3945895   0.5030191  -0.3531355  -1.09760733], 4.956, -[ 0.3945895   0.5030191  -0.3531355  -1.09760733], 4.956, 4.956, -[ 0.3945895   0.5030191  -0.3531355  -1.09760733], 4.956, 4.956, -[ 0.3945895   0.5030191  -0.3531355  -1.09760733], -[ 0.3945895   0.5030191  -0.3531355  -1.09760733], -[ 0.3945895   0.5030191  -0.3531355  -1.09760733], +[-0.09020126 -0.67726408  0.97114319  0.58570346], x2, -[ 0.3945895   0.5030191  -0.3531355  -1.09760733], -[ 0.3945895   0.5030191  -0.3531355  -1.09760733], -[ 0.3945895   0.5030191  -0.3531355  -1.09760733], 4.956, -[ 0.3945895   0.5030191  -0.3531355  -1.09760733], -[ 0.3945895   0.5030191  -0.3531355  -1.09760733], 4.956, 4.956, 4.956, -[ 0.3945895   0.5030191  -0.3531355  -1.09760733], -[ 0.3945895   0.5030191  -0.3531355  -1.09760733], 4.956, 4.306, 4.956, -[ 0.3945895   0.5030191  -0.3531355  -1.09760733], 4.956, 4.306, 4.956, -[ 0.3945895   0.5030191  -0.3531355  -1.09760733], 4.956, -[ 0.3945895   0.5030191  -0.3531355  -1.09760733], 4.956, 4.956, -[ 0.3945895   0.5030191  -0.3531355  -1.09760733], -[ 0.3945895   0.5030191  -0.3531355  -1.09760733], 4.956, 4.956, -[ 0.3945895   0.5030191  -0.3531355  -1.09760733], 4.956, 4.956]
Training
	MSE:27020.969
	Rsquared:-3.516
Test:
	MSE:29870.762
	Rsquared:-4.613
26.20091962814331