generations_elite-fitness_number-of-evaluations_time
0_27464.171_512_0.17553114891052246
1_27464.171_1536_0.7260582447052002
2_27464.171_2560_1.5209324359893799
3_27464.171_3584_2.096392869949341
4_27443.7_4608_2.507294178009033
5_27396.096_5632_2.801506757736206
6_27353.538_6656_3.128631591796875
7_27309.961_7680_3.612338066101074
8_27270.999_8704_4.248638153076172
9_27241.365_9728_5.1592018604278564
10_27218.93_10752_6.429053544998169
11_27206.09_11776_8.263896465301514
12_27186.089_12800_11.466331005096436
13_27165.375_13824_15.956322193145752
14_27152.71_14848_22.241510152816772
Function found (67nodes ):
	[-[ 0.3945895   0.5030191  -0.3531355  -1.09760733], -[ 0.3945895   0.5030191  -0.3531355  -1.09760733], -[ 0.3945895   0.5030191  -0.3531355  -1.09760733], -[ 0.3945895   0.5030191  -0.3531355  -1.09760733], -[ 0.3945895   0.5030191  -0.3531355  -1.09760733], 4.854, -[ 0.3945895   0.5030191  -0.3531355  -1.09760733], 4.854, 4.444, 4.854, -[ 0.3945895   0.5030191  -0.3531355  -1.09760733], -[ 0.3945895   0.5030191  -0.3531355  -1.09760733], -[ 0.3945895   0.5030191  -0.3531355  -1.09760733], 4.854, 4.854, 4.854, -[ 0.3945895   0.5030191  -0.3531355  -1.09760733], 4.854, 4.854, -[ 0.3945895   0.5030191  -0.3531355  -1.09760733], -[ 0.3945895   0.5030191  -0.3531355  -1.09760733], -[ 0.3945895   0.5030191  -0.3531355  -1.09760733], -[ 0.3945895   0.5030191  -0.3531355  -1.09760733], -[ 0.3945895   0.5030191  -0.3531355  -1.09760733], 4.444, 4.854, -[ 0.3945895   0.5030191  -0.3531355  -1.09760733], -[ 0.3945895   0.5030191  -0.3531355  -1.09760733], 4.854, -[ 0.3945895   0.5030191  -0.3531355  -1.09760733], -[ 0.3945895   0.5030191  -0.3531355  -1.09760733], 4.854, 4.854, -[ 0.3945895   0.5030191  -0.3531355  -1.09760733], 4.854, 4.854, 4.854, 4.854, 4.854, -[ 0.3945895   0.5030191  -0.3531355  -1.09760733], -[ 0.3945895   0.5030191  -0.3531355  -1.09760733], -[ 0.3945895   0.5030191  -0.3531355  -1.09760733], 4.854, 4.854, 4.854, -[ 0.3945895   0.5030191  -0.3531355  -1.09760733], -[ 0.3945895   0.5030191  -0.3531355  -1.09760733], 4.854, 4.854, 4.854, -[ 0.3945895   0.5030191  -0.3531355  -1.09760733], -[ 0.3945895   0.5030191  -0.3531355  -1.09760733], 4.854, 4.854, -[ 0.3945895   0.5030191  -0.3531355  -1.09760733], -[ 0.3945895   0.5030191  -0.3531355  -1.09760733], -[ 0.3945895   0.5030191  -0.3531355  -1.09760733], 4.854, 4.854, 4.854, -[ 0.3945895   0.5030191  -0.3531355  -1.09760733], -[ 0.3945895   0.5030191  -0.3531355  -1.09760733], 4.15, 4.854, -[ 0.3945895   0.5030191  -0.3531355  -1.09760733], 4.854, 4.444]
Training
	MSE:27152.71
	Rsquared:-3.702
Test:
	MSE:28729.333
	Rsquared:-2.917
22.241510152816772