generations_elite-fitness_number-of-evaluations_time
0_27888.7_512_0.20245790481567383
1_27888.7_1536_0.7589690685272217
2_27888.7_2560_1.4142165184020996
3_27863.709_3584_1.9837098121643066
4_27846.418_4608_2.324782609939575
5_27781.656_5632_3.049844741821289
6_27743.918_6656_3.5435233116149902
7_27698.321_7680_4.28454065322876
8_27648.846_8704_5.391577959060669
9_27639.567_9728_7.007256031036377
10_27620.36_10752_9.317078351974487
11_27610.139_11776_12.434739828109741
12_27591.397_12800_16.56070351600647
13_27579.154_13824_22.428024530410767
Function found (67nodes ):
	[-[ 0.3945895   0.5030191  -0.3531355  -1.09760733], -[ 0.3945895   0.5030191  -0.3531355  -1.09760733], -[ 0.3945895   0.5030191  -0.3531355  -1.09760733], -[ 0.3945895   0.5030191  -0.3531355  -1.09760733], 4.908, -[ 0.3945895   0.5030191  -0.3531355  -1.09760733], 4.908, -[ 0.3945895   0.5030191  -0.3531355  -1.09760733], 4.908, 4.908, -[ 0.3945895   0.5030191  -0.3531355  -1.09760733], 4.908, 4.908, -[ 0.3945895   0.5030191  -0.3531355  -1.09760733], -[ 0.3945895   0.5030191  -0.3531355  -1.09760733], -[ 0.3945895   0.5030191  -0.3531355  -1.09760733], 4.908, -[ 0.3945895   0.5030191  -0.3531355  -1.09760733], 4.908, 4.908, -[ 0.3945895   0.5030191  -0.3531355  -1.09760733], -[ 0.3945895   0.5030191  -0.3531355  -1.09760733], 4.908, -[ 0.3945895   0.5030191  -0.3531355  -1.09760733], -[ 0.3945895   0.5030191  -0.3531355  -1.09760733], 4.908, 4.908, -[ 0.3945895   0.5030191  -0.3531355  -1.09760733], -[ 0.3945895   0.5030191  -0.3531355  -1.09760733], 4.908, 4.121, 4.908, -[ 0.3945895   0.5030191  -0.3531355  -1.09760733], 4.908, 4.908, -[ 0.3945895   0.5030191  -0.3531355  -1.09760733], 4.908, 4.908, -[ 0.3945895   0.5030191  -0.3531355  -1.09760733], -[ 0.3945895   0.5030191  -0.3531355  -1.09760733], -[ 0.3945895   0.5030191  -0.3531355  -1.09760733], -[ 0.3945895   0.5030191  -0.3531355  -1.09760733], 4.908, 4.908, 4.908, -[ 0.3945895   0.5030191  -0.3531355  -1.09760733], 4.908, 4.908, -[ 0.3945895   0.5030191  -0.3531355  -1.09760733], -[ 0.3945895   0.5030191  -0.3531355  -1.09760733], -[ 0.3945895   0.5030191  -0.3531355  -1.09760733], -[ 0.3945895   0.5030191  -0.3531355  -1.09760733], 4.908, 4.908, 4.908, -[ 0.3945895   0.5030191  -0.3531355  -1.09760733], -[ 0.3945895   0.5030191  -0.3531355  -1.09760733], -[ 0.3945895   0.5030191  -0.3531355  -1.09760733], 4.908, 4.908, -[ 0.3945895   0.5030191  -0.3531355  -1.09760733], 4.908, 4.908, 4.908, -[ 0.3945895   0.5030191  -0.3531355  -1.09760733], 4.908, 4.863]
Training
	MSE:27579.154
	Rsquared:-3.573
Test:
	MSE:24744.592
	Rsquared:-3.969
22.428024530410767