generations_elite-fitness_number-of-evaluations_time
0_27669.264_512_0.17253899574279785
1_27669.264_1536_0.6961376667022705
2_27669.264_2560_1.6306378841400146
3_27599.01_3584_2.107363224029541
4_27552.879_4608_2.465404510498047
5_27552.879_5632_2.8054964542388916
6_27511.854_6656_3.320120096206665
7_27466.059_7680_4.024237394332886
8_27433.545_8704_5.125290870666504
9_27407.222_9728_6.5674333572387695
10_27391.715_10752_8.59700608253479
11_27372.84_11776_11.552100896835327
12_27358.318_12800_15.698011875152588
13_27343.375_13824_21.047702312469482
Function found (79nodes ):
	[-[ 0.3945895   0.5030191  -0.3531355  -1.09760733], -[ 0.3945895   0.5030191  -0.3531355  -1.09760733], -[ 0.3945895   0.5030191  -0.3531355  -1.09760733], -[ 0.3945895   0.5030191  -0.3531355  -1.09760733], -[ 0.3945895   0.5030191  -0.3531355  -1.09760733], 4.778, 4.334, -[ 0.3945895   0.5030191  -0.3531355  -1.09760733], -[ 0.3945895   0.5030191  -0.3531355  -1.09760733], 4.778, 4.778, -[ 0.3945895   0.5030191  -0.3531355  -1.09760733], -[ 0.3945895   0.5030191  -0.3531355  -1.09760733], 4.778, 4.778, 4.778, -[ 0.3945895   0.5030191  -0.3531355  -1.09760733], -[ 0.3945895   0.5030191  -0.3531355  -1.09760733], 4.778, -[ 0.3945895   0.5030191  -0.3531355  -1.09760733], -[ 0.3945895   0.5030191  -0.3531355  -1.09760733], 4.778, -[ 0.3945895   0.5030191  -0.3531355  -1.09760733], 4.778, -[ 0.3945895   0.5030191  -0.3531355  -1.09760733], 4.778, 4.778, -[ 0.3945895   0.5030191  -0.3531355  -1.09760733], 4.778, 4.334, -[ 0.3945895   0.5030191  -0.3531355  -1.09760733], -[ 0.3945895   0.5030191  -0.3531355  -1.09760733], -[ 0.3945895   0.5030191  -0.3531355  -1.09760733], 4.778, 4.778, 4.778, -[ 0.3945895   0.5030191  -0.3531355  -1.09760733], 4.778, 4.334, -[ 0.3945895   0.5030191  -0.3531355  -1.09760733], 4.778, 4.334, -[ 0.3945895   0.5030191  -0.3531355  -1.09760733], -[ 0.3945895   0.5030191  -0.3531355  -1.09760733], -[ 0.3945895   0.5030191  -0.3531355  -1.09760733], -[ 0.3945895   0.5030191  -0.3531355  -1.09760733], 4.778, -[ 0.3945895   0.5030191  -0.3531355  -1.09760733], 4.778, 4.778, 4.778, -[ 0.3945895   0.5030191  -0.3531355  -1.09760733], 4.778, -[ 0.3945895   0.5030191  -0.3531355  -1.09760733], 4.778, 4.778, -[ 0.3945895   0.5030191  -0.3531355  -1.09760733], -[ 0.3945895   0.5030191  -0.3531355  -1.09760733], -[ 0.3945895   0.5030191  -0.3531355  -1.09760733], 4.778, 4.778, 4.778, -[ 0.3945895   0.5030191  -0.3531355  -1.09760733], -[ 0.3945895   0.5030191  -0.3531355  -1.09760733], -[ 0.3945895   0.5030191  -0.3531355  -1.09760733], -[ 0.3945895   0.5030191  -0.3531355  -1.09760733], -[ 0.3945895   0.5030191  -0.3531355  -1.09760733], 4.778, 4.778, 4.334, -[ 0.3945895   0.5030191  -0.3531355  -1.09760733], 4.778, 4.334, -[ 0.3945895   0.5030191  -0.3531355  -1.09760733], 4.778, 4.778, -[ 0.3945895   0.5030191  -0.3531355  -1.09760733], 4.778, 4.778]
Training
	MSE:27343.375
	Rsquared:-3.607
Test:
	MSE:27086.358
	Rsquared:-3.604
21.047702312469482