generations_elite-fitness_number-of-evaluations_time
0_27593.156_512_0.1685490608215332
1_27593.156_1536_0.7150852680206299
2_27593.156_2560_1.4132189750671387
3_27487.325_3584_2.0445303916931152
4_27487.325_4608_2.411548376083374
5_27487.325_5632_2.7596211433410645
6_27445.636_6656_3.3659956455230713
7_27408.361_7680_4.098037958145142
8_27373.779_8704_5.16119384765625
9_27343.619_9728_6.745956182479858
10_27329.551_10752_9.108635663986206
11_27313.749_11776_12.324034690856934
12_27300.867_12800_17.03942322731018
13_27295.094_13824_23.53804087638855
Function found (65nodes ):
	[-[ 0.3945895   0.5030191  -0.3531355  -1.09760733], -[ 0.3945895   0.5030191  -0.3531355  -1.09760733], -[ 0.3945895   0.5030191  -0.3531355  -1.09760733], -[ 0.3945895   0.5030191  -0.3531355  -1.09760733], 4.922, 4.922, -[ 0.3945895   0.5030191  -0.3531355  -1.09760733], -[ 0.3945895   0.5030191  -0.3531355  -1.09760733], 4.922, 4.922, -[ 0.3945895   0.5030191  -0.3531355  -1.09760733], 4.922, -[ 0.3945895   0.5030191  -0.3531355  -1.09760733], 4.922, 4.922, -[ 0.3945895   0.5030191  -0.3531355  -1.09760733], -[ 0.3945895   0.5030191  -0.3531355  -1.09760733], -[ 0.3945895   0.5030191  -0.3531355  -1.09760733], -[ 0.3945895   0.5030191  -0.3531355  -1.09760733], -[ 0.3945895   0.5030191  -0.3531355  -1.09760733], -[ 0.3945895   0.5030191  -0.3531355  -1.09760733], -[ 0.3945895   0.5030191  -0.3531355  -1.09760733], 4.922, 4.922, 4.922, -[ 0.3945895   0.5030191  -0.3531355  -1.09760733], 4.922, -[ 0.3945895   0.5030191  -0.3531355  -1.09760733], 4.922, 4.922, 4.922, -[ 0.3945895   0.5030191  -0.3531355  -1.09760733], -[ 0.3945895   0.5030191  -0.3531355  -1.09760733], 4.922, 4.922, -[ 0.3945895   0.5030191  -0.3531355  -1.09760733], 4.922, -[ 0.3945895   0.5030191  -0.3531355  -1.09760733], 4.922, 4.922, -[ 0.3945895   0.5030191  -0.3531355  -1.09760733], 4.922, -[ 0.3945895   0.5030191  -0.3531355  -1.09760733], 4.922, 4.922, -[ 0.3945895   0.5030191  -0.3531355  -1.09760733], 4.922, 4.922, -[ 0.3945895   0.5030191  -0.3531355  -1.09760733], -[ 0.3945895   0.5030191  -0.3531355  -1.09760733], 4.922, -[ 0.3945895   0.5030191  -0.3531355  -1.09760733], 4.922, 4.922, -[ 0.3945895   0.5030191  -0.3531355  -1.09760733], -[ 0.3945895   0.5030191  -0.3531355  -1.09760733], -[ 0.3945895   0.5030191  -0.3531355  -1.09760733], -[ 0.3945895   0.5030191  -0.3531355  -1.09760733], 4.922, 4.922, 4.922, 4.922, -[ 0.3945895   0.5030191  -0.3531355  -1.09760733], 4.922, 4.922]
Training
	MSE:27295.094
	Rsquared:-3.701
Test:
	MSE:27382.977
	Rsquared:-2.89
23.53804087638855