generations_elite-fitness_number-of-evaluations_time
0_28622.959_512_0.11388993263244629
1_28622.959_1024_0.39689087867736816
2_28382.509_1536_0.644925594329834
3_28304.258_2048_0.9728038311004639
4_27102.296_2560_1.2929353713989258
5_27102.296_3072_1.6260943412780762
6_24897.572_3584_2.113354444503784
7_23311.644_4096_2.6081161499023438
8_14720.393_4608_3.251763343811035
9_14110.468_5120_4.240875244140625
10_9241.563_5632_5.577030181884766
11_8217.583_6144_7.200336456298828
12_8217.583_6656_9.526976346969604
13_6176.669_7168_12.167482137680054
14_5649.766_7680_15.5630521774292
15_4927.964_8192_19.377742528915405
16_4927.964_8702_23.667054176330566
Function found (65nodes ):
	[*[-0.15110135 -1.74308615 -0.73301158  0.60315108], 4.536, -[-1.06140324 -1.66318338 -0.26658226  0.64223555], *[-0.15110135 -1.74308615 -0.73301158  0.60315108], /[ 0.41597758 -0.17425604 -1.40282841  0.22986696], 4.536, x9, *[-0.15110135 -1.74308615 -0.73301158  0.60315108], *[-0.15110135 -1.74308615 -0.73301158  0.60315108], 4.204, -[-1.06140324 -1.66318338 -0.26658226  0.64223555], *[-0.15110135 -1.74308615 -0.73301158  0.60315108], 4.536, *[-0.15110135 -1.74308615 -0.73301158  0.60315108], 4.204, -4.411, 4.536, -4.411, -[-1.06140324 -1.66318338 -0.26658226  0.64223555], *[-0.15110135 -1.74308615 -0.73301158  0.60315108], -[-1.06140324 -1.66318338 -0.26658226  0.64223555], *[-0.15110135 -1.74308615 -0.73301158  0.60315108], 4.536, *[-0.15110135 -1.74308615 -0.73301158  0.60315108], -[-1.06140324 -1.66318338 -0.26658226  0.64223555], *[-0.15110135 -1.74308615 -0.73301158  0.60315108], -[-1.06140324 -1.66318338 -0.26658226  0.64223555], *[-0.15110135 -1.74308615 -0.73301158  0.60315108], -[-1.06140324 -1.66318338 -0.26658226  0.64223555], *[-0.15110135 -1.74308615 -0.73301158  0.60315108], 4.536, *[-0.15110135 -1.74308615 -0.73301158  0.60315108], 4.204, -4.411, 3.447, *[-0.15110135 -1.74308615 -0.73301158  0.60315108], *[-0.15110135 -1.74308615 -0.73301158  0.60315108], 4.204, 3.428, -4.411, -[-1.06140324 -1.66318338 -0.26658226  0.64223555], *[-0.15110135 -1.74308615 -0.73301158  0.60315108], /[ 0.41597758 -0.17425604 -1.40282841  0.22986696], 4.536, x7, -4.411, /[ 0.41597758 -0.17425604 -1.40282841  0.22986696], 4.536, x9, *[-0.15110135 -1.74308615 -0.73301158  0.60315108], *[-0.15110135 -1.74308615 -0.73301158  0.60315108], 4.204, /[ 0.41597758 -0.17425604 -1.40282841  0.22986696], 4.536, x2, -4.411, 4.204, -4.411, 4.536, *[-0.15110135 -1.74308615 -0.73301158  0.60315108], *[-0.15110135 -1.74308615 -0.73301158  0.60315108], 4.204, 3.428, -4.411, 3.447]
Training
	MSE:4927.964
	Rsquared:0.159
Test:
	MSE:5026.242
	Rsquared:0.161
23.66721510887146