generations_elite-fitness_number-of-evaluations_time
0_27585.62_512_0.1765275001525879
1_27585.62_1536_0.801856517791748
2_27585.62_2560_1.4152154922485352
3_27554.857_3584_1.8720214366912842
4_27482.187_4608_2.2110869884490967
5_27469.653_5632_2.6618800163269043
6_27431.881_6656_3.350039005279541
7_27398.413_7680_4.367318153381348
8_27368.264_8704_5.688783884048462
9_27336.738_9728_7.738301992416382
10_27319.733_10752_10.526843786239624
11_27312.536_11776_14.49622631072998
12_27300.99_12800_20.267788648605347
Function found (49nodes ):
	[-[ 0.3945895   0.5030191  -0.3531355  -1.09760733], -[ 0.3945895   0.5030191  -0.3531355  -1.09760733], -[ 0.3945895   0.5030191  -0.3531355  -1.09760733], -[ 0.3945895   0.5030191  -0.3531355  -1.09760733], 4.95, -[ 0.3945895   0.5030191  -0.3531355  -1.09760733], 4.95, 4.95, -[ 0.3945895   0.5030191  -0.3531355  -1.09760733], 4.95, -[ 0.3945895   0.5030191  -0.3531355  -1.09760733], -[ 0.3945895   0.5030191  -0.3531355  -1.09760733], 4.95, 4.95, 4.95, -[ 0.3945895   0.5030191  -0.3531355  -1.09760733], -[ 0.3945895   0.5030191  -0.3531355  -1.09760733], -[ 0.3945895   0.5030191  -0.3531355  -1.09760733], -[ 0.3945895   0.5030191  -0.3531355  -1.09760733], 4.547, 4.95, -[ 0.3945895   0.5030191  -0.3531355  -1.09760733], 4.95, 4.95, -[ 0.3945895   0.5030191  -0.3531355  -1.09760733], 4.95, -[ 0.3945895   0.5030191  -0.3531355  -1.09760733], 4.547, 4.95, -[ 0.3945895   0.5030191  -0.3531355  -1.09760733], 4.95, -[ 0.3945895   0.5030191  -0.3531355  -1.09760733], 4.95, -[ 0.3945895   0.5030191  -0.3531355  -1.09760733], 4.547, 4.95, -[ 0.3945895   0.5030191  -0.3531355  -1.09760733], -[ 0.3945895   0.5030191  -0.3531355  -1.09760733], -[ 0.3945895   0.5030191  -0.3531355  -1.09760733], 4.547, 4.95, -[ 0.3945895   0.5030191  -0.3531355  -1.09760733], 4.95, 4.95, -[ 0.3945895   0.5030191  -0.3531355  -1.09760733], 4.95, -[ 0.3945895   0.5030191  -0.3531355  -1.09760733], 4.547, 4.95]
Training
	MSE:27300.99
	Rsquared:-3.603
Test:
	MSE:27371.559
	Rsquared:-3.627
20.267788648605347