generations_elite-fitness_number-of-evaluations_time
0_28346.631_512_0.15059876441955566
1_28346.631_1536_0.9733967781066895
2_28300.992_2560_1.565812349319458
3_28124.372_3584_2.076446056365967
4_28120.034_4608_2.5003132820129395
5_28070.701_5632_3.0209197998046875
6_28018.742_6656_3.593388557434082
7_27950.736_7680_4.546838998794556
8_27934.617_8704_5.64988899230957
9_27916.889_9728_7.226670026779175
10_27890.408_10752_9.347996950149536
11_27885.045_11776_12.22131085395813
12_27864.95_12800_16.13683772087097
13_27850.111_13824_21.954278230667114
Function found (55nodes ):
	[-[ 0.3945895   0.5030191  -0.3531355  -1.09760733], -[ 0.3945895   0.5030191  -0.3531355  -1.09760733], -[ 0.3945895   0.5030191  -0.3531355  -1.09760733], -[ 0.3945895   0.5030191  -0.3531355  -1.09760733], -[ 0.3945895   0.5030191  -0.3531355  -1.09760733], 4.883, 4.883, -[ 0.3945895   0.5030191  -0.3531355  -1.09760733], 4.883, 4.883, 4.883, -[ 0.3945895   0.5030191  -0.3531355  -1.09760733], -[ 0.3945895   0.5030191  -0.3531355  -1.09760733], -[ 0.3945895   0.5030191  -0.3531355  -1.09760733], -[ 0.3945895   0.5030191  -0.3531355  -1.09760733], -[ 0.3945895   0.5030191  -0.3531355  -1.09760733], 4.883, 4.883, -[ 0.3945895   0.5030191  -0.3531355  -1.09760733], 4.883, 4.883, -[ 0.3945895   0.5030191  -0.3531355  -1.09760733], 4.645, 4.499, -[ 0.3945895   0.5030191  -0.3531355  -1.09760733], 4.883, 4.883, 4.883, -[ 0.3945895   0.5030191  -0.3531355  -1.09760733], -[ 0.3945895   0.5030191  -0.3531355  -1.09760733], -[ 0.3945895   0.5030191  -0.3531355  -1.09760733], -[ 0.3945895   0.5030191  -0.3531355  -1.09760733], 4.883, -[ 0.3945895   0.5030191  -0.3531355  -1.09760733], 4.883, 4.45, -[ 0.3945895   0.5030191  -0.3531355  -1.09760733], -[ 0.3945895   0.5030191  -0.3531355  -1.09760733], 4.883, -[ 0.3945895   0.5030191  -0.3531355  -1.09760733], 4.645, 4.883, -[ 0.3945895   0.5030191  -0.3531355  -1.09760733], 4.226, 4.883, -[ 0.3945895   0.5030191  -0.3531355  -1.09760733], 4.645, 4.499, -[ 0.3945895   0.5030191  -0.3531355  -1.09760733], -[ 0.3945895   0.5030191  -0.3531355  -1.09760733], 4.883, 4.883, -[ 0.3945895   0.5030191  -0.3531355  -1.09760733], 4.883, 4.883]
Training
	MSE:27850.111
	Rsquared:-3.604
Test:
	MSE:22471.84
	Rsquared:-3.817
21.95527744293213