generations_elite-fitness_number-of-evaluations_time
0_28014.862_512_0.17552900314331055
1_28014.862_1536_0.7470009326934814
2_28014.862_2560_1.5947329998016357
3_28014.862_3584_2.124316930770874
4_27909.412_4608_2.549182176589966
5_27887.282_5632_2.895254611968994
6_27845.763_6656_3.413867950439453
7_27809.285_7680_4.146907567977905
8_27781.105_8704_5.268906116485596
9_27746.657_9728_6.779864311218262
10_27744.623_10752_8.964022874832153
11_27725.0_11776_11.956019639968872
12_27699.504_12800_16.10193109512329
13_27685.05_13824_21.636127948760986
Function found (81nodes ):
	[-[ 0.3945895   0.5030191  -0.3531355  -1.09760733], -[ 0.3945895   0.5030191  -0.3531355  -1.09760733], -[ 0.3945895   0.5030191  -0.3531355  -1.09760733], -[ 0.3945895   0.5030191  -0.3531355  -1.09760733], 4.997, 4.811, -[ 0.3945895   0.5030191  -0.3531355  -1.09760733], -[ 0.3945895   0.5030191  -0.3531355  -1.09760733], 4.811, 4.997, 4.811, -[ 0.3945895   0.5030191  -0.3531355  -1.09760733], 4.811, -[ 0.3945895   0.5030191  -0.3531355  -1.09760733], 4.811, 4.997, -[ 0.3945895   0.5030191  -0.3531355  -1.09760733], -[ 0.3945895   0.5030191  -0.3531355  -1.09760733], -[ 0.3945895   0.5030191  -0.3531355  -1.09760733], -[ 0.3945895   0.5030191  -0.3531355  -1.09760733], 4.138, 4.811, -[ 0.3945895   0.5030191  -0.3531355  -1.09760733], 4.811, -[ 0.3945895   0.5030191  -0.3531355  -1.09760733], 4.811, 4.721, -[ 0.3945895   0.5030191  -0.3531355  -1.09760733], -[ 0.3945895   0.5030191  -0.3531355  -1.09760733], -[ 0.3945895   0.5030191  -0.3531355  -1.09760733], -[ 0.3945895   0.5030191  -0.3531355  -1.09760733], 3.782, -[ 0.3945895   0.5030191  -0.3531355  -1.09760733], 4.138, 4.811, 4.721, -[ 0.3945895   0.5030191  -0.3531355  -1.09760733], 4.811, 4.811, 4.811, -[ 0.3945895   0.5030191  -0.3531355  -1.09760733], -[ 0.3945895   0.5030191  -0.3531355  -1.09760733], -[ 0.3945895   0.5030191  -0.3531355  -1.09760733], 4.997, 4.811, -[ 0.3945895   0.5030191  -0.3531355  -1.09760733], -[ 0.3945895   0.5030191  -0.3531355  -1.09760733], -[ 0.3945895   0.5030191  -0.3531355  -1.09760733], -[ 0.3945895   0.5030191  -0.3531355  -1.09760733], -[ 0.3945895   0.5030191  -0.3531355  -1.09760733], 3.782, -[ 0.3945895   0.5030191  -0.3531355  -1.09760733], 4.138, 4.811, -[ 0.3945895   0.5030191  -0.3531355  -1.09760733], -[ 0.3945895   0.5030191  -0.3531355  -1.09760733], 4.811, -[ 0.3945895   0.5030191  -0.3531355  -1.09760733], 4.138, 4.811, -[ 0.3945895   0.5030191  -0.3531355  -1.09760733], 4.811, -[ 0.3945895   0.5030191  -0.3531355  -1.09760733], 4.811, 4.721, 4.997, -[ 0.3945895   0.5030191  -0.3531355  -1.09760733], -[ 0.3945895   0.5030191  -0.3531355  -1.09760733], 4.811, 4.997, 4.997, 4.811, -[ 0.3945895   0.5030191  -0.3531355  -1.09760733], -[ 0.3945895   0.5030191  -0.3531355  -1.09760733], 4.997, -[ 0.3945895   0.5030191  -0.3531355  -1.09760733], 4.811, 4.721, -[ 0.3945895   0.5030191  -0.3531355  -1.09760733], 4.811, 4.721]
Training
	MSE:27685.05
	Rsquared:-3.675
Test:
	MSE:23886.492
	Rsquared:-3.088
21.63712477684021