generations_elite-fitness_number-of-evaluations_time
0_27266.315_512_0.182511568069458
1_27247.883_1536_0.7021219730377197
2_27247.883_2560_1.3015317916870117
3_27155.544_3584_1.8929359912872314
4_27149.051_4608_2.4075605869293213
5_27139.495_5632_3.0059592723846436
6_27110.833_6656_3.4727113246917725
7_27096.802_7680_3.962401866912842
8_27061.998_8704_4.6296162605285645
9_27029.858_9728_5.646895885467529
10_27005.678_10752_7.138904571533203
11_26986.39_11776_9.227319717407227
12_26966.768_12800_12.16845178604126
13_26952.955_13824_16.203659534454346
14_26940.583_14848_21.7996928691864
Function found (55nodes ):
	[-[ 0.3945895   0.5030191  -0.3531355  -1.09760733], -[ 0.3945895   0.5030191  -0.3531355  -1.09760733], -[ 0.3945895   0.5030191  -0.3531355  -1.09760733], -[ 0.3945895   0.5030191  -0.3531355  -1.09760733], -[ 0.3945895   0.5030191  -0.3531355  -1.09760733], 4.874, -[ 0.3945895   0.5030191  -0.3531355  -1.09760733], -[ 0.3945895   0.5030191  -0.3531355  -1.09760733], 4.874, 4.874, 4.874, -[ 0.3945895   0.5030191  -0.3531355  -1.09760733], -[ 0.3945895   0.5030191  -0.3531355  -1.09760733], 4.874, 4.874, -[ 0.3945895   0.5030191  -0.3531355  -1.09760733], 4.791, 4.874, -[ 0.3945895   0.5030191  -0.3531355  -1.09760733], 4.791, 4.874, -[ 0.3945895   0.5030191  -0.3531355  -1.09760733], -[ 0.3945895   0.5030191  -0.3531355  -1.09760733], 4.791, 4.874, 4.874, -[ 0.3945895   0.5030191  -0.3531355  -1.09760733], -[ 0.3945895   0.5030191  -0.3531355  -1.09760733], -[ 0.3945895   0.5030191  -0.3531355  -1.09760733], -[ 0.3945895   0.5030191  -0.3531355  -1.09760733], 4.874, 4.874, 4.874, -[ 0.3945895   0.5030191  -0.3531355  -1.09760733], -[ 0.3945895   0.5030191  -0.3531355  -1.09760733], 4.791, -[ 0.3945895   0.5030191  -0.3531355  -1.09760733], 4.874, 4.874, -[ 0.3945895   0.5030191  -0.3531355  -1.09760733], 4.874, -[ 0.3945895   0.5030191  -0.3531355  -1.09760733], 4.791, 4.874, -[ 0.3945895   0.5030191  -0.3531355  -1.09760733], -[ 0.3945895   0.5030191  -0.3531355  -1.09760733], 4.874, -[ 0.3945895   0.5030191  -0.3531355  -1.09760733], 4.874, 4.874, -[ 0.3945895   0.5030191  -0.3531355  -1.09760733], -[ 0.3945895   0.5030191  -0.3531355  -1.09760733], 4.791, 4.874, 4.874]
Training
	MSE:26940.583
	Rsquared:-3.598
Test:
	MSE:30609.395
	Rsquared:-3.731
21.7996928691864