generations_elite-fitness_number-of-evaluations_time
0_28061.449_512_0.14162135124206543
1_28061.449_1536_0.6432797908782959
2_28061.449_2560_1.3055086135864258
3_28061.449_3584_1.8919386863708496
4_28001.368_4608_2.3367631435394287
5_27914.52_5632_2.8423993587493896
6_27890.882_6656_3.4627389907836914
7_27855.317_7680_4.376294374465942
8_27813.799_8704_5.672826528549194
9_27789.151_9728_7.442094564437866
10_27777.348_10752_10.034160852432251
11_27751.15_11776_13.870898962020874
12_27738.032_12800_19.21759819984436
13_27723.06_13824_26.037357330322266
Function found (77nodes ):
	[-[ 0.3945895   0.5030191  -0.3531355  -1.09760733], -[ 0.3945895   0.5030191  -0.3531355  -1.09760733], -[ 0.3945895   0.5030191  -0.3531355  -1.09760733], -[ 0.3945895   0.5030191  -0.3531355  -1.09760733], -[ 0.3945895   0.5030191  -0.3531355  -1.09760733], 4.779, -[ 0.3945895   0.5030191  -0.3531355  -1.09760733], 4.166, 4.779, -[ 0.3945895   0.5030191  -0.3531355  -1.09760733], -[ 0.3945895   0.5030191  -0.3531355  -1.09760733], 4.779, 4.232, -[ 0.3945895   0.5030191  -0.3531355  -1.09760733], 4.489, 4.779, -[ 0.3945895   0.5030191  -0.3531355  -1.09760733], 4.779, -[ 0.3945895   0.5030191  -0.3531355  -1.09760733], 4.779, 4.148, -[ 0.3945895   0.5030191  -0.3531355  -1.09760733], -[ 0.3945895   0.5030191  -0.3531355  -1.09760733], -[ 0.3945895   0.5030191  -0.3531355  -1.09760733], -[ 0.3945895   0.5030191  -0.3531355  -1.09760733], 4.779, -[ 0.3945895   0.5030191  -0.3531355  -1.09760733], -[ 0.3945895   0.5030191  -0.3531355  -1.09760733], 4.779, 4.779, -[ 0.3945895   0.5030191  -0.3531355  -1.09760733], 4.779, 4.148, -[ 0.3945895   0.5030191  -0.3531355  -1.09760733], 4.779, -[ 0.3945895   0.5030191  -0.3531355  -1.09760733], 4.779, -[ 0.3945895   0.5030191  -0.3531355  -1.09760733], 4.779, 4.232, -[ 0.3945895   0.5030191  -0.3531355  -1.09760733], -[ 0.3945895   0.5030191  -0.3531355  -1.09760733], 4.779, 4.232, -[ 0.3945895   0.5030191  -0.3531355  -1.09760733], 4.489, 4.779, -[ 0.3945895   0.5030191  -0.3531355  -1.09760733], 4.779, -[ 0.3945895   0.5030191  -0.3531355  -1.09760733], 4.779, 4.232, -[ 0.3945895   0.5030191  -0.3531355  -1.09760733], -[ 0.3945895   0.5030191  -0.3531355  -1.09760733], -[ 0.3945895   0.5030191  -0.3531355  -1.09760733], 4.779, -[ 0.3945895   0.5030191  -0.3531355  -1.09760733], -[ 0.3945895   0.5030191  -0.3531355  -1.09760733], 4.779, 4.779, -[ 0.3945895   0.5030191  -0.3531355  -1.09760733], 4.489, 4.148, -[ 0.3945895   0.5030191  -0.3531355  -1.09760733], 4.779, -[ 0.3945895   0.5030191  -0.3531355  -1.09760733], 4.779, -[ 0.3945895   0.5030191  -0.3531355  -1.09760733], 4.779, 4.232, -[ 0.3945895   0.5030191  -0.3531355  -1.09760733], -[ 0.3945895   0.5030191  -0.3531355  -1.09760733], 4.779, 4.232, -[ 0.3945895   0.5030191  -0.3531355  -1.09760733], 4.489, 4.779]
Training
	MSE:27723.06
	Rsquared:-3.715
Test:
	MSE:23558.056
	Rsquared:-2.828
26.038355350494385