generations_elite-fitness_number-of-evaluations_time
0_26555.679_512_0.17353558540344238
1_26555.679_1536_0.7489969730377197
2_26553.367_2560_1.7184040546417236
3_26486.29_3584_2.2180676460266113
4_26450.638_4608_2.6189939975738525
5_26424.656_5632_3.09671950340271
6_26398.284_6656_3.7300240993499756
7_26361.892_7680_4.52489709854126
8_26326.191_8704_5.73964786529541
9_26313.936_9728_7.379263162612915
10_26299.375_10752_9.761889696121216
11_26274.434_11776_13.132872819900513
12_26268.977_12800_17.407439470291138
13_26249.265_13824_23.365503787994385
Function found (61nodes ):
	[-[ 0.3945895   0.5030191  -0.3531355  -1.09760733], -[ 0.3945895   0.5030191  -0.3531355  -1.09760733], -[ 0.3945895   0.5030191  -0.3531355  -1.09760733], -[ 0.3945895   0.5030191  -0.3531355  -1.09760733], -[ 0.3945895   0.5030191  -0.3531355  -1.09760733], -[ 0.3945895   0.5030191  -0.3531355  -1.09760733], 4.902, 4.894, -[ 0.3945895   0.5030191  -0.3531355  -1.09760733], 4.902, 4.902, -[ 0.3945895   0.5030191  -0.3531355  -1.09760733], 4.902, 4.902, -[ 0.3945895   0.5030191  -0.3531355  -1.09760733], 4.902, -[ 0.3945895   0.5030191  -0.3531355  -1.09760733], 4.902, 4.894, -[ 0.3945895   0.5030191  -0.3531355  -1.09760733], -[ 0.3945895   0.5030191  -0.3531355  -1.09760733], 4.902, 4.894, -[ 0.3945895   0.5030191  -0.3531355  -1.09760733], 4.902, -[ 0.3945895   0.5030191  -0.3531355  -1.09760733], 4.902, 4.529, -[ 0.3945895   0.5030191  -0.3531355  -1.09760733], -[ 0.3945895   0.5030191  -0.3531355  -1.09760733], -[ 0.3945895   0.5030191  -0.3531355  -1.09760733], -[ 0.3945895   0.5030191  -0.3531355  -1.09760733], 4.902, 4.894, -[ 0.3945895   0.5030191  -0.3531355  -1.09760733], 4.902, 4.902, -[ 0.3945895   0.5030191  -0.3531355  -1.09760733], -[ 0.3945895   0.5030191  -0.3531355  -1.09760733], -[ 0.3945895   0.5030191  -0.3531355  -1.09760733], -[ 0.3945895   0.5030191  -0.3531355  -1.09760733], 4.902, 4.894, -[ 0.3945895   0.5030191  -0.3531355  -1.09760733], 4.902, -[ 0.3945895   0.5030191  -0.3531355  -1.09760733], 4.902, 4.529, -[ 0.3945895   0.5030191  -0.3531355  -1.09760733], 4.902, -[ 0.3945895   0.5030191  -0.3531355  -1.09760733], 4.902, 4.558, 4.902, -[ 0.3945895   0.5030191  -0.3531355  -1.09760733], -[ 0.3945895   0.5030191  -0.3531355  -1.09760733], 4.902, 4.894, -[ 0.3945895   0.5030191  -0.3531355  -1.09760733], 4.902, 4.902]
Training
	MSE:26249.265
	Rsquared:-3.632
Test:
	MSE:36775.917
	Rsquared:-3.815
23.365503787994385