generations_elite-fitness_number-of-evaluations_time
0_27513.07_512_0.10846138000488281
1_27493.439_1024_0.3847541809082031
2_27492.67_1536_0.6699097156524658
3_27024.61_2048_1.088902473449707
4_26790.236_2560_1.4203886985778809
5_26138.99_3072_1.911808729171753
6_24012.34_3584_2.6424756050109863
7_19831.014_4096_3.733700752258301
8_11058.841_4608_5.201905012130737
9_5757.449_5120_7.184297323226929
10_5708.99_5632_9.784619331359863
11_5685.26_6144_13.431994438171387
12_5685.26_6655_17.49897575378418
13_5685.26_7167_21.684316158294678
Function found (75nodes ):
	[*[-0.15110135 -1.74308615 -0.73301158  0.60315108], x1, *[-0.15110135 -1.74308615 -0.73301158  0.60315108], *[-0.15110135 -1.74308615 -0.73301158  0.60315108], *[-0.15110135 -1.74308615 -0.73301158  0.60315108], *[-0.15110135 -1.74308615 -0.73301158  0.60315108], *[-0.15110135 -1.74308615 -0.73301158  0.60315108], *[-0.15110135 -1.74308615 -0.73301158  0.60315108], x1, 4.135, 4.135, *[-0.15110135 -1.74308615 -0.73301158  0.60315108], 4.135, *[-0.15110135 -1.74308615 -0.73301158  0.60315108], *[-0.15110135 -1.74308615 -0.73301158  0.60315108], *[-0.15110135 -1.74308615 -0.73301158  0.60315108], x4, *[-0.15110135 -1.74308615 -0.73301158  0.60315108], x1, 4.166, *[-0.15110135 -1.74308615 -0.73301158  0.60315108], *[-0.15110135 -1.74308615 -0.73301158  0.60315108], x4, 4.135, 4.135, *[-0.15110135 -1.74308615 -0.73301158  0.60315108], *[-0.15110135 -1.74308615 -0.73301158  0.60315108], *[-0.15110135 -1.74308615 -0.73301158  0.60315108], *[-0.15110135 -1.74308615 -0.73301158  0.60315108], 3.818, 4.135, 4.135, 4.135, *[-0.15110135 -1.74308615 -0.73301158  0.60315108], *[-0.15110135 -1.74308615 -0.73301158  0.60315108], x4, *[-0.15110135 -1.74308615 -0.73301158  0.60315108], x1, 4.135, 4.135, *[-0.15110135 -1.74308615 -0.73301158  0.60315108], *[-0.15110135 -1.74308615 -0.73301158  0.60315108], *[-0.15110135 -1.74308615 -0.73301158  0.60315108], 4.166, 4.135, 4.135, *[-0.15110135 -1.74308615 -0.73301158  0.60315108], 3.818, 4.135, *[-0.15110135 -1.74308615 -0.73301158  0.60315108], 4.166, *[-0.15110135 -1.74308615 -0.73301158  0.60315108], x9, *[-0.15110135 -1.74308615 -0.73301158  0.60315108], *[-0.15110135 -1.74308615 -0.73301158  0.60315108], *[-0.15110135 -1.74308615 -0.73301158  0.60315108], 4.135, 4.135, *[-0.15110135 -1.74308615 -0.73301158  0.60315108], x1, 4.135, 4.135, *[-0.15110135 -1.74308615 -0.73301158  0.60315108], *[-0.15110135 -1.74308615 -0.73301158  0.60315108], x9, 4.135, -[-1.06140324 -1.66318338 -0.26658226  0.64223555], -[-1.06140324 -1.66318338 -0.26658226  0.64223555], 4.055, -[-1.06140324 -1.66318338 -0.26658226  0.64223555], x9, x0, *[-0.15110135 -1.74308615 -0.73301158  0.60315108], 2.421, 4.135]
Training
	MSE:5685.26
	Rsquared:0.011
Test:
	MSE:7414.406
	Rsquared:0.016
21.684470176696777