generations_elite-fitness_number-of-evaluations_time
0_28644.297_512_0.11713862419128418
1_28644.297_1024_0.4135603904724121
2_28638.888_1536_0.6328387260437012
3_28138.71_2048_0.8679254055023193
4_27951.342_2560_1.3200757503509521
5_27445.611_3072_1.699829339981079
6_25362.026_3584_2.246858835220337
7_22350.115_4096_3.027097225189209
8_19297.739_4608_4.1710264682769775
9_12233.628_5120_5.731624126434326
10_6060.024_5632_7.847740411758423
11_6034.861_6144_11.003790140151978
12_5837.793_6656_15.235684156417847
13_5837.793_7166_20.124286651611328
Function found (59nodes ):
	[*[-0.15110135 -1.74308615 -0.73301158  0.60315108], 0.425, *[-0.15110135 -1.74308615 -0.73301158  0.60315108], 4.177, *[-0.15110135 -1.74308615 -0.73301158  0.60315108], *[-0.15110135 -1.74308615 -0.73301158  0.60315108], *[-0.15110135 -1.74308615 -0.73301158  0.60315108], -[-1.06140324 -1.66318338 -0.26658226  0.64223555], -[-1.06140324 -1.66318338 -0.26658226  0.64223555], *[-0.15110135 -1.74308615 -0.73301158  0.60315108], 4.195, 4.195, x4, x7, 4.195, *[-0.15110135 -1.74308615 -0.73301158  0.60315108], *[-0.15110135 -1.74308615 -0.73301158  0.60315108], *[-0.15110135 -1.74308615 -0.73301158  0.60315108], *[-0.15110135 -1.74308615 -0.73301158  0.60315108], *[-0.15110135 -1.74308615 -0.73301158  0.60315108], 4.15, 3.736, 4.195, *[-0.15110135 -1.74308615 -0.73301158  0.60315108], 4.195, *[-0.15110135 -1.74308615 -0.73301158  0.60315108], *[-0.15110135 -1.74308615 -0.73301158  0.60315108], 1.375, 4.195, 4.195, 4.195, *[-0.15110135 -1.74308615 -0.73301158  0.60315108], 4.177, 4.195, *[-0.15110135 -1.74308615 -0.73301158  0.60315108], *[-0.15110135 -1.74308615 -0.73301158  0.60315108], 4.195, *[-0.15110135 -1.74308615 -0.73301158  0.60315108], *[-0.15110135 -1.74308615 -0.73301158  0.60315108], *[-0.15110135 -1.74308615 -0.73301158  0.60315108], 4.177, 4.195, *[-0.15110135 -1.74308615 -0.73301158  0.60315108], 4.177, -[-1.06140324 -1.66318338 -0.26658226  0.64223555], -[-1.06140324 -1.66318338 -0.26658226  0.64223555], 4.177, x4, -[-1.06140324 -1.66318338 -0.26658226  0.64223555], -[-1.06140324 -1.66318338 -0.26658226  0.64223555], /[ 0.41597758 -0.17425604 -1.40282841  0.22986696], 4.195, x2, x4, x7, 4.195, *[-0.15110135 -1.74308615 -0.73301158  0.60315108], 4.177, 4.195]
Training
	MSE:5837.793
	Rsquared:0.037
Test:
	MSE:3886.137
	Rsquared:0.097
20.124452829360962