generations_elite-fitness_number-of-evaluations_time
0_26511.888_512_0.12163186073303223
1_26511.888_1024_0.540109395980835
2_26416.632_1536_0.8536882400512695
3_25075.336_2048_1.4718854427337646
4_23323.449_2560_1.9642717838287354
5_19718.621_3072_2.596311330795288
6_17601.031_3584_3.5632553100585938
7_11456.571_4096_4.863858222961426
8_6628.19_4608_6.543473482131958
9_6628.19_5120_8.667259931564331
10_6360.221_5632_11.161324739456177
11_6191.299_6144_14.203821420669556
12_4994.566_6656_17.231542587280273
13_4994.566_7168_20.73844075202942
Function found (73nodes ):
	[-[-1.27354442 -1.63363182 -0.20653349  0.61268399], -[-1.1861463  -1.6945495  -0.34330379  0.67360167], -[-1.27354442 -1.63363182 -0.20653349  0.61268399], -[-1.1861463  -1.6945495  -0.34330379  0.67360167], -[-1.27354442 -1.63363182 -0.20653349  0.61268399], -[-1.1861463  -1.6945495  -0.34330379  0.67360167], -[-1.27354442 -1.63363182 -0.20653349  0.61268399], -[-1.1861463  -1.6945495  -0.34330379  0.67360167], -[-1.27354442 -1.63363182 -0.20653349  0.61268399], -[-1.1861463  -1.6945495  -0.34330379  0.67360167], -[-1.27354442 -1.63363182 -0.20653349  0.61268399], -[-1.1861463  -1.6945495  -0.34330379  0.67360167], 3.977, -2.446, -2.032, -2.446, 3.977, -2.446, -2.032, -2.446, 3.977, -2.446, /[ 0.41597758 -0.17425604 -1.40282841  0.22986696], -[-1.27354442 -1.63363182 -0.20653349  0.61268399], -[-1.1861463  -1.6945495  -0.34330379  0.67360167], -[-1.27354442 -1.63363182 -0.20653349  0.61268399], -[-1.1861463  -1.6945495  -0.34330379  0.67360167], -[-1.27354442 -1.63363182 -0.20653349  0.61268399], -[-1.1861463  -1.6945495  -0.34330379  0.67360167], -[-1.27354442 -1.63363182 -0.20653349  0.61268399], -[-1.1861463  -1.6945495  -0.34330379  0.67360167], 3.977, -2.446, -2.032, -2.446, 3.977, -2.446, -2.032, -[-1.1861463  -1.6945495  -0.34330379  0.67360167], -[-1.27354442 -1.63363182 -0.20653349  0.61268399], -[-1.1861463  -1.6945495  -0.34330379  0.67360167], -[-1.27354442 -1.63363182 -0.20653349  0.61268399], -[-1.1861463  -1.6945495  -0.34330379  0.67360167], -[-1.27354442 -1.63363182 -0.20653349  0.61268399], -[-1.1861463  -1.6945495  -0.34330379  0.67360167], -[-1.27354442 -1.63363182 -0.20653349  0.61268399], -[-1.1861463  -1.6945495  -0.34330379  0.67360167], -[-1.27354442 -1.63363182 -0.20653349  0.61268399], -[-1.1861463  -1.6945495  -0.34330379  0.67360167], -[-1.27354442 -1.63363182 -0.20653349  0.61268399], -[-1.1861463  -1.6945495  -0.34330379  0.67360167], -[-1.27354442 -1.63363182 -0.20653349  0.61268399], -[-1.1861463  -1.6945495  -0.34330379  0.67360167], 3.977, -2.446, -2.032, -2.446, 3.977, -2.446, -2.032, -2.446, 3.977, -2.446, -2.032, -2.446, -2.032, -2.446, -2.032, -2.446, -2.032, x8, -2.446, -2.032]
Training
	MSE:4994.566
	Rsquared:0.162
Test:
	MSE:4310.256
	Rsquared:0.235
20.738615036010742