generations_elite-fitness_number-of-evaluations_time
0_26800.964_512_0.11765003204345703
1_26800.964_1024_0.4298272132873535
2_26390.696_1536_0.7044012546539307
3_25197.516_2048_1.0440151691436768
4_23620.127_2560_1.4437782764434814
5_22838.107_3072_2.130938768386841
6_16812.963_3584_2.981142044067383
7_8715.588_4096_4.236040353775024
8_5479.188_4608_5.9523115158081055
9_5479.188_5120_8.062879800796509
10_5479.188_5632_10.914375305175781
11_5157.079_6144_13.80227780342102
12_5113.502_6656_17.197855472564697
13_5113.502_7168_20.569979906082153
Function found (59nodes ):
	[*[-0.15110135 -1.74308615 -0.73301158  0.60315108], 4.638, +[-0.37914648 -0.36684603 -1.13551519  0.22721741], -[-1.06010007 -1.56771287 -0.26750093  0.54676503], +[-0.37914648 -0.36684603 -1.13551519  0.22721741], -[-1.06010007 -1.56771287 -0.26750093  0.54676503], 0.939, -[-1.06063788 -1.74837782 -0.43867503  0.72742999], 4.771, -2.02, -[-1.06063788 -1.74837782 -0.43867503  0.72742999], 4.857, -2.02, x4, -[-1.06063788 -1.74837782 -0.43867503  0.72742999], *[-0.15110135 -1.74308615 -0.73301158  0.60315108], 4.857, *[-0.15110135 -1.74308615 -0.73301158  0.60315108], *[-0.15110135 -1.74308615 -0.73301158  0.60315108], 4.496, +[-0.37914648 -0.36684603 -1.13551519  0.22721741], -[-1.06010007 -1.56771287 -0.26750093  0.54676503], 4.857, x7, -[-1.06063788 -1.74837782 -0.43867503  0.72742999], +[-0.37914648 -0.36684603 -1.13551519  0.22721741], -[-1.06010007 -1.56771287 -0.26750093  0.54676503], 4.771, *[-0.15110135 -1.74308615 -0.73301158  0.60315108], +[-0.37914648 -0.36684603 -1.13551519  0.22721741], -[-1.06010007 -1.56771287 -0.26750093  0.54676503], 4.676, x7, -[-1.06063788 -1.74837782 -0.43867503  0.72742999], +[-0.37914648 -0.36684603 -1.13551519  0.22721741], -[-1.06010007 -1.56771287 -0.26750093  0.54676503], 0.939, x7, -[-1.06063788 -1.74837782 -0.43867503  0.72742999], 4.857, -2.02, -2.02, /[ 0.41597758 -0.17425604 -1.40282841  0.22986696], *[-0.15110135 -1.74308615 -0.73301158  0.60315108], 4.857, 4.771, x9, -[-1.06063788 -1.74837782 -0.43867503  0.72742999], +[-0.37914648 -0.36684603 -1.13551519  0.22721741], 4.857, -[-1.06063788 -1.74837782 -0.43867503  0.72742999], 4.857, -2.02, -2.02, -2.02, /[ 0.41597758 -0.17425604 -1.40282841  0.22986696], 4.638, x9, -2.02]
Training
	MSE:5113.502
	Rsquared:0.132
Test:
	MSE:5562.421
	Rsquared:0.029
20.57012939453125