generations_elite-fitness_number-of-evaluations_time
0_27447.912_512_0.2789173126220703
1_27447.912_1024_0.7774138450622559
2_26669.638_1536_1.0637364387512207
3_26669.638_2048_1.2974214553833008
4_26301.438_2560_1.8209302425384521
5_25735.979_3072_2.1445531845092773
6_24621.73_3584_2.6678738594055176
7_21606.513_4096_3.3898046016693115
8_21467.24_4608_4.47332763671875
9_15597.394_5120_5.927706480026245
10_15597.394_5632_7.842374801635742
11_7889.88_6144_10.506680965423584
12_5807.081_6656_13.943660497665405
13_5807.081_7161_18.562577962875366
14_5804.342_7647_24.541635990142822
Function found (91nodes ):
	[-[-1.15324563 -1.63298337 -0.26671956  0.61203553], -[-1.06185261 -1.69523777 -0.35325734  0.67428994], -[-1.15324563 -1.63298337 -0.26671956  0.61203553], -[-1.06185261 -1.69523777 -0.35325734  0.67428994], -[-1.2533724  -1.60291979 -0.26685649  0.58197196], -[-1.06204087 -1.72990846 -0.44700687  0.70896062], -[-1.2533724  -1.60291979 -0.26685649  0.58197196], -[-1.06204087 -1.72990846 -0.44700687  0.70896062], -[-1.15324563 -1.63298337 -0.26671956  0.61203553], -[-1.06185261 -1.69523777 -0.35325734  0.67428994], -[-1.15324563 -1.63298337 -0.26671956  0.61203553], -[-1.06185261 -1.69523777 -0.35325734  0.67428994], -[-1.15324563 -1.63298337 -0.26671956  0.61203553], -[-1.06185261 -1.69523777 -0.35325734  0.67428994], -[-1.15324563 -1.63298337 -0.26671956  0.61203553], -[-1.06185261 -1.69523777 -0.35325734  0.67428994], 4.805, -2.704, 4.805, -2.704, 3.98, -2.704, 4.805, -2.704, -[-1.15324563 -1.63298337 -0.26671956  0.61203553], -[-1.06185261 -1.69523777 -0.35325734  0.67428994], -[-1.15324563 -1.63298337 -0.26671956  0.61203553], -[-1.06185261 -1.69523777 -0.35325734  0.67428994], -[-1.2533724  -1.60291979 -0.26685649  0.58197196], -[-1.06204087 -1.72990846 -0.44700687  0.70896062], -[-1.15324563 -1.63298337 -0.26671956  0.61203553], -[-1.06185261 -1.69523777 -0.35325734  0.67428994], -[-1.15324563 -1.63298337 -0.26671956  0.61203553], -[-1.06185261 -1.69523777 -0.35325734  0.67428994], -[-1.15324563 -1.63298337 -0.26671956  0.61203553], -[-1.06185261 -1.69523777 -0.35325734  0.67428994], -[-1.2533724  -1.60291979 -0.26685649  0.58197196], -[-1.06204087 -1.72990846 -0.44700687  0.70896062], -[-1.15324563 -1.63298337 -0.26671956  0.61203553], -[-1.06185261 -1.69523777 -0.35325734  0.67428994], 4.805, -2.704, x5, -2.704, x5, -[-1.06185261 -1.69523777 -0.35325734  0.67428994], -[-1.20393554 -1.60253636 -0.26597053  0.58158853], -[-1.06185261 -1.69523777 -0.35325734  0.67428994], -[-1.15324563 -1.63298337 -0.26671956  0.61203553], -[-1.06185261 -1.69523777 -0.35325734  0.67428994], 4.805, -[-1.06185261 -1.69523777 -0.35325734  0.67428994], -[-1.2533724  -1.60291979 -0.26685649  0.58197196], -[-1.06204087 -1.72990846 -0.44700687  0.70896062], 4.805, -[-1.06233212 -1.72968575 -0.26602375  0.70873792], 4.805, x9, x5, -2.704, x5, -2.704, x6, -2.704, x5, -2.704, 4.805, -2.704, x5, -2.704, x5, -[-1.06204087 -1.72990846 -0.44700687  0.70896062], 4.805, -[-1.06233212 -1.72968575 -0.26602375  0.70873792], 4.805, x9, x5, -2.704, -[-1.15324563 -1.63298337 -0.26671956  0.61203553], -[-1.06185261 -1.69523777 -0.35325734  0.67428994], 4.805, -2.704, 4.805, -2.704, 4.805, -2.704, x5, -2.704, x5, -2.704, 4.805]
Training
	MSE:5804.342
	Rsquared:0.001
Test:
	MSE:7022.366
	Rsquared:-0.0
24.541831731796265