generations_elite-fitness_number-of-evaluations_time
0_27765.194_512_0.20667457580566406
1_27765.194_1024_0.49380993843078613
2_27765.194_1536_0.735969066619873
3_27432.288_2048_0.9817225933074951
4_27262.238_2560_1.1654438972473145
5_27155.107_3072_1.4273972511291504
6_26563.079_3584_1.8934400081634521
7_25981.139_4096_2.6600282192230225
8_25153.69_4608_3.678906202316284
9_23869.764_5120_5.083534002304077
10_21701.656_5632_7.109582185745239
11_19775.214_6144_9.535619497299194
12_16161.139_6656_12.844882726669312
13_10728.931_7161_17.536084175109863
14_10728.931_7642_23.388735055923462
Function found (95nodes ):
	[-[-1.06140324 -1.66318338 -0.26658226  0.64223555], -[-1.06140324 -1.66318338 -0.26658226  0.64223555], -[-1.06140324 -1.66318338 -0.26658226  0.64223555], -[-1.06140324 -1.66318338 -0.26658226  0.64223555], -[-1.06140324 -1.66318338 -0.26658226  0.64223555], -[-1.06140324 -1.66318338 -0.26658226  0.64223555], -[-1.06140324 -1.66318338 -0.26658226  0.64223555], -[-1.06140324 -1.66318338 -0.26658226  0.64223555], -[-1.06140324 -1.66318338 -0.26658226  0.64223555], -[-1.06140324 -1.66318338 -0.26658226  0.64223555], -[-1.06140324 -1.66318338 -0.26658226  0.64223555], -[-1.06140324 -1.66318338 -0.26658226  0.64223555], -[-1.06140324 -1.66318338 -0.26658226  0.64223555], -[-1.06140324 -1.66318338 -0.26658226  0.64223555], -[-1.06140324 -1.66318338 -0.26658226  0.64223555], -[-1.06140324 -1.66318338 -0.26658226  0.64223555], -[-1.06140324 -1.66318338 -0.26658226  0.64223555], -[-1.06140324 -1.66318338 -0.26658226  0.64223555], -[-1.06140324 -1.66318338 -0.26658226  0.64223555], -[-1.06140324 -1.66318338 -0.26658226  0.64223555], -[-1.06140324 -1.66318338 -0.26658226  0.64223555], -[-1.06140324 -1.66318338 -0.26658226  0.64223555], 4.902, -[-1.06140324 -1.66318338 -0.26658226  0.64223555], -[-1.06140324 -1.66318338 -0.26658226  0.64223555], -[-1.06140324 -1.66318338 -0.26658226  0.64223555], -[-1.06140324 -1.66318338 -0.26658226  0.64223555], -[-1.06140324 -1.66318338 -0.26658226  0.64223555], -[-1.06140324 -1.66318338 -0.26658226  0.64223555], -[-1.06140324 -1.66318338 -0.26658226  0.64223555], -[-1.06140324 -1.66318338 -0.26658226  0.64223555], -[-1.06140324 -1.66318338 -0.26658226  0.64223555], 4.902, x2, 4.647, x2, 2.476, -[-1.06140324 -1.66318338 -0.26658226  0.64223555], -[-1.06140324 -1.66318338 -0.26658226  0.64223555], -[-1.06140324 -1.66318338 -0.26658226  0.64223555], 4.647, -[-1.06140324 -1.66318338 -0.26658226  0.64223555], 4.647, x2, 2.476, x0, 2.476, -[-1.06140324 -1.66318338 -0.26658226  0.64223555], 4.647, x2, 2.476, x0, 4.647, x2, 4.902, -[-1.06140324 -1.66318338 -0.26658226  0.64223555], 4.647, x2, -[-1.06140324 -1.66318338 -0.26658226  0.64223555], -[-1.06140324 -1.66318338 -0.26658226  0.64223555], -[-1.06140324 -1.66318338 -0.26658226  0.64223555], -[-1.06140324 -1.66318338 -0.26658226  0.64223555], 4.902, x0, -[-1.06140324 -1.66318338 -0.26658226  0.64223555], -[-1.06140324 -1.66318338 -0.26658226  0.64223555], 4.902, x0, 4.902, x2, 4.902, -[-1.06140324 -1.66318338 -0.26658226  0.64223555], 4.647, x2, 2.476, x0, 4.902, x2, 2.476, -[-1.06140324 -1.66318338 -0.26658226  0.64223555], 4.647, x0, -[-1.06140324 -1.66318338 -0.26658226  0.64223555], -[-1.06140324 -1.66318338 -0.26658226  0.64223555], 4.647, x2, 2.476, x0, 4.902, x0, 4.647, x0, 4.902, x0, 4.647]
Training
	MSE:10728.931
	Rsquared:-0.81
Test:
	MSE:9998.658
	Rsquared:-0.685
23.388928174972534