generations_elite-fitness_number-of-evaluations_time
0_27667.067_512_0.11350059509277344
1_27667.067_1024_0.4186999797821045
2_27459.046_1536_0.6781799793243408
3_27322.144_2048_0.952531099319458
4_26902.61_2560_1.2148997783660889
5_26350.008_3072_1.6349694728851318
6_24388.085_3584_2.6690635681152344
7_22232.32_4096_3.580979347229004
8_15859.052_4608_4.888260364532471
9_6646.847_5120_6.6037821769714355
10_5916.128_5632_8.845882415771484
11_5893.976_6144_11.896622657775879
12_5893.976_6654_15.289342164993286
13_5893.976_7164_18.9881649017334
14_5872.612_7673_23.027929067611694
Function found (91nodes ):
	[-[-1.06140324 -1.66318338 -0.26658226  0.64223555], *[-0.15110135 -1.74308615 -0.73301158  0.60315108], *[-0.15110135 -1.74308615 -0.73301158  0.60315108], 4.895, *[-0.15110135 -1.74308615 -0.73301158  0.60315108], 4.614, -[-1.06140324 -1.66318338 -0.26658226  0.64223555], *[-0.15110135 -1.74308615 -0.73301158  0.60315108], 4.895, -3.605, 4.953, *[-0.15110135 -1.74308615 -0.73301158  0.60315108], *[-0.15110135 -1.74308615 -0.73301158  0.60315108], x2, *[-0.15110135 -1.74308615 -0.73301158  0.60315108], -[-1.06140324 -1.66318338 -0.26658226  0.64223555], *[-0.15110135 -1.74308615 -0.73301158  0.60315108], 4.869, *[-0.15110135 -1.74308615 -0.73301158  0.60315108], *[-0.15110135 -1.74308615 -0.73301158  0.60315108], x0, 4.895, -3.605, *[-0.15110135 -1.74308615 -0.73301158  0.60315108], x4, x0, -[-1.06140324 -1.66318338 -0.26658226  0.64223555], *[-0.15110135 -1.74308615 -0.73301158  0.60315108], -[-1.06140324 -1.66318338 -0.26658226  0.64223555], *[-0.15110135 -1.74308615 -0.73301158  0.60315108], 4.895, -3.605, -[-1.06140324 -1.66318338 -0.26658226  0.64223555], *[-0.15110135 -1.74308615 -0.73301158  0.60315108], *[-0.15110135 -1.74308615 -0.73301158  0.60315108], -[-1.06140324 -1.66318338 -0.26658226  0.64223555], *[-0.15110135 -1.74308615 -0.73301158  0.60315108], 4.869, -[-1.06140324 -1.66318338 -0.26658226  0.64223555], 4.895, x0, *[-0.15110135 -1.74308615 -0.73301158  0.60315108], x4, x0, *[-0.15110135 -1.74308615 -0.73301158  0.60315108], -[-1.06140324 -1.66318338 -0.26658226  0.64223555], *[-0.15110135 -1.74308615 -0.73301158  0.60315108], 4.895, *[-0.15110135 -1.74308615 -0.73301158  0.60315108], *[-0.15110135 -1.74308615 -0.73301158  0.60315108], x0, -[-1.06140324 -1.66318338 -0.26658226  0.64223555], *[-0.15110135 -1.74308615 -0.73301158  0.60315108], 4.953, -3.605, 4.953, -3.605, *[-0.15110135 -1.74308615 -0.73301158  0.60315108], x4, 4.953, -[-1.06140324 -1.66318338 -0.26658226  0.64223555], *[-0.15110135 -1.74308615 -0.73301158  0.60315108], 4.869, -3.605, -[-1.06140324 -1.66318338 -0.26658226  0.64223555], *[-0.15110135 -1.74308615 -0.73301158  0.60315108], *[-0.15110135 -1.74308615 -0.73301158  0.60315108], 4.895, 4.895, -3.605, *[-0.15110135 -1.74308615 -0.73301158  0.60315108], x4, x0, -[-1.06140324 -1.66318338 -0.26658226  0.64223555], 4.895, x0, *[-0.15110135 -1.74308615 -0.73301158  0.60315108], x4, x0, -3.605, -[-1.06140324 -1.66318338 -0.26658226  0.64223555], *[-0.15110135 -1.74308615 -0.73301158  0.60315108], *[-0.15110135 -1.74308615 -0.73301158  0.60315108], 4.895, 4.895, -3.605, *[-0.15110135 -1.74308615 -0.73301158  0.60315108], x4, x0, -3.605, 4.953]
Training
	MSE:5872.612
	Rsquared:0.007
Test:
	MSE:6007.311
	Rsquared:0.007
23.02807927131653