generations_elite-fitness_number-of-evaluations_time
0_26546.712_512_0.11764979362487793
1_26546.712_1024_0.4078993797302246
2_26546.712_1536_0.6600065231323242
3_26546.712_2048_0.9703164100646973
4_26546.712_2560_1.5730464458465576
5_24714.115_3072_2.2698774337768555
6_20044.453_3584_3.327568531036377
7_15847.049_4096_4.652222156524658
8_11666.634_4608_6.588369369506836
9_6217.042_5120_9.34955906867981
10_6184.224_5632_12.810508251190186
11_6184.224_6144_16.899322986602783
12_5682.372_6656_21.511614322662354
Function found (85nodes ):
	[*[-0.15110135 -1.74308615 -0.73301158  0.60315108], 3.827, *[-0.15110135 -1.74308615 -0.73301158  0.60315108], *[-0.15110135 -1.74308615 -0.73301158  0.60315108], *[-0.15110135 -1.74308615 -0.73301158  0.60315108], /[ 0.41597758 -0.17425604 -1.40282841  0.22986696], /[ 0.41597758 -0.17425604 -1.40282841  0.22986696], *[-0.15110135 -1.74308615 -0.73301158  0.60315108], x6, 3.827, *[-0.15110135 -1.74308615 -0.73301158  0.60315108], *[-0.15110135 -1.74308615 -0.73301158  0.60315108], 3.827, *[-0.15110135 -1.74308615 -0.73301158  0.60315108], x9, 4.766, *[-0.15110135 -1.74308615 -0.73301158  0.60315108], 3.827, *[-0.15110135 -1.74308615 -0.73301158  0.60315108], 3.634, *[-0.15110135 -1.74308615 -0.73301158  0.60315108], *[-0.15110135 -1.74308615 -0.73301158  0.60315108], /[ 0.41597758 -0.17425604 -1.40282841  0.22986696], -[-1.06140324 -1.66318338 -0.26658226  0.64223555], -[-1.06140324 -1.66318338 -0.26658226  0.64223555], 2.985, x1, 3.827, x6, *[-0.15110135 -1.74308615 -0.73301158  0.60315108], 4.766, *[-0.15110135 -1.74308615 -0.73301158  0.60315108], /[ 0.41597758 -0.17425604 -1.40282841  0.22986696], 3.827, x5, 4.766, 4.766, x6, *[-0.15110135 -1.74308615 -0.73301158  0.60315108], *[-0.15110135 -1.74308615 -0.73301158  0.60315108], 3.827, *[-0.15110135 -1.74308615 -0.73301158  0.60315108], x9, *[-0.15110135 -1.74308615 -0.73301158  0.60315108], -[-1.06140324 -1.66318338 -0.26658226  0.64223555], -[-1.06140324 -1.66318338 -0.26658226  0.64223555], 3.827, x8, x2, *[-0.15110135 -1.74308615 -0.73301158  0.60315108], 4.766, *[-0.15110135 -1.74308615 -0.73301158  0.60315108], *[-0.15110135 -1.74308615 -0.73301158  0.60315108], 3.634, *[-0.15110135 -1.74308615 -0.73301158  0.60315108], 3.827, 4.766, 4.766, 4.766, 3.749, *[-0.15110135 -1.74308615 -0.73301158  0.60315108], x9, *[-0.15110135 -1.74308615 -0.73301158  0.60315108], 3.749, *[-0.15110135 -1.74308615 -0.73301158  0.60315108], *[-0.15110135 -1.74308615 -0.73301158  0.60315108], *[-0.15110135 -1.74308615 -0.73301158  0.60315108], 1.147, 3.749, *[-0.15110135 -1.74308615 -0.73301158  0.60315108], x9, *[-0.15110135 -1.74308615 -0.73301158  0.60315108], x9, *[-0.15110135 -1.74308615 -0.73301158  0.60315108], 3.827, *[-0.15110135 -1.74308615 -0.73301158  0.60315108], *[-0.15110135 -1.74308615 -0.73301158  0.60315108], /[ 0.41597758 -0.17425604 -1.40282841  0.22986696], x3, x6, *[-0.15110135 -1.74308615 -0.73301158  0.60315108], x9, 4.766, 4.766, 4.766]
Training
	MSE:5682.372
	Rsquared:0.049
Test:
	MSE:5825.23
	Rsquared:-0.054
21.51177167892456