generations_elite-fitness_number-of-evaluations_time
0_27295.709_512_0.11165499687194824
1_27295.709_1024_0.3943154811859131
2_27295.709_1536_0.6429495811462402
3_26837.312_2048_0.9159679412841797
4_26504.828_2560_1.244713544845581
5_26028.972_3072_1.5144965648651123
6_25959.574_3584_2.0122995376586914
7_24956.875_4096_2.7524454593658447
8_23387.619_4608_3.812598705291748
9_22428.64_5120_5.211421728134155
10_19398.758_5632_7.0893237590789795
11_17108.836_6144_9.79851746559143
12_14918.787_6656_13.404543161392212
13_9028.61_7156_18.26616883277893
14_9028.61_7629_24.225829362869263
Function found (77nodes ):
	[-[-1.06140324 -1.66318338 -0.26658226  0.64223555], -[-1.06140324 -1.66318338 -0.26658226  0.64223555], -[-1.06140324 -1.66318338 -0.26658226  0.64223555], -[-1.06140324 -1.66318338 -0.26658226  0.64223555], -[-1.06140324 -1.66318338 -0.26658226  0.64223555], -[-1.06140324 -1.66318338 -0.26658226  0.64223555], -[-1.06140324 -1.66318338 -0.26658226  0.64223555], -[-1.06140324 -1.66318338 -0.26658226  0.64223555], -[-1.06140324 -1.66318338 -0.26658226  0.64223555], -[-1.06140324 -1.66318338 -0.26658226  0.64223555], -[-1.06140324 -1.66318338 -0.26658226  0.64223555], -[-1.06140324 -1.66318338 -0.26658226  0.64223555], -[-1.06140324 -1.66318338 -0.26658226  0.64223555], -[-1.06140324 -1.66318338 -0.26658226  0.64223555], -[-1.06140324 -1.66318338 -0.26658226  0.64223555], -[-1.06140324 -1.66318338 -0.26658226  0.64223555], -[-1.06140324 -1.66318338 -0.26658226  0.64223555], -[-1.06140324 -1.66318338 -0.26658226  0.64223555], -[-1.06140324 -1.66318338 -0.26658226  0.64223555], -[-1.06140324 -1.66318338 -0.26658226  0.64223555], -[-1.06140324 -1.66318338 -0.26658226  0.64223555], -[-1.06140324 -1.66318338 -0.26658226  0.64223555], -[-1.06140324 -1.66318338 -0.26658226  0.64223555], -[-1.06140324 -1.66318338 -0.26658226  0.64223555], -[-1.06140324 -1.66318338 -0.26658226  0.64223555], -[-1.06140324 -1.66318338 -0.26658226  0.64223555], -[-1.06140324 -1.66318338 -0.26658226  0.64223555], -[-1.06140324 -1.66318338 -0.26658226  0.64223555], 2.256, -4.411, 4.448, -4.411, 3.057, -4.411, 4.448, -4.411, 3.057, -4.411, 3.057, -4.411, 4.448, -4.411, 3.057, x6, 3.239, -4.411, -[-1.06140324 -1.66318338 -0.26658226  0.64223555], -[-1.06140324 -1.66318338 -0.26658226  0.64223555], 2.256, -4.411, /[ 0.41597758 -0.17425604 -1.40282841  0.22986696], -[-1.06140324 -1.66318338 -0.26658226  0.64223555], -[-1.06140324 -1.66318338 -0.26658226  0.64223555], 4.448, 2.256, 3.239, x2, -4.411, 3.057, -4.411, 3.057, -4.411, 4.448, -4.411, -[-1.06140324 -1.66318338 -0.26658226  0.64223555], -[-1.06140324 -1.66318338 -0.26658226  0.64223555], 2.256, -4.411, 3.057, -4.411, /[ 0.41597758 -0.17425604 -1.40282841  0.22986696], -[-1.06140324 -1.66318338 -0.26658226  0.64223555], -[-1.06140324 -1.66318338 -0.26658226  0.64223555], 4.448, 2.256, 3.239, x2]
Training
	MSE:9028.61
	Rsquared:-0.562
Test:
	MSE:11622.945
	Rsquared:-0.614
24.225978136062622