generations_elite-fitness_number-of-evaluations_time
0_27469.505_512_0.26378655433654785
1_27469.505_1024_0.6905450820922852
2_27469.505_1536_0.9587733745574951
3_27146.957_2048_1.2214889526367188
4_27134.533_2560_1.4427292346954346
5_26911.388_3072_1.6753296852111816
6_26643.41_3584_2.1957695484161377
7_26446.012_4096_2.787461042404175
8_25639.648_4608_3.5532991886138916
9_24256.831_5120_4.680006504058838
10_23228.123_5632_6.1797404289245605
11_22573.447_6144_8.261101961135864
12_20771.17_6656_11.333131313323975
13_17446.283_7165_15.439517259597778
14_15545.479_7667_20.66892695426941
Function found (61nodes ):
	[-[-1.06750828 -1.63244685 -0.26699374  0.61149902], -[-1.01899224 -1.69580723 -0.17761703  0.6748594 ], -[-1.06750828 -1.63244685 -0.26699374  0.61149902], -[-1.01899224 -1.69580723 -0.17761703  0.6748594 ], -[-1.06750828 -1.63244685 -0.26699374  0.61149902], -[-1.01899224 -1.69580723 -0.17761703  0.6748594 ], -[-1.06750828 -1.63244685 -0.26699374  0.61149902], -[-1.01899224 -1.69580723 -0.17761703  0.6748594 ], -[-1.06750828 -1.63244685 -0.26699374  0.61149902], -[-1.01899224 -1.69580723 -0.17761703  0.6748594 ], -[-1.06750828 -1.63244685 -0.26699374  0.61149902], -[-1.01899224 -1.69580723 -0.17761703  0.6748594 ], -[-1.06750828 -1.63244685 -0.26699374  0.61149902], -[-1.01899224 -1.69580723 -0.17761703  0.6748594 ], -[-1.06750828 -1.63244685 -0.26699374  0.61149902], -[-1.01899224 -1.69580723 -0.17761703  0.6748594 ], -[-1.06750828 -1.63244685 -0.26699374  0.61149902], -[-1.01899224 -1.69580723 -0.17761703  0.6748594 ], -[-1.06750828 -1.63244685 -0.26699374  0.61149902], -[-1.01899224 -1.69580723 -0.17761703  0.6748594 ], -[-1.06750828 -1.63244685 -0.26699374  0.61149902], -[-1.01899224 -1.69580723 -0.17761703  0.6748594 ], -[-1.06750828 -1.63244685 -0.26699374  0.61149902], -[-1.01899224 -1.69580723 -0.17761703  0.6748594 ], 4.592, -[-1.01899224 -1.69580723 -0.17761703  0.6748594 ], 4.839, 2.727, 4.592, -[-1.01899224 -1.69580723 -0.17761703  0.6748594 ], 4.839, 2.727, 4.592, -[-1.01899224 -1.69580723 -0.17761703  0.6748594 ], 4.839, 2.727, 4.956, x3, 4.956, 4.592, 4.592, x3, 4.592, -[-1.01899224 -1.69580723 -0.17761703  0.6748594 ], 4.839, 2.727, 4.956, 4.592, 4.592, x3, 4.592, -[-1.01899224 -1.69580723 -0.17761703  0.6748594 ], 4.839, 2.727, 4.956, 2.727, 4.592, -[-1.01899224 -1.69580723 -0.17761703  0.6748594 ], 4.592, 2.727, 4.592]
Training
	MSE:15545.479
	Rsquared:-1.605
Test:
	MSE:16231.981
	Rsquared:-1.923
20.66910982131958