generations_elite-fitness_number-of-evaluations_time
0_27507.309_64_0.014822006225585938
1_27507.309_128_0.05647778511047363
2_27507.309_192_0.118072509765625
3_27244.861_256_0.20407485961914062
4_26849.193_320_0.30609893798828125
5_26358.791_384_0.6021716594696045
6_26119.234_448_0.7363011837005615
7_25804.014_512_0.8501651287078857
8_25377.397_576_1.0236525535583496
9_25105.477_640_1.3231327533721924
10_24903.244_703_1.6889638900756836
11_24510.826_767_2.1606454849243164
12_24131.242_828_2.6527228355407715
13_24112.292_890_3.3075437545776367
14_23582.202_949_4.0984063148498535
15_23517.891_1006_4.992234706878662
16_23426.553_1062_5.873051166534424
17_23426.553_1113_6.96884822845459
18_23148.518_1157_8.128905773162842
19_23125.123_1209_9.285541296005249
20_23121.812_1260_10.278656959533691
21_22994.808_1307_11.471640825271606
22_22994.808_1353_12.653979778289795
23_22976.134_1399_13.815181493759155
24_22963.273_1446_15.042592525482178
25_22937.864_1495_16.099339962005615
26_22820.156_1541_17.222443342208862
27_22267.421_1589_18.253400802612305
28_22152.183_1642_19.35165810585022
29_22152.183_1690_20.431384563446045
Function found (95nodes ):
	[+[ 0.49671415 -0.1382643   0.64768854  1.52302986], +[ 0.49671415 -0.1382643   0.64768854  1.52302986], +[ 0.49671415 -0.1382643   0.64768854  1.52302986], +[ 0.49671415 -0.1382643   0.64768854  1.52302986], /[ 0.24196227 -1.91328024 -1.72491783 -0.56228753], -3.787, -0.17, +[ 0.49671415 -0.1382643   0.64768854  1.52302986], /[ 0.24196227 -1.91328024 -1.72491783 -0.56228753], -3.787, -0.17, /[ 0.24196227 -1.91328024 -1.72491783 -0.56228753], -3.787, -0.17, /[ 0.24196227 -1.91328024 -1.72491783 -0.56228753], -3.787, -0.17, +[ 0.49671415 -0.1382643   0.64768854  1.52302986], /[ 0.24196227 -1.91328024 -1.72491783 -0.56228753], -3.787, -0.17, +[ 0.49671415 -0.1382643   0.64768854  1.52302986], /[ 0.24196227 -1.91328024 -1.72491783 -0.56228753], -3.787, -0.17, /[ 0.24196227 -1.91328024 -1.72491783 -0.56228753], -3.787, -0.17, +[ 0.49671415 -0.1382643   0.64768854  1.52302986], +[ 0.49671415 -0.1382643   0.64768854  1.52302986], +[ 0.49671415 -0.1382643   0.64768854  1.52302986], +[ 0.49671415 -0.1382643   0.64768854  1.52302986], /[ 0.24196227 -1.91328024 -1.72491783 -0.56228753], -3.787, -0.17, +[ 0.49671415 -0.1382643   0.64768854  1.52302986], /[ 0.24196227 -1.91328024 -1.72491783 -0.56228753], -3.787, -0.17, /[ 0.24196227 -1.91328024 -1.72491783 -0.56228753], -3.787, -0.17, /[ 0.24196227 -1.91328024 -1.72491783 -0.56228753], -3.787, -0.17, +[ 0.49671415 -0.1382643   0.64768854  1.52302986], /[ 0.24196227 -1.91328024 -1.72491783 -0.56228753], -3.787, -0.17, +[ 0.49671415 -0.1382643   0.64768854  1.52302986], /[ 0.24196227 -1.91328024 -1.72491783 -0.56228753], -3.787, -0.17, /[ 0.24196227 -1.91328024 -1.72491783 -0.56228753], -3.787, -0.17, +[ 0.49671415 -0.1382643   0.64768854  1.52302986], +[ 0.49671415 -0.1382643   0.64768854  1.52302986], /[ 0.24196227 -1.91328024 -1.72491783 -0.56228753], -3.787, -0.17, +[ 0.49671415 -0.1382643   0.64768854  1.52302986], +[ 0.49671415 -0.1382643   0.64768854  1.52302986], +[ 0.49671415 -0.1382643   0.64768854  1.52302986], /[ 0.24196227 -1.91328024 -1.72491783 -0.56228753], -3.787, -0.17, +[ 0.49671415 -0.1382643   0.64768854  1.52302986], /[ 0.24196227 -1.91328024 -1.72491783 -0.56228753], -3.787, -0.17, /[ 0.24196227 -1.91328024 -1.72491783 -0.56228753], -3.787, -0.17, /[ 0.24196227 -1.91328024 -1.72491783 -0.56228753], -3.787, -0.17, +[ 0.49671415 -0.1382643   0.64768854  1.52302986], /[ 0.24196227 -1.91328024 -1.72491783 -0.56228753], -3.787, -0.17, /[ 0.24196227 -1.91328024 -1.72491783 -0.56228753], -3.787, -0.17, +[ 0.49671415 -0.1382643   0.64768854  1.52302986], /[ 0.24196227 -1.91328024 -1.72491783 -0.56228753], -3.787, -0.17, +[ 0.49671415 -0.1382643   0.64768854  1.52302986], /[ 0.24196227 -1.91328024 -1.72491783 -0.56228753], -3.787, -0.17, /[ 0.24196227 -1.91328024 -1.72491783 -0.56228753], -3.787, -0.17]
Training
	MSE:22152.183
	Rsquared:-2.592
Test:
	MSE:21625.032
	Rsquared:-2.799
20.431500911712646