generations_elite-fitness_number-of-evaluations_time
0_28231.055_128_0.025119304656982422
1_28094.461_256_0.08557534217834473
2_28094.461_384_0.16163945198059082
3_27806.609_512_0.2466588020324707
4_27785.436_640_0.3172881603240967
5_27382.728_768_0.39160776138305664
6_27245.839_896_0.4815642833709717
7_27245.839_1024_0.5875644683837891
8_26911.107_1152_0.6983358860015869
9_26626.165_1280_0.8303544521331787
10_26373.691_1408_1.0021538734436035
11_26373.691_1536_1.3501522541046143
12_26112.731_1664_1.603372573852539
13_26021.339_1792_1.9214708805084229
14_25613.184_1920_2.3406713008880615
15_25429.124_2048_2.9553592205047607
16_25429.124_2176_3.6185524463653564
17_24998.337_2304_4.540371656417847
18_24998.337_2427_5.728883743286133
19_24940.45_2551_7.066818475723267
20_24926.843_2671_8.56027603149414
21_24868.921_2790_10.162110567092896
Function found (95nodes ):
	[+[ 0.49671415 -0.1382643   0.64768854  1.52302986], +[ 0.49671415 -0.1382643   0.64768854  1.52302986], +[ 0.49671415 -0.1382643   0.64768854  1.52302986], +[ 0.49671415 -0.1382643   0.64768854  1.52302986], 3.849, +[ 0.49671415 -0.1382643   0.64768854  1.52302986], +[ 0.49671415 -0.1382643   0.64768854  1.52302986], 3.132, 3.849, +[ 0.49671415 -0.1382643   0.64768854  1.52302986], 3.849, 3.849, +[ 0.49671415 -0.1382643   0.64768854  1.52302986], +[ 0.49671415 -0.1382643   0.64768854  1.52302986], 3.849, 3.849, +[ 0.49671415 -0.1382643   0.64768854  1.52302986], +[ 0.49671415 -0.1382643   0.64768854  1.52302986], 3.849, +[ 0.49671415 -0.1382643   0.64768854  1.52302986], 3.132, +[ 0.49671415 -0.1382643   0.64768854  1.52302986], 3.849, 3.849, +[ 0.49671415 -0.1382643   0.64768854  1.52302986], +[ 0.49671415 -0.1382643   0.64768854  1.52302986], 3.849, 3.849, +[ 0.49671415 -0.1382643   0.64768854  1.52302986], /[ 0.24196227 -1.91328024 -1.72491783 -0.56228753], x0, x5, +[ 0.49671415 -0.1382643   0.64768854  1.52302986], 3.132, 3.849, +[ 0.49671415 -0.1382643   0.64768854  1.52302986], +[ 0.49671415 -0.1382643   0.64768854  1.52302986], 3.849, +[ 0.49671415 -0.1382643   0.64768854  1.52302986], 3.132, +[ 0.49671415 -0.1382643   0.64768854  1.52302986], 3.849, 3.849, +[ 0.49671415 -0.1382643   0.64768854  1.52302986], 3.849, +[ 0.49671415 -0.1382643   0.64768854  1.52302986], 3.132, /[ 0.24196227 -1.91328024 -1.72491783 -0.56228753], x2, x1, +[ 0.49671415 -0.1382643   0.64768854  1.52302986], 3.849, +[ 0.49671415 -0.1382643   0.64768854  1.52302986], +[ 0.49671415 -0.1382643   0.64768854  1.52302986], +[ 0.49671415 -0.1382643   0.64768854  1.52302986], 3.849, +[ 0.49671415 -0.1382643   0.64768854  1.52302986], +[ 0.49671415 -0.1382643   0.64768854  1.52302986], 3.132, 3.849, +[ 0.49671415 -0.1382643   0.64768854  1.52302986], 3.849, 3.849, +[ 0.49671415 -0.1382643   0.64768854  1.52302986], +[ 0.49671415 -0.1382643   0.64768854  1.52302986], 3.849, 3.849, +[ 0.49671415 -0.1382643   0.64768854  1.52302986], +[ 0.49671415 -0.1382643   0.64768854  1.52302986], 3.849, 3.849, +[ 0.49671415 -0.1382643   0.64768854  1.52302986], +[ 0.49671415 -0.1382643   0.64768854  1.52302986], 3.849, +[ 0.49671415 -0.1382643   0.64768854  1.52302986], 3.132, +[ 0.49671415 -0.1382643   0.64768854  1.52302986], 3.849, 3.849, +[ 0.49671415 -0.1382643   0.64768854  1.52302986], +[ 0.49671415 -0.1382643   0.64768854  1.52302986], 3.849, 3.849, +[ 0.49671415 -0.1382643   0.64768854  1.52302986], /[ 0.24196227 -1.91328024 -1.72491783 -0.56228753], x0, x5, +[ 0.49671415 -0.1382643   0.64768854  1.52302986], 3.132, 3.849, +[ 0.49671415 -0.1382643   0.64768854  1.52302986], +[ 0.49671415 -0.1382643   0.64768854  1.52302986], 3.132, 3.849, 3.849]
Training
	MSE:24868.921
	Rsquared:-3.032
Test:
	MSE:24337.398
	Rsquared:-3.276
10.162225484848022