generations_elite-fitness_number-of-evaluations_time
0_27980.242_64_0.014732837677001953
1_27980.242_128_0.1872398853302002
2_27574.606_192_0.2240457534790039
3_27574.606_256_0.26029372215270996
4_27271.555_320_0.3004472255706787
5_27271.555_384_0.34654927253723145
6_27008.092_448_0.39496755599975586
7_26880.325_512_0.4346771240234375
8_26582.77_576_0.47716236114501953
9_26582.77_640_0.5272426605224609
10_26329.665_704_0.5972449779510498
11_26239.785_768_0.6772096157073975
12_25953.256_832_0.7754185199737549
13_25539.467_896_0.8976235389709473
14_25381.246_960_1.0452706813812256
15_25381.246_1024_1.2217936515808105
16_24975.203_1088_1.4522173404693604
17_24764.012_1152_1.820716381072998
18_24764.012_1216_2.142859697341919
19_24764.012_1278_2.5511486530303955
20_24756.052_1342_3.1472203731536865
21_24490.034_1403_3.718916654586792
22_24490.034_1464_4.339132070541382
23_24490.034_1520_5.188950300216675
24_24490.034_1578_6.058244705200195
25_24490.034_1634_6.759441137313843
26_24295.545_1694_7.576054811477661
27_24295.545_1755_8.252920389175415
28_24286.243_1817_9.094564199447632
29_24286.243_1871_9.963062047958374
30_24115.047_1931_10.91283130645752
31_24115.047_1983_11.97314977645874
32_24115.047_2039_13.101598262786865
33_24115.047_2092_13.968345403671265
34_24112.556_2148_14.996109962463379
35_24112.556_2198_16.11609387397766
36_24078.81_2254_16.988784074783325
37_24078.81_2309_17.993314027786255
38_24078.81_2364_19.060284852981567
39_24029.605_2413_19.92683696746826
40_24029.605_2472_20.89785623550415
Function found (99nodes ):
	[+[ 0.49671415 -0.1382643   0.64768854  1.52302986], +[ 0.49671415 -0.1382643   0.64768854  1.52302986], +[ 0.49671415 -0.1382643   0.64768854  1.52302986], +[ 0.49671415 -0.1382643   0.64768854  1.52302986], +[ 0.49671415 -0.1382643   0.64768854  1.52302986], +[ 0.49671415 -0.1382643   0.64768854  1.52302986], +[ 0.49671415 -0.1382643   0.64768854  1.52302986], x4, 4.875, 4.875, 4.875, 4.875, +[ 0.49671415 -0.1382643   0.64768854  1.52302986], +[ 0.49671415 -0.1382643   0.64768854  1.52302986], +[ 0.49671415 -0.1382643   0.64768854  1.52302986], 4.875, +[ 0.49671415 -0.1382643   0.64768854  1.52302986], 4.875, +[ 0.49671415 -0.1382643   0.64768854  1.52302986], 4.875, +[ 0.49671415 -0.1382643   0.64768854  1.52302986], +[ 0.49671415 -0.1382643   0.64768854  1.52302986], 4.875, 4.875, 4.875, 4.875, +[ 0.49671415 -0.1382643   0.64768854  1.52302986], +[ 0.49671415 -0.1382643   0.64768854  1.52302986], +[ 0.49671415 -0.1382643   0.64768854  1.52302986], 4.875, 4.875, +[ 0.49671415 -0.1382643   0.64768854  1.52302986], 4.875, 4.875, +[ 0.49671415 -0.1382643   0.64768854  1.52302986], 4.875, +[ 0.49671415 -0.1382643   0.64768854  1.52302986], 4.875, 4.875, +[ 0.49671415 -0.1382643   0.64768854  1.52302986], 4.875, +[ 0.49671415 -0.1382643   0.64768854  1.52302986], +[ 0.49671415 -0.1382643   0.64768854  1.52302986], +[ 0.49671415 -0.1382643   0.64768854  1.52302986], +[ 0.49671415 -0.1382643   0.64768854  1.52302986], +[ 0.49671415 -0.1382643   0.64768854  1.52302986], 4.875, 4.875, +[ 0.49671415 -0.1382643   0.64768854  1.52302986], +[ 0.49671415 -0.1382643   0.64768854  1.52302986], 4.875, 4.875, 4.875, +[ 0.49671415 -0.1382643   0.64768854  1.52302986], 4.875, +[ 0.49671415 -0.1382643   0.64768854  1.52302986], 4.875, 4.875, +[ 0.49671415 -0.1382643   0.64768854  1.52302986], 4.875, 4.875, +[ 0.49671415 -0.1382643   0.64768854  1.52302986], +[ 0.49671415 -0.1382643   0.64768854  1.52302986], 4.875, 4.875, +[ 0.49671415 -0.1382643   0.64768854  1.52302986], 4.875, 4.875, +[ 0.49671415 -0.1382643   0.64768854  1.52302986], +[ 0.49671415 -0.1382643   0.64768854  1.52302986], +[ 0.49671415 -0.1382643   0.64768854  1.52302986], +[ 0.49671415 -0.1382643   0.64768854  1.52302986], +[ 0.49671415 -0.1382643   0.64768854  1.52302986], 4.875, 4.875, +[ 0.49671415 -0.1382643   0.64768854  1.52302986], +[ 0.49671415 -0.1382643   0.64768854  1.52302986], 4.875, 4.875, 4.875, +[ 0.49671415 -0.1382643   0.64768854  1.52302986], +[ 0.49671415 -0.1382643   0.64768854  1.52302986], 4.875, 4.875, +[ 0.49671415 -0.1382643   0.64768854  1.52302986], 4.875, 4.875, +[ 0.49671415 -0.1382643   0.64768854  1.52302986], 4.875, 4.875, +[ 0.49671415 -0.1382643   0.64768854  1.52302986], +[ 0.49671415 -0.1382643   0.64768854  1.52302986], 4.875, +[ 0.49671415 -0.1382643   0.64768854  1.52302986], 4.875, 4.875, +[ 0.49671415 -0.1382643   0.64768854  1.52302986], 4.875, 4.875]
Training
	MSE:24029.605
	Rsquared:-2.896
Test:
	MSE:23499.512
	Rsquared:-3.129
20.897990703582764