generations_elite-fitness_number-of-evaluations_time
0_28131.536_64_0.0375669002532959
1_28131.536_128_0.11729145050048828
2_27026.498_192_0.20421218872070312
3_27026.498_256_0.3010592460632324
4_27026.498_320_0.40158843994140625
5_27026.498_384_0.6105685234069824
6_27026.498_448_0.6904885768890381
7_27026.498_512_0.7577025890350342
8_27026.498_576_0.8266904354095459
9_27026.498_640_0.8897953033447266
10_26961.647_704_0.9354486465454102
11_26961.647_768_0.9810020923614502
12_26961.647_832_1.0231146812438965
13_26668.188_896_1.072685956954956
14_26334.913_960_1.1315057277679443
15_26334.913_1024_1.1916518211364746
16_26300.226_1088_1.2593357563018799
17_26247.294_1152_1.347620964050293
18_26202.142_1216_1.462054967880249
19_25851.185_1280_1.6043813228607178
20_25851.185_1344_1.7648735046386719
21_25531.736_1408_1.9528677463531494
22_25030.746_1472_2.2394888401031494
23_25030.746_1536_2.4861128330230713
24_25030.746_1600_2.7932498455047607
25_24820.965_1664_3.129366636276245
26_24820.965_1728_3.518524169921875
27_24425.834_1792_4.065610647201538
28_24425.834_1855_4.560790777206421
29_24130.682_1918_5.235923528671265
Function found (89nodes ):
	[+[ 0.49671415 -0.1382643   0.64768854  1.52302986], +[ 0.49671415 -0.1382643   0.64768854  1.52302986], +[ 0.49671415 -0.1382643   0.64768854  1.52302986], 4.647, +[ 0.49671415 -0.1382643   0.64768854  1.52302986], +[ 0.49671415 -0.1382643   0.64768854  1.52302986], 4.647, 4.647, +[ 0.49671415 -0.1382643   0.64768854  1.52302986], 4.647, +[ 0.49671415 -0.1382643   0.64768854  1.52302986], 4.647, +[ 0.49671415 -0.1382643   0.64768854  1.52302986], +[ 0.49671415 -0.1382643   0.64768854  1.52302986], 4.647, 4.647, 4.647, +[ 0.49671415 -0.1382643   0.64768854  1.52302986], /[ 0.24196227 -1.91328024 -1.72491783 -0.56228753], /[ 0.24196227 -1.91328024 -1.72491783 -0.56228753], +[ 0.49671415 -0.1382643   0.64768854  1.52302986], +[ 0.49671415 -0.1382643   0.64768854  1.52302986], 4.647, +[ 0.49671415 -0.1382643   0.64768854  1.52302986], 4.647, +[ 0.49671415 -0.1382643   0.64768854  1.52302986], 4.647, +[ 0.49671415 -0.1382643   0.64768854  1.52302986], +[ 0.49671415 -0.1382643   0.64768854  1.52302986], 4.647, 4.647, +[ 0.49671415 -0.1382643   0.64768854  1.52302986], 4.647, +[ 0.49671415 -0.1382643   0.64768854  1.52302986], 4.647, 4.647, +[ 0.49671415 -0.1382643   0.64768854  1.52302986], +[ 0.49671415 -0.1382643   0.64768854  1.52302986], 4.647, +[ 0.49671415 -0.1382643   0.64768854  1.52302986], 4.647, +[ 0.49671415 -0.1382643   0.64768854  1.52302986], +[ 0.49671415 -0.1382643   0.64768854  1.52302986], 4.647, 4.647, +[ 0.49671415 -0.1382643   0.64768854  1.52302986], 4.647, +[ 0.49671415 -0.1382643   0.64768854  1.52302986], 4.647, 4.647, +[ 0.49671415 -0.1382643   0.64768854  1.52302986], 4.647, 4.647, x7, *[-0.46947439  0.54256004 -0.46341769 -0.46572975], x9, x3, +[ 0.49671415 -0.1382643   0.64768854  1.52302986], 4.647, +[ 0.49671415 -0.1382643   0.64768854  1.52302986], +[ 0.49671415 -0.1382643   0.64768854  1.52302986], 4.647, 4.647, +[ 0.49671415 -0.1382643   0.64768854  1.52302986], 4.647, +[ 0.49671415 -0.1382643   0.64768854  1.52302986], 4.647, 4.647, +[ 0.49671415 -0.1382643   0.64768854  1.52302986], +[ 0.49671415 -0.1382643   0.64768854  1.52302986], 4.647, +[ 0.49671415 -0.1382643   0.64768854  1.52302986], 4.647, +[ 0.49671415 -0.1382643   0.64768854  1.52302986], 4.647, +[ 0.49671415 -0.1382643   0.64768854  1.52302986], 4.647, +[ 0.49671415 -0.1382643   0.64768854  1.52302986], 4.647, 4.647, +[ 0.49671415 -0.1382643   0.64768854  1.52302986], 4.647, +[ 0.49671415 -0.1382643   0.64768854  1.52302986], 4.647, +[ 0.49671415 -0.1382643   0.64768854  1.52302986], +[ 0.49671415 -0.1382643   0.64768854  1.52302986], 4.647, 4.647, 4.647]
Training
	MSE:24130.682
	Rsquared:-2.912
Test:
	MSE:23587.232
	Rsquared:-3.144
5.236168622970581