generations_elite-fitness_number-of-evaluations_time
0_28018.588_256_0.05608701705932617
1_27865.399_512_0.17169475555419922
2_27710.818_768_0.31499648094177246
3_27560.23_1024_0.4736499786376953
4_27281.107_1280_0.6386096477508545
5_27251.942_1536_0.9529352188110352
6_27056.991_1792_1.140697956085205
7_26878.018_2048_1.339062213897705
8_26792.776_2304_1.5583889484405518
9_26691.665_2560_1.8121540546417236
10_26506.151_2816_2.1034457683563232
11_26335.542_3072_2.5101497173309326
12_25975.167_3328_2.872894763946533
13_25975.167_3584_3.3194351196289062
14_25812.234_3840_3.94844913482666
15_25626.754_4096_4.532557249069214
16_25231.649_4352_5.1944708824157715
17_25205.128_4608_6.043980121612549
18_25006.988_4864_7.012709379196167
19_25006.988_5120_7.970424175262451
20_24841.521_5376_9.179456233978271
21_24297.351_5632_10.569400787353516
22_24297.351_5887_12.17831563949585
23_24235.877_6141_14.022780656814575
24_24208.448_6394_16.4894802570343
Function found (95nodes ):
	[+[ 0.49671415 -0.1382643   0.64768854  1.52302986], +[ 0.49671415 -0.1382643   0.64768854  1.52302986], +[ 0.49671415 -0.1382643   0.64768854  1.52302986], +[ 0.49671415 -0.1382643   0.64768854  1.52302986], 4.934, +[ 0.49671415 -0.1382643   0.64768854  1.52302986], 4.934, 4.779, +[ 0.49671415 -0.1382643   0.64768854  1.52302986], +[ 0.49671415 -0.1382643   0.64768854  1.52302986], 4.934, 4.934, +[ 0.49671415 -0.1382643   0.64768854  1.52302986], +[ 0.49671415 -0.1382643   0.64768854  1.52302986], +[ 0.49671415 -0.1382643   0.64768854  1.52302986], 4.934, 4.934, +[ 0.49671415 -0.1382643   0.64768854  1.52302986], 4.934, /[ 0.24196227 -1.91328024 -1.72491783 -0.56228753], -2.751, x9, +[ 0.49671415 -0.1382643   0.64768854  1.52302986], 4.934, +[ 0.49671415 -0.1382643   0.64768854  1.52302986], 4.934, 4.934, +[ 0.49671415 -0.1382643   0.64768854  1.52302986], +[ 0.49671415 -0.1382643   0.64768854  1.52302986], +[ 0.49671415 -0.1382643   0.64768854  1.52302986], +[ 0.49671415 -0.1382643   0.64768854  1.52302986], 4.934, +[ 0.49671415 -0.1382643   0.64768854  1.52302986], 3.887, +[ 0.49671415 -0.1382643   0.64768854  1.52302986], 3.887, /[ 0.24196227 -1.91328024 -1.72491783 -0.56228753], x9, x3, +[ 0.49671415 -0.1382643   0.64768854  1.52302986], 4.934, 4.934, +[ 0.49671415 -0.1382643   0.64768854  1.52302986], 4.934, +[ 0.49671415 -0.1382643   0.64768854  1.52302986], 4.934, 4.779, +[ 0.49671415 -0.1382643   0.64768854  1.52302986], +[ 0.49671415 -0.1382643   0.64768854  1.52302986], 4.934, 4.934, +[ 0.49671415 -0.1382643   0.64768854  1.52302986], +[ 0.49671415 -0.1382643   0.64768854  1.52302986], 4.934, 4.934, +[ 0.49671415 -0.1382643   0.64768854  1.52302986], 4.934, /[ 0.24196227 -1.91328024 -1.72491783 -0.56228753], -2.751, x9, +[ 0.49671415 -0.1382643   0.64768854  1.52302986], +[ 0.49671415 -0.1382643   0.64768854  1.52302986], 4.934, 4.934, +[ 0.49671415 -0.1382643   0.64768854  1.52302986], +[ 0.49671415 -0.1382643   0.64768854  1.52302986], 4.934, 4.934, +[ 0.49671415 -0.1382643   0.64768854  1.52302986], +[ 0.49671415 -0.1382643   0.64768854  1.52302986], +[ 0.49671415 -0.1382643   0.64768854  1.52302986], +[ 0.49671415 -0.1382643   0.64768854  1.52302986], 4.934, +[ 0.49671415 -0.1382643   0.64768854  1.52302986], 4.934, +[ 0.49671415 -0.1382643   0.64768854  1.52302986], 4.934, 4.934, +[ 0.49671415 -0.1382643   0.64768854  1.52302986], +[ 0.49671415 -0.1382643   0.64768854  1.52302986], 4.934, 4.934, +[ 0.49671415 -0.1382643   0.64768854  1.52302986], 4.934, /[ 0.24196227 -1.91328024 -1.72491783 -0.56228753], -2.751, x9, +[ 0.49671415 -0.1382643   0.64768854  1.52302986], 4.934, /[ 0.24196227 -1.91328024 -1.72491783 -0.56228753], -2.751, x9, /[ 0.24196227 -1.91328024 -1.72491783 -0.56228753], -2.751, x9]
Training
	MSE:24208.448
	Rsquared:-2.925
Test:
	MSE:23674.665
	Rsquared:-3.159
16.48959231376648