generations_elite-fitness_number-of-evaluations_time
0_27886.026_64_0.03072500228881836
1_27886.026_128_0.0893259048461914
2_27886.026_192_0.15160679817199707
3_27886.026_256_0.232407808303833
4_27886.026_320_0.3118603229522705
5_27886.026_384_0.39020681381225586
6_27626.371_448_0.4496586322784424
7_27626.371_512_0.49437880516052246
8_27275.213_576_0.5381958484649658
9_27275.213_640_0.5687403678894043
10_27275.213_704_0.5975306034088135
11_26975.052_768_0.6289937496185303
12_26914.481_832_0.6629939079284668
13_26410.275_896_0.7122929096221924
14_26410.275_960_0.7606503963470459
15_26410.275_1024_0.8166658878326416
16_26191.426_1088_0.8883812427520752
17_26191.426_1152_0.9732794761657715
18_26007.632_1216_1.0794034004211426
19_25802.324_1280_1.2082469463348389
20_25776.178_1344_1.3556678295135498
21_25221.27_1408_1.5126266479492188
22_25221.27_1472_1.6850507259368896
23_24855.915_1536_1.8948156833648682
24_24855.915_1600_2.1509547233581543
25_24659.082_1664_2.445458173751831
26_24659.082_1728_3.4263954162597656
27_24567.101_1792_3.78781795501709
28_24090.067_1856_4.188700914382935
29_24090.067_1919_4.738201856613159
30_24043.677_1982_5.1881327629089355
Function found (79nodes ):
	[+[ 0.49671415 -0.1382643   0.64768854  1.52302986], +[ 0.49671415 -0.1382643   0.64768854  1.52302986], +[ 0.49671415 -0.1382643   0.64768854  1.52302986], +[ 0.49671415 -0.1382643   0.64768854  1.52302986], 4.864, 4.864, 4.864, +[ 0.49671415 -0.1382643   0.64768854  1.52302986], +[ 0.49671415 -0.1382643   0.64768854  1.52302986], +[ 0.49671415 -0.1382643   0.64768854  1.52302986], +[ 0.49671415 -0.1382643   0.64768854  1.52302986], +[ 0.49671415 -0.1382643   0.64768854  1.52302986], 4.864, 4.864, 4.864, +[ 0.49671415 -0.1382643   0.64768854  1.52302986], 4.864, +[ 0.49671415 -0.1382643   0.64768854  1.52302986], 4.864, 4.864, 4.864, +[ 0.49671415 -0.1382643   0.64768854  1.52302986], +[ 0.49671415 -0.1382643   0.64768854  1.52302986], +[ 0.49671415 -0.1382643   0.64768854  1.52302986], +[ 0.49671415 -0.1382643   0.64768854  1.52302986], 4.864, 4.864, 4.864, +[ 0.49671415 -0.1382643   0.64768854  1.52302986], 4.864, +[ 0.49671415 -0.1382643   0.64768854  1.52302986], 4.864, 4.864, +[ 0.49671415 -0.1382643   0.64768854  1.52302986], +[ 0.49671415 -0.1382643   0.64768854  1.52302986], +[ 0.49671415 -0.1382643   0.64768854  1.52302986], 4.864, 4.864, 4.864, 4.864, +[ 0.49671415 -0.1382643   0.64768854  1.52302986], +[ 0.49671415 -0.1382643   0.64768854  1.52302986], +[ 0.49671415 -0.1382643   0.64768854  1.52302986], +[ 0.49671415 -0.1382643   0.64768854  1.52302986], 4.864, 4.864, 4.864, +[ 0.49671415 -0.1382643   0.64768854  1.52302986], 4.864, +[ 0.49671415 -0.1382643   0.64768854  1.52302986], 4.864, 4.864, +[ 0.49671415 -0.1382643   0.64768854  1.52302986], +[ 0.49671415 -0.1382643   0.64768854  1.52302986], +[ 0.49671415 -0.1382643   0.64768854  1.52302986], +[ 0.49671415 -0.1382643   0.64768854  1.52302986], x4, 4.864, 4.864, +[ 0.49671415 -0.1382643   0.64768854  1.52302986], 4.864, +[ 0.49671415 -0.1382643   0.64768854  1.52302986], 4.864, +[ 0.49671415 -0.1382643   0.64768854  1.52302986], 4.864, 4.864, +[ 0.49671415 -0.1382643   0.64768854  1.52302986], 4.864, +[ 0.49671415 -0.1382643   0.64768854  1.52302986], 4.864, +[ 0.49671415 -0.1382643   0.64768854  1.52302986], 4.864, +[ 0.49671415 -0.1382643   0.64768854  1.52302986], +[ 0.49671415 -0.1382643   0.64768854  1.52302986], +[ 0.49671415 -0.1382643   0.64768854  1.52302986], 4.864, 4.864, 4.864, 4.864]
Training
	MSE:24043.677
	Rsquared:-2.898
Test:
	MSE:23513.56
	Rsquared:-3.131
5.188268184661865