generations_elite-fitness_number-of-evaluations_time
0_27854.205_64_0.015776634216308594
1_27854.205_128_0.057765960693359375
2_27854.205_192_0.1072397232055664
3_27480.99_256_0.15743064880371094
4_27444.73_320_0.1992945671081543
5_27239.315_384_0.24449563026428223
6_27088.628_448_0.319530725479126
7_26837.972_512_0.4132373332977295
8_26546.484_576_0.5203850269317627
9_26350.541_640_0.6532139778137207
10_25763.312_704_0.9338274002075195
11_25715.728_768_1.1340465545654297
12_25123.681_832_1.410311222076416
13_25123.681_895_1.802431583404541
14_24920.829_958_2.4003868103027344
15_24625.56_1020_3.003387451171875
16_24578.508_1080_3.797506093978882
17_24556.652_1136_4.576767206192017
18_24333.336_1191_5.468565464019775
19_24333.336_1241_6.284122705459595
20_24292.863_1293_7.299036502838135
21_24168.553_1342_8.303566932678223
22_24130.016_1388_9.221589088439941
23_24112.411_1440_10.315969228744507
24_24112.411_1489_11.464296817779541
25_24002.436_1531_12.702738285064697
26_24002.436_1569_13.931607961654663
27_24002.436_1617_15.182745456695557
28_23978.202_1657_16.283716201782227
29_23970.512_1704_17.504300832748413
30_23964.078_1744_18.769171714782715
31_23800.56_1787_20.04651927947998
Function found (95nodes ):
	[+[ 0.49671415 -0.1382643   0.64768854  1.52302986], +[ 0.49671415 -0.1382643   0.64768854  1.52302986], +[ 0.49671415 -0.1382643   0.64768854  1.52302986], +[ 0.49671415 -0.1382643   0.64768854  1.52302986], +[ 0.49671415 -0.1382643   0.64768854  1.52302986], x5, 4.972, +[ 0.49671415 -0.1382643   0.64768854  1.52302986], 4.972, 2.177, +[ 0.49671415 -0.1382643   0.64768854  1.52302986], +[ 0.49671415 -0.1382643   0.64768854  1.52302986], +[ 0.49671415 -0.1382643   0.64768854  1.52302986], 4.972, +[ 0.49671415 -0.1382643   0.64768854  1.52302986], 4.972, +[ 0.49671415 -0.1382643   0.64768854  1.52302986], +[ 0.49671415 -0.1382643   0.64768854  1.52302986], +[ 0.49671415 -0.1382643   0.64768854  1.52302986], x5, 4.972, +[ 0.49671415 -0.1382643   0.64768854  1.52302986], 4.972, 4.972, 4.972, +[ 0.49671415 -0.1382643   0.64768854  1.52302986], +[ 0.49671415 -0.1382643   0.64768854  1.52302986], 4.972, 4.972, +[ 0.49671415 -0.1382643   0.64768854  1.52302986], 4.972, 4.972, +[ 0.49671415 -0.1382643   0.64768854  1.52302986], +[ 0.49671415 -0.1382643   0.64768854  1.52302986], +[ 0.49671415 -0.1382643   0.64768854  1.52302986], 2.177, 4.972, +[ 0.49671415 -0.1382643   0.64768854  1.52302986], 4.972, 4.972, +[ 0.49671415 -0.1382643   0.64768854  1.52302986], 4.972, x5, +[ 0.49671415 -0.1382643   0.64768854  1.52302986], +[ 0.49671415 -0.1382643   0.64768854  1.52302986], 4.972, 4.972, +[ 0.49671415 -0.1382643   0.64768854  1.52302986], 4.972, +[ 0.49671415 -0.1382643   0.64768854  1.52302986], +[ 0.49671415 -0.1382643   0.64768854  1.52302986], 4.972, 4.972, +[ 0.49671415 -0.1382643   0.64768854  1.52302986], 4.972, 4.972, +[ 0.49671415 -0.1382643   0.64768854  1.52302986], +[ 0.49671415 -0.1382643   0.64768854  1.52302986], +[ 0.49671415 -0.1382643   0.64768854  1.52302986], +[ 0.49671415 -0.1382643   0.64768854  1.52302986], 4.972, 4.972, +[ 0.49671415 -0.1382643   0.64768854  1.52302986], 4.972, 4.972, +[ 0.49671415 -0.1382643   0.64768854  1.52302986], +[ 0.49671415 -0.1382643   0.64768854  1.52302986], 4.972, 4.972, +[ 0.49671415 -0.1382643   0.64768854  1.52302986], 4.972, 4.972, +[ 0.49671415 -0.1382643   0.64768854  1.52302986], +[ 0.49671415 -0.1382643   0.64768854  1.52302986], +[ 0.49671415 -0.1382643   0.64768854  1.52302986], 4.972, 4.972, +[ 0.49671415 -0.1382643   0.64768854  1.52302986], 4.972, 4.972, +[ 0.49671415 -0.1382643   0.64768854  1.52302986], +[ 0.49671415 -0.1382643   0.64768854  1.52302986], 4.972, 4.972, +[ 0.49671415 -0.1382643   0.64768854  1.52302986], 4.972, +[ 0.49671415 -0.1382643   0.64768854  1.52302986], +[ 0.49671415 -0.1382643   0.64768854  1.52302986], 4.972, +[ 0.49671415 -0.1382643   0.64768854  1.52302986], 4.972, x5, +[ 0.49671415 -0.1382643   0.64768854  1.52302986], 4.972, 4.972]
Training
	MSE:23800.56
	Rsquared:-2.859
Test:
	MSE:23270.755
	Rsquared:-3.088
20.04667067527771