generations_elite-fitness_number-of-evaluations_time
0_28149.866_64_0.016971111297607422
1_28149.034_128_0.054851531982421875
2_28149.034_192_0.10220003128051758
3_27928.621_256_0.16243219375610352
4_27772.561_320_0.23040413856506348
5_27584.968_384_0.3081083297729492
6_27153.507_448_0.38967323303222656
7_27012.241_512_0.6677021980285645
8_26735.905_576_0.7659397125244141
9_26569.636_640_0.8873341083526611
10_26532.691_704_1.0467524528503418
11_26380.336_768_1.2440149784088135
12_26122.934_832_1.5046117305755615
13_25924.735_896_1.835937738418579
14_25924.735_960_2.334757089614868
15_25627.423_1021_2.8912672996520996
16_25627.423_1081_3.6933844089508057
17_25599.836_1138_4.515395641326904
18_25599.836_1189_5.490119457244873
Function found (83nodes ):
	[+[ 0.49671415 -0.1382643   0.64768854  1.52302986], +[ 0.49671415 -0.1382643   0.64768854  1.52302986], +[ 0.49671415 -0.1382643   0.64768854  1.52302986], +[ 0.49671415 -0.1382643   0.64768854  1.52302986], /[ 0.24196227 -1.91328024 -1.72491783 -0.56228753], x0, x0, +[ 0.49671415 -0.1382643   0.64768854  1.52302986], 2.914, +[ 0.49671415 -0.1382643   0.64768854  1.52302986], 3.018, +[ 0.49671415 -0.1382643   0.64768854  1.52302986], +[ 0.49671415 -0.1382643   0.64768854  1.52302986], 2.914, /[ 0.24196227 -1.91328024 -1.72491783 -0.56228753], x0, x0, 2.914, +[ 0.49671415 -0.1382643   0.64768854  1.52302986], +[ 0.49671415 -0.1382643   0.64768854  1.52302986], /[ 0.24196227 -1.91328024 -1.72491783 -0.56228753], x0, x0, +[ 0.49671415 -0.1382643   0.64768854  1.52302986], 2.914, +[ 0.49671415 -0.1382643   0.64768854  1.52302986], 3.018, +[ 0.49671415 -0.1382643   0.64768854  1.52302986], +[ 0.49671415 -0.1382643   0.64768854  1.52302986], /[ 0.24196227 -1.91328024 -1.72491783 -0.56228753], x0, x0, +[ 0.49671415 -0.1382643   0.64768854  1.52302986], 2.914, +[ 0.49671415 -0.1382643   0.64768854  1.52302986], 2.914, 2.914, +[ 0.49671415 -0.1382643   0.64768854  1.52302986], 2.914, 2.914, +[ 0.49671415 -0.1382643   0.64768854  1.52302986], 2.914, 2.914, +[ 0.49671415 -0.1382643   0.64768854  1.52302986], +[ 0.49671415 -0.1382643   0.64768854  1.52302986], +[ 0.49671415 -0.1382643   0.64768854  1.52302986], +[ 0.49671415 -0.1382643   0.64768854  1.52302986], 2.914, +[ 0.49671415 -0.1382643   0.64768854  1.52302986], +[ 0.49671415 -0.1382643   0.64768854  1.52302986], +[ 0.49671415 -0.1382643   0.64768854  1.52302986], 2.914, 2.914, +[ 0.49671415 -0.1382643   0.64768854  1.52302986], 2.914, 2.914, +[ 0.49671415 -0.1382643   0.64768854  1.52302986], 2.914, +[ 0.49671415 -0.1382643   0.64768854  1.52302986], 2.914, 2.914, +[ 0.49671415 -0.1382643   0.64768854  1.52302986], 2.914, 2.914, +[ 0.49671415 -0.1382643   0.64768854  1.52302986], 2.914, +[ 0.49671415 -0.1382643   0.64768854  1.52302986], 2.914, 2.914, 2.914, +[ 0.49671415 -0.1382643   0.64768854  1.52302986], +[ 0.49671415 -0.1382643   0.64768854  1.52302986], +[ 0.49671415 -0.1382643   0.64768854  1.52302986], 2.914, 2.914, +[ 0.49671415 -0.1382643   0.64768854  1.52302986], 2.914, 2.914, +[ 0.49671415 -0.1382643   0.64768854  1.52302986], 2.914, +[ 0.49671415 -0.1382643   0.64768854  1.52302986], 2.914, 2.914]
Training
	MSE:25599.836
	Rsquared:-3.151
Test:
	MSE:25068.515
	Rsquared:-3.404
5.490250587463379