generations_elite-fitness_number-of-evaluations_time
0_27490.062_64_0.013033151626586914
1_27490.062_128_0.04490804672241211
2_27045.825_192_0.09244203567504883
3_27045.825_256_0.13735032081604004
4_26902.823_320_0.18498516082763672
5_26836.853_384_0.2396712303161621
6_26262.555_448_0.31027865409851074
7_26262.555_512_0.3998081684112549
8_26051.029_576_0.5187408924102783
9_25467.672_640_0.6748082637786865
10_25311.213_704_0.8849611282348633
11_25000.393_768_1.319995403289795
12_24881.424_832_1.7226014137268066
13_24856.866_894_2.2508859634399414
14_24505.67_953_2.995412588119507
15_24444.497_1014_3.7263097763061523
16_24417.557_1071_4.640947580337524
17_24417.557_1119_5.636760950088501
18_24357.097_1173_6.5181965827941895
19_24302.77_1217_7.578819513320923
20_24145.952_1267_8.663493633270264
21_24145.952_1311_9.885942935943604
22_24142.834_1351_10.967410802841187
23_23969.681_1394_12.199358701705933
24_23969.681_1439_13.431912899017334
25_23969.681_1486_14.680508375167847
26_23969.681_1525_15.943140983581543
Function found (91nodes ):
	[+[ 0.49671415 -0.1382643   0.64768854  1.52302986], +[ 0.49671415 -0.1382643   0.64768854  1.52302986], /[ 0.24196227 -1.91328024 -1.72491783 -0.56228753], -3.425, -[-0.23415337 -0.23413696  1.57921282  0.76743473], -3.425, x6, +[ 0.49671415 -0.1382643   0.64768854  1.52302986], +[ 0.49671415 -0.1382643   0.64768854  1.52302986], +[ 0.49671415 -0.1382643   0.64768854  1.52302986], +[ 0.49671415 -0.1382643   0.64768854  1.52302986], 3.49, 4.779, /[ 0.24196227 -1.91328024 -1.72491783 -0.56228753], x4, -[-0.23415337 -0.23413696  1.57921282  0.76743473], -3.425, x6, /[ 0.24196227 -1.91328024 -1.72491783 -0.56228753], x4, -[-0.23415337 -0.23413696  1.57921282  0.76743473], -3.425, x6, +[ 0.49671415 -0.1382643   0.64768854  1.52302986], +[ 0.49671415 -0.1382643   0.64768854  1.52302986], +[ 0.49671415 -0.1382643   0.64768854  1.52302986], 3.49, 4.779, 4.779, +[ 0.49671415 -0.1382643   0.64768854  1.52302986], +[ 0.49671415 -0.1382643   0.64768854  1.52302986], +[ 0.49671415 -0.1382643   0.64768854  1.52302986], 3.49, 4.779, 4.779, 4.779, +[ 0.49671415 -0.1382643   0.64768854  1.52302986], +[ 0.49671415 -0.1382643   0.64768854  1.52302986], +[ 0.49671415 -0.1382643   0.64768854  1.52302986], 3.49, 4.779, 4.779, +[ 0.49671415 -0.1382643   0.64768854  1.52302986], +[ 0.49671415 -0.1382643   0.64768854  1.52302986], 3.49, +[ 0.49671415 -0.1382643   0.64768854  1.52302986], +[ 0.49671415 -0.1382643   0.64768854  1.52302986], +[ 0.49671415 -0.1382643   0.64768854  1.52302986], 3.49, +[ 0.49671415 -0.1382643   0.64768854  1.52302986], 3.49, /[ 0.24196227 -1.91328024 -1.72491783 -0.56228753], -3.425, -[-0.23415337 -0.23413696  1.57921282  0.76743473], -3.425, x6, 4.779, +[ 0.49671415 -0.1382643   0.64768854  1.52302986], +[ 0.49671415 -0.1382643   0.64768854  1.52302986], +[ 0.49671415 -0.1382643   0.64768854  1.52302986], 3.49, 4.779, 4.779, 4.779, +[ 0.49671415 -0.1382643   0.64768854  1.52302986], +[ 0.49671415 -0.1382643   0.64768854  1.52302986], +[ 0.49671415 -0.1382643   0.64768854  1.52302986], 3.49, 4.779, 4.779, +[ 0.49671415 -0.1382643   0.64768854  1.52302986], 3.49, +[ 0.49671415 -0.1382643   0.64768854  1.52302986], +[ 0.49671415 -0.1382643   0.64768854  1.52302986], +[ 0.49671415 -0.1382643   0.64768854  1.52302986], 3.49, +[ 0.49671415 -0.1382643   0.64768854  1.52302986], 3.49, /[ 0.24196227 -1.91328024 -1.72491783 -0.56228753], -3.425, -[-0.23415337 -0.23413696  1.57921282  0.76743473], -3.425, x6, 4.779, +[ 0.49671415 -0.1382643   0.64768854  1.52302986], +[ 0.49671415 -0.1382643   0.64768854  1.52302986], +[ 0.49671415 -0.1382643   0.64768854  1.52302986], 3.49, 4.779, 4.779, 4.779]
Training
	MSE:23969.681
	Rsquared:-2.886
Test:
	MSE:23269.286
	Rsquared:-3.088
15.943268060684204