generations_elite-fitness_number-of-evaluations_time
0_27499.811_64_0.013459205627441406
1_27499.811_128_0.05089306831359863
2_27499.811_192_0.08632326126098633
3_27499.811_256_0.12713098526000977
4_27499.811_320_0.1720876693725586
5_27353.551_384_0.22064495086669922
6_27353.551_448_0.26236939430236816
7_27353.551_512_0.2948172092437744
8_27353.551_576_0.3221781253814697
9_27353.551_640_0.3428187370300293
10_27353.551_704_0.3614823818206787
11_27353.551_768_0.3827838897705078
12_27353.551_832_0.4051799774169922
13_27353.551_896_0.43215250968933105
14_27353.551_960_0.4643528461456299
15_27220.783_1024_0.5082666873931885
16_27092.88_1088_0.5600743293762207
17_26850.513_1152_0.6208703517913818
18_26806.057_1216_0.6888082027435303
19_26502.145_1280_0.768484354019165
20_26502.145_1344_0.8436572551727295
21_26475.322_1408_0.957303524017334
22_26186.673_1472_1.0993261337280273
23_26186.673_1536_1.255061388015747
24_25739.02_1600_1.4468231201171875
25_25372.956_1664_1.8280346393585205
26_25372.956_1728_2.091555118560791
27_25349.599_1791_2.3919155597686768
28_25249.262_1855_2.747843027114868
29_25174.217_1919_3.2657246589660645
30_25174.217_1980_3.7624258995056152
31_25027.235_2038_4.33978796005249
32_25027.235_2094_5.151543378829956
Function found (93nodes ):
	[+[ 0.49671415 -0.1382643   0.64768854  1.52302986], +[ 0.49671415 -0.1382643   0.64768854  1.52302986], 4.28, +[ 0.49671415 -0.1382643   0.64768854  1.52302986], +[ 0.49671415 -0.1382643   0.64768854  1.52302986], +[ 0.49671415 -0.1382643   0.64768854  1.52302986], +[ 0.49671415 -0.1382643   0.64768854  1.52302986], +[ 0.49671415 -0.1382643   0.64768854  1.52302986], +[ 0.49671415 -0.1382643   0.64768854  1.52302986], 4.28, 4.28, 4.28, /[ 0.24196227 -1.91328024 -1.72491783 -0.56228753], +[ 0.49671415 -0.1382643   0.64768854  1.52302986], 4.28, 4.28, x2, 4.28, +[ 0.49671415 -0.1382643   0.64768854  1.52302986], +[ 0.49671415 -0.1382643   0.64768854  1.52302986], +[ 0.49671415 -0.1382643   0.64768854  1.52302986], 4.28, +[ 0.49671415 -0.1382643   0.64768854  1.52302986], +[ 0.49671415 -0.1382643   0.64768854  1.52302986], +[ 0.49671415 -0.1382643   0.64768854  1.52302986], 4.28, 4.28, +[ 0.49671415 -0.1382643   0.64768854  1.52302986], 4.28, 4.28, +[ 0.49671415 -0.1382643   0.64768854  1.52302986], +[ 0.49671415 -0.1382643   0.64768854  1.52302986], 4.28, +[ 0.49671415 -0.1382643   0.64768854  1.52302986], 4.28, 4.28, 4.28, 4.28, +[ 0.49671415 -0.1382643   0.64768854  1.52302986], 4.28, 4.28, +[ 0.49671415 -0.1382643   0.64768854  1.52302986], 4.28, +[ 0.49671415 -0.1382643   0.64768854  1.52302986], +[ 0.49671415 -0.1382643   0.64768854  1.52302986], 4.28, 4.28, +[ 0.49671415 -0.1382643   0.64768854  1.52302986], 4.28, 4.28, +[ 0.49671415 -0.1382643   0.64768854  1.52302986], 4.28, +[ 0.49671415 -0.1382643   0.64768854  1.52302986], +[ 0.49671415 -0.1382643   0.64768854  1.52302986], +[ 0.49671415 -0.1382643   0.64768854  1.52302986], +[ 0.49671415 -0.1382643   0.64768854  1.52302986], +[ 0.49671415 -0.1382643   0.64768854  1.52302986], 4.28, 4.28, /[ 0.24196227 -1.91328024 -1.72491783 -0.56228753], +[ 0.49671415 -0.1382643   0.64768854  1.52302986], 4.28, 4.28, x2, 4.28, +[ 0.49671415 -0.1382643   0.64768854  1.52302986], +[ 0.49671415 -0.1382643   0.64768854  1.52302986], +[ 0.49671415 -0.1382643   0.64768854  1.52302986], 4.28, +[ 0.49671415 -0.1382643   0.64768854  1.52302986], +[ 0.49671415 -0.1382643   0.64768854  1.52302986], +[ 0.49671415 -0.1382643   0.64768854  1.52302986], 4.28, 4.28, +[ 0.49671415 -0.1382643   0.64768854  1.52302986], 4.28, 4.28, +[ 0.49671415 -0.1382643   0.64768854  1.52302986], 4.28, 4.28, 4.28, +[ 0.49671415 -0.1382643   0.64768854  1.52302986], 4.28, 4.28, +[ 0.49671415 -0.1382643   0.64768854  1.52302986], 4.28, +[ 0.49671415 -0.1382643   0.64768854  1.52302986], +[ 0.49671415 -0.1382643   0.64768854  1.52302986], 4.28, 4.28, +[ 0.49671415 -0.1382643   0.64768854  1.52302986], 4.28, 4.28]
Training
	MSE:25027.235
	Rsquared:-3.058
Test:
	MSE:24495.373
	Rsquared:-3.303
5.151663064956665