generations_elite-fitness_number-of-evaluations_time
0_28131.351_64_0.015469789505004883
1_28131.351_128_0.04716753959655762
2_28131.351_192_0.08183169364929199
3_26676.98_256_0.12302112579345703
4_26676.98_320_0.15799665451049805
5_26676.98_384_0.18252325057983398
6_26676.98_448_0.19916677474975586
7_26676.98_512_0.21197032928466797
8_26676.98_576_0.2260575294494629
9_26676.98_640_0.24596667289733887
10_26676.98_704_0.2685830593109131
11_26676.98_768_0.30089712142944336
12_26676.98_832_0.3420884609222412
13_26676.98_896_0.39148712158203125
14_26676.98_960_0.45189762115478516
15_26658.861_1024_0.5163271427154541
16_26649.058_1088_0.5990557670593262
17_26434.975_1152_0.6863336563110352
18_26434.975_1216_0.7872805595397949
19_26096.417_1280_0.9068763256072998
20_26096.417_1344_1.036435604095459
21_26096.417_1408_1.2958993911743164
22_26069.465_1472_1.4555001258850098
23_26059.379_1536_1.6512856483459473
24_25810.418_1600_1.8704986572265625
25_25598.093_1664_2.1491482257843018
26_25598.093_1728_2.4514565467834473
27_25598.093_1792_2.8942041397094727
28_25592.317_1856_3.3039371967315674
29_25592.317_1919_3.779207468032837
30_24990.337_1981_4.377748966217041
31_24990.337_2042_4.868202209472656
32_24990.337_2104_5.354046106338501
33_24953.304_2168_5.983824253082275
34_24953.304_2227_6.592126846313477
35_24953.304_2286_7.402579069137573
36_24953.304_2343_8.0899076461792
37_24934.582_2400_9.030493021011353
38_24913.393_2457_9.948824882507324
39_24813.609_2519_10.68250560760498
Function found (95nodes ):
	[+[ 0.49671415 -0.1382643   0.64768854  1.52302986], +[ 0.49671415 -0.1382643   0.64768854  1.52302986], 3.7, +[ 0.49671415 -0.1382643   0.64768854  1.52302986], +[ 0.49671415 -0.1382643   0.64768854  1.52302986], 3.7, 3.7, +[ 0.49671415 -0.1382643   0.64768854  1.52302986], +[ 0.49671415 -0.1382643   0.64768854  1.52302986], 3.7, +[ 0.49671415 -0.1382643   0.64768854  1.52302986], 3.7, 2.238, 4.034, +[ 0.49671415 -0.1382643   0.64768854  1.52302986], +[ 0.49671415 -0.1382643   0.64768854  1.52302986], +[ 0.49671415 -0.1382643   0.64768854  1.52302986], 3.7, +[ 0.49671415 -0.1382643   0.64768854  1.52302986], 3.7, +[ 0.49671415 -0.1382643   0.64768854  1.52302986], +[ 0.49671415 -0.1382643   0.64768854  1.52302986], 3.7, 4.034, +[ 0.49671415 -0.1382643   0.64768854  1.52302986], +[ 0.49671415 -0.1382643   0.64768854  1.52302986], 3.7, +[ 0.49671415 -0.1382643   0.64768854  1.52302986], 3.7, 2.238, 4.034, +[ 0.49671415 -0.1382643   0.64768854  1.52302986], +[ 0.49671415 -0.1382643   0.64768854  1.52302986], 3.7, +[ 0.49671415 -0.1382643   0.64768854  1.52302986], +[ 0.49671415 -0.1382643   0.64768854  1.52302986], 3.7, +[ 0.49671415 -0.1382643   0.64768854  1.52302986], 3.7, +[ 0.49671415 -0.1382643   0.64768854  1.52302986], 3.7, 2.238, +[ 0.49671415 -0.1382643   0.64768854  1.52302986], +[ 0.49671415 -0.1382643   0.64768854  1.52302986], 3.7, +[ 0.49671415 -0.1382643   0.64768854  1.52302986], 3.7, 2.238, 4.034, 4.034, +[ 0.49671415 -0.1382643   0.64768854  1.52302986], +[ 0.49671415 -0.1382643   0.64768854  1.52302986], 3.7, +[ 0.49671415 -0.1382643   0.64768854  1.52302986], 3.7, 2.238, +[ 0.49671415 -0.1382643   0.64768854  1.52302986], +[ 0.49671415 -0.1382643   0.64768854  1.52302986], 3.7, +[ 0.49671415 -0.1382643   0.64768854  1.52302986], 3.7, +[ 0.49671415 -0.1382643   0.64768854  1.52302986], +[ 0.49671415 -0.1382643   0.64768854  1.52302986], 3.7, 4.034, +[ 0.49671415 -0.1382643   0.64768854  1.52302986], +[ 0.49671415 -0.1382643   0.64768854  1.52302986], 3.7, +[ 0.49671415 -0.1382643   0.64768854  1.52302986], 3.7, 2.238, 4.034, +[ 0.49671415 -0.1382643   0.64768854  1.52302986], +[ 0.49671415 -0.1382643   0.64768854  1.52302986], 3.7, +[ 0.49671415 -0.1382643   0.64768854  1.52302986], 2.238, +[ 0.49671415 -0.1382643   0.64768854  1.52302986], +[ 0.49671415 -0.1382643   0.64768854  1.52302986], 3.7, 4.034, +[ 0.49671415 -0.1382643   0.64768854  1.52302986], +[ 0.49671415 -0.1382643   0.64768854  1.52302986], 3.7, +[ 0.49671415 -0.1382643   0.64768854  1.52302986], 3.7, 2.238, 4.034, +[ 0.49671415 -0.1382643   0.64768854  1.52302986], +[ 0.49671415 -0.1382643   0.64768854  1.52302986], 3.7, +[ 0.49671415 -0.1382643   0.64768854  1.52302986], 3.7, 2.238, 4.034]
Training
	MSE:24813.609
	Rsquared:-3.023
Test:
	MSE:24282.336
	Rsquared:-3.266
10.682630777359009