generations_elite-fitness_number-of-evaluations_time
0_27654.828_64_0.014076948165893555
1_27654.828_128_0.04015946388244629
2_27654.828_192_0.07068467140197754
3_27654.828_256_0.09682631492614746
4_27383.706_320_0.11924886703491211
5_27002.843_384_0.15247702598571777
6_27002.843_448_0.1895465850830078
7_26709.033_512_0.22652578353881836
8_26709.033_576_0.26870179176330566
9_26709.033_640_0.3085188865661621
10_26419.384_704_0.3512289524078369
11_26419.384_768_0.3919789791107178
12_26309.248_832_0.4460945129394531
13_26309.248_896_0.5043776035308838
14_26158.217_960_0.5811195373535156
15_25959.089_1024_0.7558732032775879
16_25738.543_1088_0.8496782779693604
17_25738.543_1152_0.949397087097168
18_25623.81_1216_1.0723860263824463
19_25232.392_1280_1.2204773426055908
20_25018.951_1344_1.4030630588531494
21_25018.951_1408_1.606917142868042
22_25018.951_1472_1.855837345123291
23_25001.474_1536_2.243844747543335
24_24808.896_1600_2.5504584312438965
25_24808.896_1664_2.840400457382202
26_24808.896_1728_3.142186403274536
27_24597.263_1792_3.6229281425476074
28_24193.462_1855_4.056596040725708
29_24181.923_1918_4.491441011428833
30_24181.923_1978_5.095201253890991
Function found (95nodes ):
	[+[ 0.49671415 -0.1382643   0.64768854  1.52302986], +[ 0.49671415 -0.1382643   0.64768854  1.52302986], +[ 0.49671415 -0.1382643   0.64768854  1.52302986], 4.522, +[ 0.49671415 -0.1382643   0.64768854  1.52302986], +[ 0.49671415 -0.1382643   0.64768854  1.52302986], +[ 0.49671415 -0.1382643   0.64768854  1.52302986], 4.522, -[-0.23415337 -0.23413696  1.57921282  0.76743473], -4.8, -4.8, +[ 0.49671415 -0.1382643   0.64768854  1.52302986], +[ 0.49671415 -0.1382643   0.64768854  1.52302986], +[ 0.49671415 -0.1382643   0.64768854  1.52302986], 4.522, -[-0.23415337 -0.23413696  1.57921282  0.76743473], -4.8, -4.8, -[-0.23415337 -0.23413696  1.57921282  0.76743473], -4.8, -4.8, +[ 0.49671415 -0.1382643   0.64768854  1.52302986], 4.522, +[ 0.49671415 -0.1382643   0.64768854  1.52302986], 4.522, -[-0.23415337 -0.23413696  1.57921282  0.76743473], x1, -4.8, +[ 0.49671415 -0.1382643   0.64768854  1.52302986], 4.522, +[ 0.49671415 -0.1382643   0.64768854  1.52302986], +[ 0.49671415 -0.1382643   0.64768854  1.52302986], +[ 0.49671415 -0.1382643   0.64768854  1.52302986], +[ 0.49671415 -0.1382643   0.64768854  1.52302986], 4.522, -[-0.23415337 -0.23413696  1.57921282  0.76743473], -4.8, -4.8, -[-0.23415337 -0.23413696  1.57921282  0.76743473], -4.8, -4.8, +[ 0.49671415 -0.1382643   0.64768854  1.52302986], 4.522, +[ 0.49671415 -0.1382643   0.64768854  1.52302986], 4.522, -[-0.23415337 -0.23413696  1.57921282  0.76743473], x1, -4.8, -[-0.23415337 -0.23413696  1.57921282  0.76743473], x1, -4.8, +[ 0.49671415 -0.1382643   0.64768854  1.52302986], +[ 0.49671415 -0.1382643   0.64768854  1.52302986], +[ 0.49671415 -0.1382643   0.64768854  1.52302986], 4.522, -[-0.23415337 -0.23413696  1.57921282  0.76743473], -4.8, -4.8, -[-0.23415337 -0.23413696  1.57921282  0.76743473], -4.8, -4.8, +[ 0.49671415 -0.1382643   0.64768854  1.52302986], 4.522, +[ 0.49671415 -0.1382643   0.64768854  1.52302986], 4.522, -[-0.23415337 -0.23413696  1.57921282  0.76743473], x1, -4.8, +[ 0.49671415 -0.1382643   0.64768854  1.52302986], +[ 0.49671415 -0.1382643   0.64768854  1.52302986], 4.522, -[-0.23415337 -0.23413696  1.57921282  0.76743473], -4.8, -4.8, +[ 0.49671415 -0.1382643   0.64768854  1.52302986], +[ 0.49671415 -0.1382643   0.64768854  1.52302986], +[ 0.49671415 -0.1382643   0.64768854  1.52302986], +[ 0.49671415 -0.1382643   0.64768854  1.52302986], 4.522, -[-0.23415337 -0.23413696  1.57921282  0.76743473], -4.8, -4.8, -[-0.23415337 -0.23413696  1.57921282  0.76743473], -4.8, -4.8, +[ 0.49671415 -0.1382643   0.64768854  1.52302986], 4.522, +[ 0.49671415 -0.1382643   0.64768854  1.52302986], 4.522, -[-0.23415337 -0.23413696  1.57921282  0.76743473], x1, -4.8, -[-0.23415337 -0.23413696  1.57921282  0.76743473], x1, -4.8]
Training
	MSE:24181.923
	Rsquared:-2.921
Test:
	MSE:23651.558
	Rsquared:-3.155
5.09530782699585