generations_elite-fitness_number-of-evaluations_time
0_27970.109_64_0.015833377838134766
1_27970.109_128_0.0612640380859375
2_27970.109_192_0.10657763481140137
3_27835.808_256_0.1562654972076416
4_27645.952_320_0.19385552406311035
5_27238.649_384_0.23863649368286133
6_26693.699_448_0.282728910446167
7_26505.525_512_0.35225582122802734
8_26318.218_576_0.4487113952636719
9_26110.731_640_0.5694549083709717
10_25955.159_704_0.7229917049407959
11_25905.258_768_0.9321589469909668
12_25393.526_832_1.2043828964233398
13_25292.587_896_1.548330545425415
14_25292.587_959_2.0061094760894775
15_24730.477_1017_2.6166024208068848
16_24554.157_1076_3.3121798038482666
17_24398.475_1133_4.106974363327026
18_24366.849_1181_5.046215534210205
Function found (99nodes ):
	[+[ 0.49671415 -0.1382643   0.64768854  1.52302986], +[ 0.49671415 -0.1382643   0.64768854  1.52302986], 4.579, +[ 0.49671415 -0.1382643   0.64768854  1.52302986], +[ 0.49671415 -0.1382643   0.64768854  1.52302986], +[ 0.49671415 -0.1382643   0.64768854  1.52302986], +[ 0.49671415 -0.1382643   0.64768854  1.52302986], 4.579, +[ 0.49671415 -0.1382643   0.64768854  1.52302986], /[ 0.24196227 -1.91328024 -1.72491783 -0.56228753], x9, x0, 4.579, +[ 0.49671415 -0.1382643   0.64768854  1.52302986], 4.579, 4.579, +[ 0.49671415 -0.1382643   0.64768854  1.52302986], +[ 0.49671415 -0.1382643   0.64768854  1.52302986], +[ 0.49671415 -0.1382643   0.64768854  1.52302986], 4.579, +[ 0.49671415 -0.1382643   0.64768854  1.52302986], 4.579, 4.579, +[ 0.49671415 -0.1382643   0.64768854  1.52302986], +[ 0.49671415 -0.1382643   0.64768854  1.52302986], 4.579, 4.579, 4.579, 4.579, +[ 0.49671415 -0.1382643   0.64768854  1.52302986], 4.579, +[ 0.49671415 -0.1382643   0.64768854  1.52302986], +[ 0.49671415 -0.1382643   0.64768854  1.52302986], 4.579, 4.579, +[ 0.49671415 -0.1382643   0.64768854  1.52302986], 4.579, 4.579, +[ 0.49671415 -0.1382643   0.64768854  1.52302986], +[ 0.49671415 -0.1382643   0.64768854  1.52302986], 4.579, +[ 0.49671415 -0.1382643   0.64768854  1.52302986], +[ 0.49671415 -0.1382643   0.64768854  1.52302986], 4.579, +[ 0.49671415 -0.1382643   0.64768854  1.52302986], /[ 0.24196227 -1.91328024 -1.72491783 -0.56228753], x9, x0, 4.579, +[ 0.49671415 -0.1382643   0.64768854  1.52302986], x6, 4.579, +[ 0.49671415 -0.1382643   0.64768854  1.52302986], +[ 0.49671415 -0.1382643   0.64768854  1.52302986], +[ 0.49671415 -0.1382643   0.64768854  1.52302986], +[ 0.49671415 -0.1382643   0.64768854  1.52302986], +[ 0.49671415 -0.1382643   0.64768854  1.52302986], x6, 4.579, +[ 0.49671415 -0.1382643   0.64768854  1.52302986], 4.579, 4.579, +[ 0.49671415 -0.1382643   0.64768854  1.52302986], 4.579, 4.579, 4.579, +[ 0.49671415 -0.1382643   0.64768854  1.52302986], +[ 0.49671415 -0.1382643   0.64768854  1.52302986], 4.579, +[ 0.49671415 -0.1382643   0.64768854  1.52302986], +[ 0.49671415 -0.1382643   0.64768854  1.52302986], +[ 0.49671415 -0.1382643   0.64768854  1.52302986], 4.579, +[ 0.49671415 -0.1382643   0.64768854  1.52302986], 4.579, 4.579, +[ 0.49671415 -0.1382643   0.64768854  1.52302986], +[ 0.49671415 -0.1382643   0.64768854  1.52302986], 4.579, 4.579, 4.579, +[ 0.49671415 -0.1382643   0.64768854  1.52302986], 4.579, +[ 0.49671415 -0.1382643   0.64768854  1.52302986], 4.579, 4.579, +[ 0.49671415 -0.1382643   0.64768854  1.52302986], +[ 0.49671415 -0.1382643   0.64768854  1.52302986], +[ 0.49671415 -0.1382643   0.64768854  1.52302986], 4.579, +[ 0.49671415 -0.1382643   0.64768854  1.52302986], 4.579, 4.579, +[ 0.49671415 -0.1382643   0.64768854  1.52302986], +[ 0.49671415 -0.1382643   0.64768854  1.52302986], 4.579, 4.579, 4.579, 4.579]
Training
	MSE:24366.849
	Rsquared:-2.951
Test:
	MSE:23836.709
	Rsquared:-3.188
5.046342134475708