generations_elite-fitness_number-of-evaluations_time
0_28121.137_64_0.01319432258605957
1_28120.363_128_0.04652142524719238
2_27654.057_192_0.09080004692077637
3_27518.99_256_0.12903976440429688
4_27232.311_320_0.17376923561096191
5_26912.505_384_0.2326676845550537
6_26267.408_448_0.315582275390625
7_26149.146_512_0.42989158630371094
8_25899.132_576_0.7282712459564209
9_25463.235_640_0.944486141204834
10_25410.526_704_1.2121667861938477
11_24934.671_768_1.6243510246276855
12_24934.671_828_2.2612500190734863
13_24873.641_884_2.979006052017212
14_24728.494_939_3.9030344486236572
15_24715.673_989_4.941223621368408
16_24676.661_1040_5.856133937835693
17_24579.014_1093_6.895452976226807
18_24578.971_1138_7.98808217048645
19_24574.149_1188_9.10096001625061
20_24486.422_1240_10.048018455505371
21_24483.706_1290_11.120982885360718
22_24464.394_1337_12.23624038696289
23_24410.919_1384_13.350268363952637
24_24410.919_1432_14.534695148468018
25_24371.752_1476_15.658422946929932
Function found (97nodes ):
	[+[ 0.49671415 -0.1382643   0.64768854  1.52302986], +[ 0.49671415 -0.1382643   0.64768854  1.52302986], +[ 0.49671415 -0.1382643   0.64768854  1.52302986], +[ 0.49671415 -0.1382643   0.64768854  1.52302986], 4.133, +[ 0.49671415 -0.1382643   0.64768854  1.52302986], 4.133, 4.133, +[ 0.49671415 -0.1382643   0.64768854  1.52302986], +[ 0.49671415 -0.1382643   0.64768854  1.52302986], 4.05, 4.133, +[ 0.49671415 -0.1382643   0.64768854  1.52302986], +[ 0.49671415 -0.1382643   0.64768854  1.52302986], 4.05, 4.133, +[ 0.49671415 -0.1382643   0.64768854  1.52302986], 4.133, +[ 0.49671415 -0.1382643   0.64768854  1.52302986], 4.133, 4.133, +[ 0.49671415 -0.1382643   0.64768854  1.52302986], 4.133, +[ 0.49671415 -0.1382643   0.64768854  1.52302986], +[ 0.49671415 -0.1382643   0.64768854  1.52302986], +[ 0.49671415 -0.1382643   0.64768854  1.52302986], +[ 0.49671415 -0.1382643   0.64768854  1.52302986], +[ 0.49671415 -0.1382643   0.64768854  1.52302986], 4.05, 4.133, 4.133, +[ 0.49671415 -0.1382643   0.64768854  1.52302986], +[ 0.49671415 -0.1382643   0.64768854  1.52302986], 4.133, 4.133, 4.133, 4.133, +[ 0.49671415 -0.1382643   0.64768854  1.52302986], +[ 0.49671415 -0.1382643   0.64768854  1.52302986], +[ 0.49671415 -0.1382643   0.64768854  1.52302986], 4.133, +[ 0.49671415 -0.1382643   0.64768854  1.52302986], 4.133, 4.133, 4.133, +[ 0.49671415 -0.1382643   0.64768854  1.52302986], +[ 0.49671415 -0.1382643   0.64768854  1.52302986], 4.05, +[ 0.49671415 -0.1382643   0.64768854  1.52302986], +[ 0.49671415 -0.1382643   0.64768854  1.52302986], 4.133, 4.133, +[ 0.49671415 -0.1382643   0.64768854  1.52302986], 4.133, +[ 0.49671415 -0.1382643   0.64768854  1.52302986], 4.133, +[ 0.49671415 -0.1382643   0.64768854  1.52302986], +[ 0.49671415 -0.1382643   0.64768854  1.52302986], 4.133, 4.133, 4.133, 4.133, +[ 0.49671415 -0.1382643   0.64768854  1.52302986], +[ 0.49671415 -0.1382643   0.64768854  1.52302986], +[ 0.49671415 -0.1382643   0.64768854  1.52302986], 4.133, 4.133, 4.133, +[ 0.49671415 -0.1382643   0.64768854  1.52302986], +[ 0.49671415 -0.1382643   0.64768854  1.52302986], +[ 0.49671415 -0.1382643   0.64768854  1.52302986], +[ 0.49671415 -0.1382643   0.64768854  1.52302986], +[ 0.49671415 -0.1382643   0.64768854  1.52302986], 4.05, 4.133, 4.133, +[ 0.49671415 -0.1382643   0.64768854  1.52302986], +[ 0.49671415 -0.1382643   0.64768854  1.52302986], 4.133, 4.133, 4.133, +[ 0.49671415 -0.1382643   0.64768854  1.52302986], +[ 0.49671415 -0.1382643   0.64768854  1.52302986], 4.05, 4.133, +[ 0.49671415 -0.1382643   0.64768854  1.52302986], 4.133, +[ 0.49671415 -0.1382643   0.64768854  1.52302986], 4.133, 4.133, +[ 0.49671415 -0.1382643   0.64768854  1.52302986], +[ 0.49671415 -0.1382643   0.64768854  1.52302986], 4.133, 4.133, +[ 0.49671415 -0.1382643   0.64768854  1.52302986], 4.05, 4.133]
Training
	MSE:24371.752
	Rsquared:-2.951
Test:
	MSE:23841.142
	Rsquared:-3.189
15.65854001045227