generations_elite-fitness_number-of-evaluations_time
0_28199.346_64_0.014734983444213867
1_28199.346_128_0.05364084243774414
2_28018.567_192_0.08927607536315918
3_28018.567_256_0.12880706787109375
4_27998.368_320_0.17157745361328125
5_27413.192_384_0.21404099464416504
6_27413.192_448_0.24487996101379395
7_27413.192_512_0.2751283645629883
8_27413.192_576_0.3078904151916504
9_27044.558_640_0.3476908206939697
10_27044.558_704_0.3969693183898926
11_27044.558_768_0.44777631759643555
12_27037.164_832_0.5068690776824951
13_27037.164_896_0.5790894031524658
14_26755.288_960_0.6533524990081787
15_26569.009_1024_0.7459383010864258
16_26379.127_1088_0.852827787399292
17_26331.196_1152_0.976433277130127
18_26056.265_1216_1.1245274543762207
19_25684.676_1280_1.286330223083496
20_25683.076_1344_1.4688351154327393
21_25681.176_1408_1.8145592212677002
22_25681.176_1472_2.0606796741485596
23_25482.055_1536_2.359875202178955
24_25298.346_1600_2.6880991458892822
25_25160.803_1663_3.0598018169403076
26_25114.668_1725_3.5865981578826904
27_25069.667_1787_4.048561334609985
28_25069.667_1849_4.569254398345947
29_25055.899_1910_5.251869440078735
30_24595.264_1973_5.880881071090698
31_24595.264_2030_6.729234457015991
32_24595.264_2084_7.5514976978302
33_24595.264_2136_8.560306072235107
34_24487.907_2186_9.583892822265625
35_24487.907_2241_10.663378477096558
36_24451.226_2297_11.61105227470398
37_24451.226_2349_12.716034173965454
38_24451.226_2395_13.86439561843872
39_24451.226_2443_15.086754322052002
Function found (97nodes ):
	[+[ 0.49671415 -0.1382643   0.64768854  1.52302986], +[ 0.49671415 -0.1382643   0.64768854  1.52302986], 4.415, +[ 0.49671415 -0.1382643   0.64768854  1.52302986], +[ 0.49671415 -0.1382643   0.64768854  1.52302986], 4.415, +[ 0.49671415 -0.1382643   0.64768854  1.52302986], 4.415, +[ 0.49671415 -0.1382643   0.64768854  1.52302986], +[ 0.49671415 -0.1382643   0.64768854  1.52302986], 4.415, 4.415, 4.415, +[ 0.49671415 -0.1382643   0.64768854  1.52302986], +[ 0.49671415 -0.1382643   0.64768854  1.52302986], 4.415, +[ 0.49671415 -0.1382643   0.64768854  1.52302986], +[ 0.49671415 -0.1382643   0.64768854  1.52302986], 4.415, +[ 0.49671415 -0.1382643   0.64768854  1.52302986], 4.415, +[ 0.49671415 -0.1382643   0.64768854  1.52302986], +[ 0.49671415 -0.1382643   0.64768854  1.52302986], 4.415, 4.415, 4.415, 4.415, +[ 0.49671415 -0.1382643   0.64768854  1.52302986], +[ 0.49671415 -0.1382643   0.64768854  1.52302986], +[ 0.49671415 -0.1382643   0.64768854  1.52302986], 4.415, 4.415, 4.415, +[ 0.49671415 -0.1382643   0.64768854  1.52302986], +[ 0.49671415 -0.1382643   0.64768854  1.52302986], +[ 0.49671415 -0.1382643   0.64768854  1.52302986], -[-0.23415337 -0.23413696  1.57921282  0.76743473], x8, -1.095, +[ 0.49671415 -0.1382643   0.64768854  1.52302986], +[ 0.49671415 -0.1382643   0.64768854  1.52302986], 4.415, 4.415, 4.415, 4.415, +[ 0.49671415 -0.1382643   0.64768854  1.52302986], +[ 0.49671415 -0.1382643   0.64768854  1.52302986], -[-0.23415337 -0.23413696  1.57921282  0.76743473], x8, -1.095, +[ 0.49671415 -0.1382643   0.64768854  1.52302986], 4.415, +[ 0.49671415 -0.1382643   0.64768854  1.52302986], 4.415, 4.415, +[ 0.49671415 -0.1382643   0.64768854  1.52302986], 4.415, 4.415, +[ 0.49671415 -0.1382643   0.64768854  1.52302986], +[ 0.49671415 -0.1382643   0.64768854  1.52302986], 4.415, +[ 0.49671415 -0.1382643   0.64768854  1.52302986], +[ 0.49671415 -0.1382643   0.64768854  1.52302986], 4.415, +[ 0.49671415 -0.1382643   0.64768854  1.52302986], 4.415, 4.415, 4.415, +[ 0.49671415 -0.1382643   0.64768854  1.52302986], +[ 0.49671415 -0.1382643   0.64768854  1.52302986], +[ 0.49671415 -0.1382643   0.64768854  1.52302986], 4.415, +[ 0.49671415 -0.1382643   0.64768854  1.52302986], 4.415, 4.415, +[ 0.49671415 -0.1382643   0.64768854  1.52302986], 4.415, +[ 0.49671415 -0.1382643   0.64768854  1.52302986], +[ 0.49671415 -0.1382643   0.64768854  1.52302986], +[ 0.49671415 -0.1382643   0.64768854  1.52302986], 4.415, 4.415, 4.415, +[ 0.49671415 -0.1382643   0.64768854  1.52302986], 4.415, +[ 0.49671415 -0.1382643   0.64768854  1.52302986], +[ 0.49671415 -0.1382643   0.64768854  1.52302986], 4.415, 4.415, 4.415, +[ 0.49671415 -0.1382643   0.64768854  1.52302986], 4.415, +[ 0.49671415 -0.1382643   0.64768854  1.52302986], +[ 0.49671415 -0.1382643   0.64768854  1.52302986], 4.415, 4.415, 4.415]
Training
	MSE:24451.226
	Rsquared:-2.964
Test:
	MSE:23920.497
	Rsquared:-3.202
15.08688998222351