generations_elite-fitness_number-of-evaluations_time
0_27843.436_128_0.048087120056152344
1_27843.436_256_0.15792107582092285
2_27843.436_384_0.284102201461792
3_25670.458_512_0.43977856636047363
4_25670.458_640_0.5948240756988525
5_25670.458_768_0.7378106117248535
6_25670.458_896_0.8676371574401855
7_25670.458_1024_0.9779031276702881
8_25670.458_1152_1.3036189079284668
9_25670.458_1280_1.4289801120758057
10_25670.458_1408_1.5622074604034424
11_25670.458_1536_1.7178280353546143
12_25670.458_1664_1.9008457660675049
13_25670.458_1792_2.1005523204803467
14_25670.458_1920_2.3337016105651855
15_25670.458_2048_2.59460186958313
16_25670.458_2176_2.9944980144500732
17_25670.458_2304_3.340104341506958
18_25670.458_2432_3.763183355331421
19_25670.458_2560_4.310480117797852
20_25670.458_2688_4.818407773971558
21_25670.458_2816_5.438762187957764
22_25628.521_2943_6.241694688796997
23_25625.888_3069_7.1868813037872314
24_25307.658_3193_8.150886535644531
25_25307.658_3313_9.27322006225586
26_25307.658_3437_10.463710308074951
27_25307.658_3556_11.789306640625
28_25208.922_3673_13.14735460281372
29_25100.955_3784_14.61307692527771
30_25043.462_3899_16.180211782455444
31_25043.462_4017_17.73291015625
32_25043.462_4128_19.3837251663208
33_24823.135_4240_21.042791604995728
Function found (91nodes ):
	[+[ 0.49671415 -0.1382643   0.64768854  1.52302986], +[ 0.49671415 -0.1382643   0.64768854  1.52302986], +[ 0.49671415 -0.1382643   0.64768854  1.52302986], +[ 0.49671415 -0.1382643   0.64768854  1.52302986], +[ 0.49671415 -0.1382643   0.64768854  1.52302986], 4.252, 3.108, +[ 0.49671415 -0.1382643   0.64768854  1.52302986], 4.252, 3.108, +[ 0.49671415 -0.1382643   0.64768854  1.52302986], +[ 0.49671415 -0.1382643   0.64768854  1.52302986], +[ 0.49671415 -0.1382643   0.64768854  1.52302986], 4.252, 3.108, +[ 0.49671415 -0.1382643   0.64768854  1.52302986], 4.252, 3.108, 3.108, +[ 0.49671415 -0.1382643   0.64768854  1.52302986], +[ 0.49671415 -0.1382643   0.64768854  1.52302986], 1.776, 1.776, +[ 0.49671415 -0.1382643   0.64768854  1.52302986], +[ 0.49671415 -0.1382643   0.64768854  1.52302986], +[ 0.49671415 -0.1382643   0.64768854  1.52302986], +[ 0.49671415 -0.1382643   0.64768854  1.52302986], 4.252, -[-0.23415337 -0.23413696  1.57921282  0.76743473], 4.252, x7, +[ 0.49671415 -0.1382643   0.64768854  1.52302986], 4.252, 3.108, 3.108, +[ 0.49671415 -0.1382643   0.64768854  1.52302986], +[ 0.49671415 -0.1382643   0.64768854  1.52302986], +[ 0.49671415 -0.1382643   0.64768854  1.52302986], 4.252, 1.776, 4.252, 4.252, +[ 0.49671415 -0.1382643   0.64768854  1.52302986], +[ 0.49671415 -0.1382643   0.64768854  1.52302986], +[ 0.49671415 -0.1382643   0.64768854  1.52302986], 4.252, +[ 0.49671415 -0.1382643   0.64768854  1.52302986], 4.252, 2.232, +[ 0.49671415 -0.1382643   0.64768854  1.52302986], 4.252, +[ 0.49671415 -0.1382643   0.64768854  1.52302986], 4.252, 3.108, +[ 0.49671415 -0.1382643   0.64768854  1.52302986], +[ 0.49671415 -0.1382643   0.64768854  1.52302986], +[ 0.49671415 -0.1382643   0.64768854  1.52302986], x0, +[ 0.49671415 -0.1382643   0.64768854  1.52302986], 4.252, 2.232, +[ 0.49671415 -0.1382643   0.64768854  1.52302986], +[ 0.49671415 -0.1382643   0.64768854  1.52302986], +[ 0.49671415 -0.1382643   0.64768854  1.52302986], +[ 0.49671415 -0.1382643   0.64768854  1.52302986], 4.252, 4.252, +[ 0.49671415 -0.1382643   0.64768854  1.52302986], +[ 0.49671415 -0.1382643   0.64768854  1.52302986], 4.252, +[ 0.49671415 -0.1382643   0.64768854  1.52302986], x0, +[ 0.49671415 -0.1382643   0.64768854  1.52302986], 4.252, 2.232, 4.252, x1, 3.108, +[ 0.49671415 -0.1382643   0.64768854  1.52302986], 1.776, +[ 0.49671415 -0.1382643   0.64768854  1.52302986], +[ 0.49671415 -0.1382643   0.64768854  1.52302986], 4.252, 3.108, +[ 0.49671415 -0.1382643   0.64768854  1.52302986], +[ 0.49671415 -0.1382643   0.64768854  1.52302986], +[ 0.49671415 -0.1382643   0.64768854  1.52302986], x6, 1.776, 4.252, 4.252]
Training
	MSE:24823.135
	Rsquared:-3.025
Test:
	MSE:24291.827
	Rsquared:-3.268
21.04291605949402