generations_elite-fitness_number-of-evaluations_time
0_27865.017_128_0.02802419662475586
1_27865.017_256_0.09590649604797363
2_27712.33_384_0.17448163032531738
3_27627.005_512_0.26178407669067383
4_27284.445_640_0.3459014892578125
5_27173.206_768_0.4413726329803467
6_26671.866_896_0.5720658302307129
7_26607.011_1024_0.7419517040252686
8_26276.767_1152_1.128131628036499
9_25956.068_1280_1.397878885269165
10_25781.192_1408_1.7296202182769775
11_25781.192_1536_2.140624761581421
12_25633.286_1664_2.7753474712371826
13_25348.799_1792_3.4794013500213623
14_25348.799_1918_4.462754726409912
15_24852.048_2037_5.661381959915161
Function found (83nodes ):
	[+[ 0.49671415 -0.1382643   0.64768854  1.52302986], +[ 0.49671415 -0.1382643   0.64768854  1.52302986], +[ 0.49671415 -0.1382643   0.64768854  1.52302986], +[ 0.49671415 -0.1382643   0.64768854  1.52302986], +[ 0.49671415 -0.1382643   0.64768854  1.52302986], 4.139, +[ 0.49671415 -0.1382643   0.64768854  1.52302986], +[ 0.49671415 -0.1382643   0.64768854  1.52302986], +[ 0.49671415 -0.1382643   0.64768854  1.52302986], 1.751, +[ 0.49671415 -0.1382643   0.64768854  1.52302986], 1.751, 4.139, 4.139, 4.139, 4.139, +[ 0.49671415 -0.1382643   0.64768854  1.52302986], +[ 0.49671415 -0.1382643   0.64768854  1.52302986], 1.751, 4.139, 4.139, +[ 0.49671415 -0.1382643   0.64768854  1.52302986], +[ 0.49671415 -0.1382643   0.64768854  1.52302986], +[ 0.49671415 -0.1382643   0.64768854  1.52302986], 1.751, 4.139, 4.139, +[ 0.49671415 -0.1382643   0.64768854  1.52302986], +[ 0.49671415 -0.1382643   0.64768854  1.52302986], /[ 0.24196227 -1.91328024 -1.72491783 -0.56228753], x5, x0, +[ 0.49671415 -0.1382643   0.64768854  1.52302986], 1.751, 4.139, 4.139, +[ 0.49671415 -0.1382643   0.64768854  1.52302986], +[ 0.49671415 -0.1382643   0.64768854  1.52302986], +[ 0.49671415 -0.1382643   0.64768854  1.52302986], +[ 0.49671415 -0.1382643   0.64768854  1.52302986], +[ 0.49671415 -0.1382643   0.64768854  1.52302986], /[ 0.24196227 -1.91328024 -1.72491783 -0.56228753], x5, x0, 4.139, 4.139, +[ 0.49671415 -0.1382643   0.64768854  1.52302986], +[ 0.49671415 -0.1382643   0.64768854  1.52302986], 1.751, 4.139, +[ 0.49671415 -0.1382643   0.64768854  1.52302986], +[ 0.49671415 -0.1382643   0.64768854  1.52302986], +[ 0.49671415 -0.1382643   0.64768854  1.52302986], 4.139, 4.139, 4.139, +[ 0.49671415 -0.1382643   0.64768854  1.52302986], 1.751, +[ 0.49671415 -0.1382643   0.64768854  1.52302986], /[ 0.24196227 -1.91328024 -1.72491783 -0.56228753], x5, x0, 4.139, 4.139, +[ 0.49671415 -0.1382643   0.64768854  1.52302986], +[ 0.49671415 -0.1382643   0.64768854  1.52302986], /[ 0.24196227 -1.91328024 -1.72491783 -0.56228753], x5, x0, +[ 0.49671415 -0.1382643   0.64768854  1.52302986], 1.751, 4.139, +[ 0.49671415 -0.1382643   0.64768854  1.52302986], +[ 0.49671415 -0.1382643   0.64768854  1.52302986], 1.751, 4.139, +[ 0.49671415 -0.1382643   0.64768854  1.52302986], +[ 0.49671415 -0.1382643   0.64768854  1.52302986], /[ 0.24196227 -1.91328024 -1.72491783 -0.56228753], x5, x0, 4.139, 4.139]
Training
	MSE:24852.048
	Rsquared:-3.029
Test:
	MSE:24322.884
	Rsquared:-3.273
5.6614909172058105