generations_elite-fitness_number-of-evaluations_time
0_26924.018_128_0.028139114379882812
1_26548.242_256_0.09644722938537598
2_26548.242_384_0.18001770973205566
3_25024.381_512_0.2769501209259033
4_25024.381_640_0.3790104389190674
5_25024.381_768_0.4887573719024658
6_24991.193_896_0.6036007404327393
7_24971.439_1024_0.8248918056488037
8_23685.994_1152_0.9919304847717285
9_22050.264_1280_1.1720457077026367
10_21264.922_1408_1.378086805343628
11_21199.633_1536_1.6055362224578857
12_21199.633_1664_1.855938196182251
13_21199.633_1792_2.1266109943389893
14_20535.601_1920_2.5515313148498535
15_20014.748_2048_2.9494307041168213
16_19414.757_2176_3.3819546699523926
17_19414.757_2304_3.8809731006622314
18_19276.14_2432_4.583617687225342
19_18668.901_2560_5.239729166030884
20_18668.901_2688_6.079940557479858
21_18668.901_2816_6.83873724937439
22_18546.317_2944_7.778654098510742
23_18341.331_3072_8.655067920684814
24_18341.331_3200_9.72833251953125
25_17844.38_3324_10.965598583221436
26_17844.38_3448_12.202283382415771
27_17844.38_3571_13.736091613769531
28_17676.162_3694_15.402899742126465
Function found (95nodes ):
	[+[ 0.49671415 -0.1382643   0.64768854  1.52302986], +[ 0.49671415 -0.1382643   0.64768854  1.52302986], +[ 0.49671415 -0.1382643   0.64768854  1.52302986], /[ 0.24196227 -1.91328024 -1.72491783 -0.56228753], /[ 0.24196227 -1.91328024 -1.72491783 -0.56228753], /[ 0.24196227 -1.91328024 -1.72491783 -0.56228753], /[ 0.24196227 -1.91328024 -1.72491783 -0.56228753], /[ 0.24196227 -1.91328024 -1.72491783 -0.56228753], x3, -0.511, -0.511, -0.511, -0.511, -0.215, +[ 0.49671415 -0.1382643   0.64768854  1.52302986], /[ 0.24196227 -1.91328024 -1.72491783 -0.56228753], /[ 0.24196227 -1.91328024 -1.72491783 -0.56228753], /[ 0.24196227 -1.91328024 -1.72491783 -0.56228753], /[ 0.24196227 -1.91328024 -1.72491783 -0.56228753], /[ 0.24196227 -1.91328024 -1.72491783 -0.56228753], x3, -0.511, -0.511, -0.511, -0.511, -0.215, -[-0.23415337 -0.23413696  1.57921282  0.76743473], -0.511, /[ 0.24196227 -1.91328024 -1.72491783 -0.56228753], /[ 0.24196227 -1.91328024 -1.72491783 -0.56228753], /[ 0.24196227 -1.91328024 -1.72491783 -0.56228753], /[ 0.24196227 -1.91328024 -1.72491783 -0.56228753], /[ 0.24196227 -1.91328024 -1.72491783 -0.56228753], /[ 0.24196227 -1.91328024 -1.72491783 -0.56228753], /[ 0.24196227 -1.91328024 -1.72491783 -0.56228753], x3, -0.511, -0.511, -0.511, -0.511, -0.511, -0.511, -0.511, +[ 0.49671415 -0.1382643   0.64768854  1.52302986], /[ 0.24196227 -1.91328024 -1.72491783 -0.56228753], /[ 0.24196227 -1.91328024 -1.72491783 -0.56228753], /[ 0.24196227 -1.91328024 -1.72491783 -0.56228753], /[ 0.24196227 -1.91328024 -1.72491783 -0.56228753], /[ 0.24196227 -1.91328024 -1.72491783 -0.56228753], x3, -0.511, -0.511, -0.511, -0.511, -0.215, -[-0.23415337 -0.23413696  1.57921282  0.76743473], x4, /[ 0.24196227 -1.91328024 -1.72491783 -0.56228753], /[ 0.24196227 -1.91328024 -1.72491783 -0.56228753], /[ 0.24196227 -1.91328024 -1.72491783 -0.56228753], /[ 0.24196227 -1.91328024 -1.72491783 -0.56228753], /[ 0.24196227 -1.91328024 -1.72491783 -0.56228753], /[ 0.24196227 -1.91328024 -1.72491783 -0.56228753], /[ 0.24196227 -1.91328024 -1.72491783 -0.56228753], x3, -0.511, -0.511, -0.511, -0.511, -0.511, -0.511, -0.511, /[ 0.24196227 -1.91328024 -1.72491783 -0.56228753], /[ 0.24196227 -1.91328024 -1.72491783 -0.56228753], /[ 0.24196227 -1.91328024 -1.72491783 -0.56228753], /[ 0.24196227 -1.91328024 -1.72491783 -0.56228753], /[ 0.24196227 -1.91328024 -1.72491783 -0.56228753], /[ 0.24196227 -1.91328024 -1.72491783 -0.56228753], /[ 0.24196227 -1.91328024 -1.72491783 -0.56228753], /[ 0.24196227 -1.91328024 -1.72491783 -0.56228753], /[ 0.24196227 -1.91328024 -1.72491783 -0.56228753], /[ 0.24196227 -1.91328024 -1.72491783 -0.56228753], /[ 0.24196227 -1.91328024 -1.72491783 -0.56228753], x3, -0.511, -0.511, -0.511, -0.511, -0.511, -0.511, -0.511, -0.511, -0.511, -0.511, -0.215]
Training
	MSE:17676.162
	Rsquared:-1.866
Test:
	MSE:17156.869
	Rsquared:-2.014
15.403014659881592