generations_elite-fitness_number-of-evaluations_time
0_25729.541_64_0.026349544525146484
1_25729.541_128_0.0849452018737793
2_25729.541_192_0.15741729736328125
3_25729.541_256_0.24002552032470703
4_25729.541_320_0.3209958076477051
5_25729.541_384_0.3913874626159668
6_25729.541_448_0.4619870185852051
7_25729.541_512_0.7452812194824219
8_25729.541_576_0.8473093509674072
9_25729.541_640_0.960820198059082
10_25729.541_704_1.1278743743896484
11_25729.541_768_1.354440450668335
12_25564.234_832_1.6563682556152344
13_25426.917_896_2.0186519622802734
14_25426.917_960_2.5198981761932373
15_25023.488_1023_3.042170763015747
16_24998.201_1084_3.7237329483032227
17_24646.825_1143_4.360773324966431
18_24646.694_1199_5.171166181564331
Function found (93nodes ):
	[+[ 0.49671415 -0.1382643   0.64768854  1.52302986], +[ 0.49671415 -0.1382643   0.64768854  1.52302986], +[ 0.49671415 -0.1382643   0.64768854  1.52302986], +[ 0.49671415 -0.1382643   0.64768854  1.52302986], +[ 0.49671415 -0.1382643   0.64768854  1.52302986], 4.427, +[ 0.49671415 -0.1382643   0.64768854  1.52302986], 4.267, 4.427, +[ 0.49671415 -0.1382643   0.64768854  1.52302986], +[ 0.49671415 -0.1382643   0.64768854  1.52302986], 4.427, /[ 0.24196227 -1.91328024 -1.72491783 -0.56228753], x2, x5, +[ 0.49671415 -0.1382643   0.64768854  1.52302986], 4.267, 4.427, +[ 0.49671415 -0.1382643   0.64768854  1.52302986], +[ 0.49671415 -0.1382643   0.64768854  1.52302986], +[ 0.49671415 -0.1382643   0.64768854  1.52302986], 4.427, 4.427, +[ 0.49671415 -0.1382643   0.64768854  1.52302986], +[ 0.49671415 -0.1382643   0.64768854  1.52302986], x4, 4.267, 4.427, +[ 0.49671415 -0.1382643   0.64768854  1.52302986], 4.267, +[ 0.49671415 -0.1382643   0.64768854  1.52302986], 4.427, +[ 0.49671415 -0.1382643   0.64768854  1.52302986], 4.267, 4.427, +[ 0.49671415 -0.1382643   0.64768854  1.52302986], +[ 0.49671415 -0.1382643   0.64768854  1.52302986], +[ 0.49671415 -0.1382643   0.64768854  1.52302986], 4.427, +[ 0.49671415 -0.1382643   0.64768854  1.52302986], 4.267, 4.427, 4.267, +[ 0.49671415 -0.1382643   0.64768854  1.52302986], +[ 0.49671415 -0.1382643   0.64768854  1.52302986], +[ 0.49671415 -0.1382643   0.64768854  1.52302986], 4.427, +[ 0.49671415 -0.1382643   0.64768854  1.52302986], +[ 0.49671415 -0.1382643   0.64768854  1.52302986], 4.427, /[ 0.24196227 -1.91328024 -1.72491783 -0.56228753], x2, +[ 0.49671415 -0.1382643   0.64768854  1.52302986], +[ 0.49671415 -0.1382643   0.64768854  1.52302986], x4, x5, 4.267, +[ 0.49671415 -0.1382643   0.64768854  1.52302986], 4.427, 4.427, 4.427, +[ 0.49671415 -0.1382643   0.64768854  1.52302986], +[ 0.49671415 -0.1382643   0.64768854  1.52302986], 4.427, /[ 0.24196227 -1.91328024 -1.72491783 -0.56228753], x2, x5, +[ 0.49671415 -0.1382643   0.64768854  1.52302986], 4.267, 4.427, +[ 0.49671415 -0.1382643   0.64768854  1.52302986], +[ 0.49671415 -0.1382643   0.64768854  1.52302986], 4.427, /[ 0.24196227 -1.91328024 -1.72491783 -0.56228753], x2, x5, +[ 0.49671415 -0.1382643   0.64768854  1.52302986], 4.267, +[ 0.49671415 -0.1382643   0.64768854  1.52302986], +[ 0.49671415 -0.1382643   0.64768854  1.52302986], +[ 0.49671415 -0.1382643   0.64768854  1.52302986], +[ 0.49671415 -0.1382643   0.64768854  1.52302986], +[ 0.49671415 -0.1382643   0.64768854  1.52302986], x5, 4.427, 4.427, 4.427, 4.427, +[ 0.49671415 -0.1382643   0.64768854  1.52302986], +[ 0.49671415 -0.1382643   0.64768854  1.52302986], x4, 4.267, 4.427]
Training
	MSE:24646.694
	Rsquared:-2.996
Test:
	MSE:24117.256
	Rsquared:-3.237
5.171355247497559