generations_elite-fitness_number-of-evaluations_time
0_27776.863_64_0.015816926956176758
1_27776.863_128_0.04842233657836914
2_27358.085_192_0.08375239372253418
3_27260.584_256_0.1238546371459961
4_27260.584_320_0.16914749145507812
5_27007.673_384_0.21914005279541016
6_26844.68_448_0.275740385055542
7_26780.998_512_0.3464360237121582
8_26456.566_576_0.42460107803344727
9_26165.363_640_0.5281534194946289
10_26006.75_704_0.6508164405822754
11_25982.926_768_0.7957432270050049
12_25517.315_832_0.9664294719696045
13_25401.122_896_1.3440313339233398
14_25060.583_960_1.6069340705871582
15_24939.535_1024_1.9357876777648926
16_24666.96_1088_2.3783767223358154
17_24611.117_1150_2.996065139770508
18_24274.651_1211_3.6166555881500244
19_24274.651_1272_4.37589955329895
20_24274.651_1333_5.057156085968018
21_24248.845_1388_6.054924488067627
22_24248.845_1448_7.0337233543396
23_24248.845_1495_7.936981439590454
24_24247.354_1550_8.952881336212158
25_24237.798_1596_10.038827896118164
26_24237.798_1650_11.084825038909912
27_24149.416_1704_12.001766920089722
28_24149.416_1756_13.017478466033936
29_24149.416_1808_14.03928279876709
30_24134.482_1864_15.09227967262268
Function found (97nodes ):
	[+[ 0.49671415 -0.1382643   0.64768854  1.52302986], +[ 0.49671415 -0.1382643   0.64768854  1.52302986], +[ 0.49671415 -0.1382643   0.64768854  1.52302986], +[ 0.49671415 -0.1382643   0.64768854  1.52302986], 4.233, +[ 0.49671415 -0.1382643   0.64768854  1.52302986], 4.233, 4.908, +[ 0.49671415 -0.1382643   0.64768854  1.52302986], +[ 0.49671415 -0.1382643   0.64768854  1.52302986], +[ 0.49671415 -0.1382643   0.64768854  1.52302986], 4.233, 4.908, +[ 0.49671415 -0.1382643   0.64768854  1.52302986], 4.233, 4.908, 4.908, +[ 0.49671415 -0.1382643   0.64768854  1.52302986], +[ 0.49671415 -0.1382643   0.64768854  1.52302986], +[ 0.49671415 -0.1382643   0.64768854  1.52302986], 4.233, 4.908, 4.908, +[ 0.49671415 -0.1382643   0.64768854  1.52302986], 4.233, 4.908, +[ 0.49671415 -0.1382643   0.64768854  1.52302986], +[ 0.49671415 -0.1382643   0.64768854  1.52302986], +[ 0.49671415 -0.1382643   0.64768854  1.52302986], 4.233, +[ 0.49671415 -0.1382643   0.64768854  1.52302986], 4.233, +[ 0.49671415 -0.1382643   0.64768854  1.52302986], 4.233, 4.908, +[ 0.49671415 -0.1382643   0.64768854  1.52302986], 4.233, +[ 0.49671415 -0.1382643   0.64768854  1.52302986], 4.233, 4.908, +[ 0.49671415 -0.1382643   0.64768854  1.52302986], +[ 0.49671415 -0.1382643   0.64768854  1.52302986], +[ 0.49671415 -0.1382643   0.64768854  1.52302986], +[ 0.49671415 -0.1382643   0.64768854  1.52302986], +[ 0.49671415 -0.1382643   0.64768854  1.52302986], 4.233, +[ 0.49671415 -0.1382643   0.64768854  1.52302986], 4.233, +[ 0.49671415 -0.1382643   0.64768854  1.52302986], +[ 0.49671415 -0.1382643   0.64768854  1.52302986], 4.233, +[ 0.49671415 -0.1382643   0.64768854  1.52302986], 4.233, 4.908, 4.908, +[ 0.49671415 -0.1382643   0.64768854  1.52302986], +[ 0.49671415 -0.1382643   0.64768854  1.52302986], 4.233, 4.908, /[ 0.24196227 -1.91328024 -1.72491783 -0.56228753], x1, x1, +[ 0.49671415 -0.1382643   0.64768854  1.52302986], +[ 0.49671415 -0.1382643   0.64768854  1.52302986], +[ 0.49671415 -0.1382643   0.64768854  1.52302986], +[ 0.49671415 -0.1382643   0.64768854  1.52302986], /[ 0.24196227 -1.91328024 -1.72491783 -0.56228753], x6, x9, /[ 0.24196227 -1.91328024 -1.72491783 -0.56228753], x1, x8, +[ 0.49671415 -0.1382643   0.64768854  1.52302986], x4, 4.908, 4.908, 4.908, +[ 0.49671415 -0.1382643   0.64768854  1.52302986], +[ 0.49671415 -0.1382643   0.64768854  1.52302986], 4.233, +[ 0.49671415 -0.1382643   0.64768854  1.52302986], 4.233, 4.908, +[ 0.49671415 -0.1382643   0.64768854  1.52302986], 4.233, 4.908, +[ 0.49671415 -0.1382643   0.64768854  1.52302986], +[ 0.49671415 -0.1382643   0.64768854  1.52302986], +[ 0.49671415 -0.1382643   0.64768854  1.52302986], +[ 0.49671415 -0.1382643   0.64768854  1.52302986], 4.233, 4.908, 4.908, +[ 0.49671415 -0.1382643   0.64768854  1.52302986], 4.233, 4.908, 4.908]
Training
	MSE:24134.482
	Rsquared:-2.913
Test:
	MSE:23604.124
	Rsquared:-3.147
15.092406749725342