generations_elite-fitness_number-of-evaluations_time
0_27077.432_64_0.013098955154418945
1_27077.432_128_0.041898250579833984
2_26731.238_192_0.07848882675170898
3_26283.903_256_0.12136673927307129
4_26273.018_320_0.17041420936584473
5_25473.275_384_0.22481179237365723
6_25473.275_448_0.28378987312316895
7_25473.275_512_0.354647159576416
8_24957.136_576_0.4256420135498047
9_24957.136_640_0.4998767375946045
10_24566.045_704_0.5910000801086426
11_24566.045_768_0.688906192779541
12_23990.093_832_0.8250758647918701
13_23990.093_896_0.973790168762207
14_23621.942_960_1.158806324005127
15_23319.069_1024_1.5537972450256348
16_23319.069_1088_1.8351805210113525
17_22687.995_1152_2.1693451404571533
18_22687.995_1216_2.5875794887542725
19_22687.995_1280_3.1793227195739746
20_22496.868_1339_3.772158622741699
21_22116.902_1399_4.539870977401733
22_22116.902_1460_5.185542821884155
23_22116.902_1513_6.163960218429565
24_22116.902_1565_7.09348201751709
25_22109.773_1616_8.185600280761719
26_22109.773_1662_9.278328895568848
27_22109.773_1713_10.384636402130127
Function found (99nodes ):
	[+[ 0.49671415 -0.1382643   0.64768854  1.52302986], +[ 0.49671415 -0.1382643   0.64768854  1.52302986], +[ 0.49671415 -0.1382643   0.64768854  1.52302986], +[ 0.49671415 -0.1382643   0.64768854  1.52302986], /[ 0.24196227 -1.91328024 -1.72491783 -0.56228753], -1.792, -0.201, +[ 0.49671415 -0.1382643   0.64768854  1.52302986], /[ 0.24196227 -1.91328024 -1.72491783 -0.56228753], -1.792, -0.201, /[ 0.24196227 -1.91328024 -1.72491783 -0.56228753], -0.201, -0.201, +[ 0.49671415 -0.1382643   0.64768854  1.52302986], /[ 0.24196227 -1.91328024 -1.72491783 -0.56228753], -1.792, -0.201, /[ 0.24196227 -1.91328024 -1.72491783 -0.56228753], -1.792, -0.201, +[ 0.49671415 -0.1382643   0.64768854  1.52302986], /[ 0.24196227 -1.91328024 -1.72491783 -0.56228753], -1.792, -0.201, +[ 0.49671415 -0.1382643   0.64768854  1.52302986], /[ 0.24196227 -1.91328024 -1.72491783 -0.56228753], -1.792, -0.201, /[ 0.24196227 -1.91328024 -1.72491783 -0.56228753], -1.792, -0.201, +[ 0.49671415 -0.1382643   0.64768854  1.52302986], +[ 0.49671415 -0.1382643   0.64768854  1.52302986], +[ 0.49671415 -0.1382643   0.64768854  1.52302986], +[ 0.49671415 -0.1382643   0.64768854  1.52302986], +[ 0.49671415 -0.1382643   0.64768854  1.52302986], /[ 0.24196227 -1.91328024 -1.72491783 -0.56228753], -1.792, -0.201, +[ 0.49671415 -0.1382643   0.64768854  1.52302986], /[ 0.24196227 -1.91328024 -1.72491783 -0.56228753], -1.792, -0.201, /[ 0.24196227 -1.91328024 -1.72491783 -0.56228753], -1.792, -0.201, +[ 0.49671415 -0.1382643   0.64768854  1.52302986], /[ 0.24196227 -1.91328024 -1.72491783 -0.56228753], -1.792, -0.201, /[ 0.24196227 -1.91328024 -1.72491783 -0.56228753], -1.792, -0.201, +[ 0.49671415 -0.1382643   0.64768854  1.52302986], /[ 0.24196227 -1.91328024 -1.72491783 -0.56228753], -1.792, -0.201, +[ 0.49671415 -0.1382643   0.64768854  1.52302986], /[ 0.24196227 -1.91328024 -1.72491783 -0.56228753], -1.792, -0.201, /[ 0.24196227 -1.91328024 -1.72491783 -0.56228753], -1.792, -0.201, +[ 0.49671415 -0.1382643   0.64768854  1.52302986], +[ 0.49671415 -0.1382643   0.64768854  1.52302986], /[ 0.24196227 -1.91328024 -1.72491783 -0.56228753], -1.792, -0.201, +[ 0.49671415 -0.1382643   0.64768854  1.52302986], /[ 0.24196227 -1.91328024 -1.72491783 -0.56228753], -1.792, -0.201, /[ 0.24196227 -1.91328024 -1.72491783 -0.56228753], -1.792, -0.201, +[ 0.49671415 -0.1382643   0.64768854  1.52302986], /[ 0.24196227 -1.91328024 -1.72491783 -0.56228753], -1.792, -0.201, +[ 0.49671415 -0.1382643   0.64768854  1.52302986], /[ 0.24196227 -1.91328024 -1.72491783 -0.56228753], -1.792, -0.201, /[ 0.24196227 -1.91328024 -1.72491783 -0.56228753], -1.792, -0.201, +[ 0.49671415 -0.1382643   0.64768854  1.52302986], /[ 0.24196227 -1.91328024 -1.72491783 -0.56228753], -1.792, -0.201, +[ 0.49671415 -0.1382643   0.64768854  1.52302986], /[ 0.24196227 -1.91328024 -1.72491783 -0.56228753], -1.792, -0.201, /[ 0.24196227 -1.91328024 -1.72491783 -0.56228753], -1.792, -0.201]
Training
	MSE:22109.773
	Rsquared:-2.585
Test:
	MSE:21582.69
	Rsquared:-2.792
10.384777069091797