generations_elite-fitness_number-of-evaluations_time
0_27574.879_64_0.03290057182312012
1_27574.879_128_0.10799121856689453
2_27574.879_192_0.19056200981140137
3_27515.106_256_0.2424907684326172
4_26951.067_320_0.29331254959106445
5_26951.067_384_0.34994959831237793
6_26452.319_448_0.41736340522766113
7_26052.492_512_0.4923410415649414
8_26052.492_576_0.5813207626342773
9_25731.252_640_0.6819686889648438
10_25731.252_704_0.7931361198425293
11_25095.967_768_1.12556791305542
12_25095.967_832_1.2724676132202148
13_25085.468_896_1.4300708770751953
14_24761.107_960_1.6198723316192627
15_24684.567_1024_1.8073394298553467
16_24684.567_1088_2.025668144226074
17_24583.426_1152_2.2781293392181396
18_24417.987_1216_2.560579538345337
19_24417.987_1280_3.007718563079834
20_24417.987_1344_3.384906768798828
21_24417.987_1408_3.833622455596924
22_24380.853_1472_4.333933115005493
23_24380.853_1536_4.968088388442993
24_24380.853_1600_5.635896921157837
25_24380.853_1661_6.6095051765441895
26_24380.853_1720_7.501562595367432
27_24380.853_1782_8.516256332397461
28_24380.692_1840_9.431718826293945
29_24380.587_1898_10.555505752563477
30_24380.587_1961_11.619139909744263
31_24380.587_2020_12.6009521484375
32_24380.587_2080_13.721510171890259
33_24380.587_2140_14.668447971343994
34_24380.587_2198_15.846881628036499
35_24380.587_2255_17.029653072357178
36_24380.587_2316_17.98659610748291
37_24380.548_2371_19.132455825805664
38_24380.548_2431_20.35038113594055
Function found (99nodes ):
	[/[ 0.24196227 -1.91328024 -1.72491783 -0.56228753], /[ 0.24196227 -1.91328024 -1.72491783 -0.56228753], /[ 0.24196227 -1.91328024 -1.72491783 -0.56228753], /[ 0.24196227 -1.91328024 -1.72491783 -0.56228753], /[ 0.24196227 -1.91328024 -1.72491783 -0.56228753], /[ 0.24196227 -1.91328024 -1.72491783 -0.56228753], /[ 0.24196227 -1.91328024 -1.72491783 -0.56228753], /[ 0.24196227 -1.91328024 -1.72491783 -0.56228753], /[ 0.24196227 -1.91328024 -1.72491783 -0.56228753], /[ 0.24196227 -1.91328024 -1.72491783 -0.56228753], /[ 0.24196227 -1.91328024 -1.72491783 -0.56228753], /[ 0.24196227 -1.91328024 -1.72491783 -0.56228753], /[ 0.24196227 -1.91328024 -1.72491783 -0.56228753], /[ 0.24196227 -1.91328024 -1.72491783 -0.56228753], /[ 0.24196227 -1.91328024 -1.72491783 -0.56228753], /[ 0.24196227 -1.91328024 -1.72491783 -0.56228753], /[ 0.24196227 -1.91328024 -1.72491783 -0.56228753], /[ 0.24196227 -1.91328024 -1.72491783 -0.56228753], /[ 0.24196227 -1.91328024 -1.72491783 -0.56228753], /[ 0.24196227 -1.91328024 -1.72491783 -0.56228753], /[ 0.24196227 -1.91328024 -1.72491783 -0.56228753], /[ 0.24196227 -1.91328024 -1.72491783 -0.56228753], /[ 0.24196227 -1.91328024 -1.72491783 -0.56228753], /[ 0.24196227 -1.91328024 -1.72491783 -0.56228753], /[ 0.24196227 -1.91328024 -1.72491783 -0.56228753], /[ 0.24196227 -1.91328024 -1.72491783 -0.56228753], /[ 0.24196227 -1.91328024 -1.72491783 -0.56228753], /[ 0.24196227 -1.91328024 -1.72491783 -0.56228753], /[ 0.24196227 -1.91328024 -1.72491783 -0.56228753], /[ 0.24196227 -1.91328024 -1.72491783 -0.56228753], /[ 0.24196227 -1.91328024 -1.72491783 -0.56228753], /[ 0.24196227 -1.91328024 -1.72491783 -0.56228753], /[ 0.24196227 -1.91328024 -1.72491783 -0.56228753], /[ 0.24196227 -1.91328024 -1.72491783 -0.56228753], /[ 0.24196227 -1.91328024 -1.72491783 -0.56228753], /[ 0.24196227 -1.91328024 -1.72491783 -0.56228753], /[ 0.24196227 -1.91328024 -1.72491783 -0.56228753], /[ 0.24196227 -1.91328024 -1.72491783 -0.56228753], /[ 0.24196227 -1.91328024 -1.72491783 -0.56228753], /[ 0.24196227 -1.91328024 -1.72491783 -0.56228753], /[ 0.24196227 -1.91328024 -1.72491783 -0.56228753], /[ 0.24196227 -1.91328024 -1.72491783 -0.56228753], /[ 0.24196227 -1.91328024 -1.72491783 -0.56228753], /[ 0.24196227 -1.91328024 -1.72491783 -0.56228753], /[ 0.24196227 -1.91328024 -1.72491783 -0.56228753], /[ 0.24196227 -1.91328024 -1.72491783 -0.56228753], /[ 0.24196227 -1.91328024 -1.72491783 -0.56228753], /[ 0.24196227 -1.91328024 -1.72491783 -0.56228753], /[ 0.24196227 -1.91328024 -1.72491783 -0.56228753], -0.493, -0.493, -0.493, -0.493, -0.493, -0.493, -0.493, -0.493, -0.493, -0.493, -0.493, -0.493, -0.493, -0.493, -0.493, -0.493, -0.493, -0.493, -0.493, -0.493, -0.493, -0.493, -0.493, -0.493, -0.493, -0.493, -0.493, -0.493, -0.493, -0.493, -0.493, -0.493, -0.493, -0.493, -0.493, -0.493, -0.493, -0.493, -0.493, -0.493, -0.493, -0.493, -0.493, -0.493, -0.493, -0.493, -0.493, -0.493, -0.493, x8]
Training
	MSE:24380.548
	Rsquared:-2.953
Test:
	MSE:23862.031
	Rsquared:-3.192
20.350521326065063