generations_elite-fitness_number-of-evaluations_time
0_28155.895_64_0.013550758361816406
1_28155.895_128_0.04251861572265625
2_28008.03_192_0.07807183265686035
3_27323.457_256_0.12196087837219238
4_27323.457_320_0.15866637229919434
5_27025.956_384_0.19255995750427246
6_27025.956_448_0.22745156288146973
7_26744.8_512_0.2689685821533203
8_26641.195_576_0.32251954078674316
9_26242.502_640_0.39322924613952637
10_26239.405_704_0.4752998352050781
11_26136.114_768_0.5785055160522461
12_25842.233_832_0.8408637046813965
13_25627.461_896_1.0058212280273438
14_25401.644_960_1.2166757583618164
15_25219.509_1024_1.4731051921844482
16_24923.328_1087_1.7511110305786133
17_24897.428_1151_2.0878336429595947
18_24512.925_1215_2.6012022495269775
19_24512.925_1277_3.1435794830322266
20_24503.669_1335_3.863954544067383
21_24503.669_1392_4.53377890586853
22_24503.669_1450_5.367068767547607
23_24232.782_1506_6.209775924682617
24_24212.022_1560_7.190965890884399
25_24125.579_1620_8.084139585494995
26_24123.09_1676_8.945992708206177
27_24123.09_1730_10.00243878364563
Function found (97nodes ):
	[+[ 0.49671415 -0.1382643   0.64768854  1.52302986], +[ 0.49671415 -0.1382643   0.64768854  1.52302986], +[ 0.49671415 -0.1382643   0.64768854  1.52302986], 4.719, +[ 0.49671415 -0.1382643   0.64768854  1.52302986], 4.719, +[ 0.49671415 -0.1382643   0.64768854  1.52302986], +[ 0.49671415 -0.1382643   0.64768854  1.52302986], 4.719, 4.719, 4.719, +[ 0.49671415 -0.1382643   0.64768854  1.52302986], 4.719, +[ 0.49671415 -0.1382643   0.64768854  1.52302986], +[ 0.49671415 -0.1382643   0.64768854  1.52302986], 4.719, 4.719, 4.719, +[ 0.49671415 -0.1382643   0.64768854  1.52302986], +[ 0.49671415 -0.1382643   0.64768854  1.52302986], +[ 0.49671415 -0.1382643   0.64768854  1.52302986], +[ 0.49671415 -0.1382643   0.64768854  1.52302986], 4.719, +[ 0.49671415 -0.1382643   0.64768854  1.52302986], +[ 0.49671415 -0.1382643   0.64768854  1.52302986], 4.719, 4.719, 4.719, +[ 0.49671415 -0.1382643   0.64768854  1.52302986], +[ 0.49671415 -0.1382643   0.64768854  1.52302986], 4.719, +[ 0.49671415 -0.1382643   0.64768854  1.52302986], +[ 0.49671415 -0.1382643   0.64768854  1.52302986], 4.719, 4.719, 4.719, +[ 0.49671415 -0.1382643   0.64768854  1.52302986], +[ 0.49671415 -0.1382643   0.64768854  1.52302986], 4.719, +[ 0.49671415 -0.1382643   0.64768854  1.52302986], +[ 0.49671415 -0.1382643   0.64768854  1.52302986], 4.719, 4.719, 4.719, +[ 0.49671415 -0.1382643   0.64768854  1.52302986], +[ 0.49671415 -0.1382643   0.64768854  1.52302986], +[ 0.49671415 -0.1382643   0.64768854  1.52302986], 4.719, 4.719, 4.719, 4.719, +[ 0.49671415 -0.1382643   0.64768854  1.52302986], +[ 0.49671415 -0.1382643   0.64768854  1.52302986], 4.719, 4.719, +[ 0.49671415 -0.1382643   0.64768854  1.52302986], +[ 0.49671415 -0.1382643   0.64768854  1.52302986], 4.719, 4.719, +[ 0.49671415 -0.1382643   0.64768854  1.52302986], 4.719, +[ 0.49671415 -0.1382643   0.64768854  1.52302986], +[ 0.49671415 -0.1382643   0.64768854  1.52302986], 4.719, +[ 0.49671415 -0.1382643   0.64768854  1.52302986], +[ 0.49671415 -0.1382643   0.64768854  1.52302986], +[ 0.49671415 -0.1382643   0.64768854  1.52302986], 4.719, 4.719, 4.719, 4.719, 4.719, +[ 0.49671415 -0.1382643   0.64768854  1.52302986], +[ 0.49671415 -0.1382643   0.64768854  1.52302986], 4.719, +[ 0.49671415 -0.1382643   0.64768854  1.52302986], +[ 0.49671415 -0.1382643   0.64768854  1.52302986], 4.719, 4.719, 4.719, +[ 0.49671415 -0.1382643   0.64768854  1.52302986], +[ 0.49671415 -0.1382643   0.64768854  1.52302986], +[ 0.49671415 -0.1382643   0.64768854  1.52302986], -0.815, 4.719, +[ 0.49671415 -0.1382643   0.64768854  1.52302986], +[ 0.49671415 -0.1382643   0.64768854  1.52302986], 4.719, 4.719, +[ 0.49671415 -0.1382643   0.64768854  1.52302986], +[ 0.49671415 -0.1382643   0.64768854  1.52302986], x6, 4.719, +[ 0.49671415 -0.1382643   0.64768854  1.52302986], 4.719, 4.719, 4.719]
Training
	MSE:24123.09
	Rsquared:-2.911
Test:
	MSE:23592.868
	Rsquared:-3.145
10.002555131912231