generations_elite-fitness_number-of-evaluations_time
0_28157.421_64_0.024240970611572266
1_28157.421_128_0.07683062553405762
2_28039.267_192_0.1366426944732666
3_27448.147_256_0.19589996337890625
4_27448.147_320_0.23659682273864746
5_27069.607_384_0.2739145755767822
6_27069.607_448_0.3110671043395996
7_26539.929_512_0.36600446701049805
8_26228.504_576_0.4347960948944092
9_26167.095_640_0.6440544128417969
10_25594.77_704_0.7794597148895264
11_25401.877_768_0.9699597358703613
12_24992.139_832_1.2074499130249023
13_24992.139_896_1.4898738861083984
14_24449.379_960_1.9912855625152588
15_24381.8_1021_2.576117515563965
16_24358.442_1076_3.3924753665924072
17_24224.01_1131_4.160877227783203
18_24224.01_1185_5.097381830215454
19_24224.01_1239_6.1114137172698975
20_24224.01_1289_7.047145843505859
21_24224.01_1336_8.083653450012207
22_24224.01_1386_9.131081342697144
23_23891.896_1441_10.216395854949951
24_23891.896_1496_11.075961589813232
25_23891.896_1545_12.116178512573242
26_23891.896_1595_13.139857053756714
27_23891.896_1646_14.175694227218628
28_23868.641_1695_15.10528564453125
29_23806.382_1748_16.110352993011475
30_23806.382_1800_17.088493585586548
31_23806.382_1849_18.160218954086304
32_23806.382_1896_19.08361029624939
33_23806.382_1942_20.10425043106079
Function found (99nodes ):
	[+[ 0.49671415 -0.1382643   0.64768854  1.52302986], +[ 0.49671415 -0.1382643   0.64768854  1.52302986], +[ 0.49671415 -0.1382643   0.64768854  1.52302986], 4.345, +[ 0.49671415 -0.1382643   0.64768854  1.52302986], 4.345, 4.345, +[ 0.49671415 -0.1382643   0.64768854  1.52302986], +[ 0.49671415 -0.1382643   0.64768854  1.52302986], 4.345, 4.345, +[ 0.49671415 -0.1382643   0.64768854  1.52302986], 4.345, +[ 0.49671415 -0.1382643   0.64768854  1.52302986], 4.345, 4.345, +[ 0.49671415 -0.1382643   0.64768854  1.52302986], +[ 0.49671415 -0.1382643   0.64768854  1.52302986], +[ 0.49671415 -0.1382643   0.64768854  1.52302986], +[ 0.49671415 -0.1382643   0.64768854  1.52302986], 4.345, 4.345, +[ 0.49671415 -0.1382643   0.64768854  1.52302986], +[ 0.49671415 -0.1382643   0.64768854  1.52302986], 4.345, 4.345, +[ 0.49671415 -0.1382643   0.64768854  1.52302986], 4.345, +[ 0.49671415 -0.1382643   0.64768854  1.52302986], 4.345, 4.345, +[ 0.49671415 -0.1382643   0.64768854  1.52302986], +[ 0.49671415 -0.1382643   0.64768854  1.52302986], +[ 0.49671415 -0.1382643   0.64768854  1.52302986], 4.345, 4.345, +[ 0.49671415 -0.1382643   0.64768854  1.52302986], +[ 0.49671415 -0.1382643   0.64768854  1.52302986], 4.345, 4.345, +[ 0.49671415 -0.1382643   0.64768854  1.52302986], 4.345, +[ 0.49671415 -0.1382643   0.64768854  1.52302986], 4.345, 4.345, +[ 0.49671415 -0.1382643   0.64768854  1.52302986], +[ 0.49671415 -0.1382643   0.64768854  1.52302986], 4.345, 4.345, +[ 0.49671415 -0.1382643   0.64768854  1.52302986], +[ 0.49671415 -0.1382643   0.64768854  1.52302986], 4.345, 4.345, +[ 0.49671415 -0.1382643   0.64768854  1.52302986], 4.345, +[ 0.49671415 -0.1382643   0.64768854  1.52302986], 4.345, 4.345, +[ 0.49671415 -0.1382643   0.64768854  1.52302986], +[ 0.49671415 -0.1382643   0.64768854  1.52302986], +[ 0.49671415 -0.1382643   0.64768854  1.52302986], 4.345, 4.345, +[ 0.49671415 -0.1382643   0.64768854  1.52302986], +[ 0.49671415 -0.1382643   0.64768854  1.52302986], 4.345, 4.345, +[ 0.49671415 -0.1382643   0.64768854  1.52302986], 4.345, +[ 0.49671415 -0.1382643   0.64768854  1.52302986], 4.345, 4.345, +[ 0.49671415 -0.1382643   0.64768854  1.52302986], +[ 0.49671415 -0.1382643   0.64768854  1.52302986], +[ 0.49671415 -0.1382643   0.64768854  1.52302986], 4.345, 4.345, +[ 0.49671415 -0.1382643   0.64768854  1.52302986], +[ 0.49671415 -0.1382643   0.64768854  1.52302986], 4.345, 4.345, +[ 0.49671415 -0.1382643   0.64768854  1.52302986], 4.345, +[ 0.49671415 -0.1382643   0.64768854  1.52302986], 4.345, 4.345, +[ 0.49671415 -0.1382643   0.64768854  1.52302986], +[ 0.49671415 -0.1382643   0.64768854  1.52302986], 4.345, 4.345, +[ 0.49671415 -0.1382643   0.64768854  1.52302986], +[ 0.49671415 -0.1382643   0.64768854  1.52302986], 4.345, 4.345, +[ 0.49671415 -0.1382643   0.64768854  1.52302986], 4.345, +[ 0.49671415 -0.1382643   0.64768854  1.52302986], 4.345, 4.345]
Training
	MSE:23806.382
	Rsquared:-2.86
Test:
	MSE:23276.632
	Rsquared:-3.089
20.104365587234497