generations_elite-fitness_number-of-evaluations_time
0_28164.264_128_0.02639007568359375
1_28164.264_256_0.09531617164611816
2_28164.264_384_0.18794679641723633
3_27691.807_512_0.2631535530090332
4_27589.281_640_0.3099935054779053
5_27466.453_768_0.37299108505249023
6_27220.934_896_0.6216356754302979
7_26760.053_1024_0.7654905319213867
8_26747.451_1152_0.9231052398681641
9_26354.248_1280_1.1284244060516357
10_26016.454_1408_1.4061930179595947
11_25656.856_1536_1.809166431427002
12_25418.251_1664_2.4333324432373047
13_24996.398_1792_3.200345039367676
14_24964.048_1915_4.287271499633789
15_24573.984_2038_5.637751579284668
16_24573.984_2153_7.220690965652466
17_24523.016_2267_9.017825603485107
18_24439.092_2363_11.205085039138794
19_24439.092_2466_13.23218560218811
20_24439.092_2565_15.619039535522461
21_24439.092_2657_18.008486032485962
22_24438.636_2740_20.233309745788574
Function found (93nodes ):
	[+[ 0.49671415 -0.1382643   0.64768854  1.52302986], +[ 0.49671415 -0.1382643   0.64768854  1.52302986], +[ 0.49671415 -0.1382643   0.64768854  1.52302986], +[ 0.49671415 -0.1382643   0.64768854  1.52302986], 3.923, 3.923, +[ 0.49671415 -0.1382643   0.64768854  1.52302986], +[ 0.49671415 -0.1382643   0.64768854  1.52302986], 3.923, 3.923, +[ 0.49671415 -0.1382643   0.64768854  1.52302986], +[ 0.49671415 -0.1382643   0.64768854  1.52302986], +[ 0.49671415 -0.1382643   0.64768854  1.52302986], 3.923, 3.923, +[ 0.49671415 -0.1382643   0.64768854  1.52302986], +[ 0.49671415 -0.1382643   0.64768854  1.52302986], 3.923, 3.923, 3.923, +[ 0.49671415 -0.1382643   0.64768854  1.52302986], +[ 0.49671415 -0.1382643   0.64768854  1.52302986], 3.923, +[ 0.49671415 -0.1382643   0.64768854  1.52302986], +[ 0.49671415 -0.1382643   0.64768854  1.52302986], +[ 0.49671415 -0.1382643   0.64768854  1.52302986], 3.923, 3.923, +[ 0.49671415 -0.1382643   0.64768854  1.52302986], +[ 0.49671415 -0.1382643   0.64768854  1.52302986], 3.923, 3.923, +[ 0.49671415 -0.1382643   0.64768854  1.52302986], +[ 0.49671415 -0.1382643   0.64768854  1.52302986], 3.923, 3.923, 3.923, +[ 0.49671415 -0.1382643   0.64768854  1.52302986], +[ 0.49671415 -0.1382643   0.64768854  1.52302986], 3.923, 3.923, 3.923, 3.923, +[ 0.49671415 -0.1382643   0.64768854  1.52302986], +[ 0.49671415 -0.1382643   0.64768854  1.52302986], 3.923, +[ 0.49671415 -0.1382643   0.64768854  1.52302986], +[ 0.49671415 -0.1382643   0.64768854  1.52302986], 3.923, 3.923, +[ 0.49671415 -0.1382643   0.64768854  1.52302986], +[ 0.49671415 -0.1382643   0.64768854  1.52302986], 3.923, 3.923, 3.923, +[ 0.49671415 -0.1382643   0.64768854  1.52302986], +[ 0.49671415 -0.1382643   0.64768854  1.52302986], 3.923, 3.923, 3.923, +[ 0.49671415 -0.1382643   0.64768854  1.52302986], +[ 0.49671415 -0.1382643   0.64768854  1.52302986], +[ 0.49671415 -0.1382643   0.64768854  1.52302986], +[ 0.49671415 -0.1382643   0.64768854  1.52302986], 3.923, 3.923, +[ 0.49671415 -0.1382643   0.64768854  1.52302986], +[ 0.49671415 -0.1382643   0.64768854  1.52302986], 3.923, 3.923, 3.923, +[ 0.49671415 -0.1382643   0.64768854  1.52302986], +[ 0.49671415 -0.1382643   0.64768854  1.52302986], 3.923, 3.923, +[ 0.49671415 -0.1382643   0.64768854  1.52302986], +[ 0.49671415 -0.1382643   0.64768854  1.52302986], 3.923, 3.923, 3.923, +[ 0.49671415 -0.1382643   0.64768854  1.52302986], +[ 0.49671415 -0.1382643   0.64768854  1.52302986], 3.923, 3.923, +[ 0.49671415 -0.1382643   0.64768854  1.52302986], +[ 0.49671415 -0.1382643   0.64768854  1.52302986], 3.923, 3.923, +[ 0.49671415 -0.1382643   0.64768854  1.52302986], +[ 0.49671415 -0.1382643   0.64768854  1.52302986], 3.923, 3.923, 3.923]
Training
	MSE:24438.636
	Rsquared:-2.962
Test:
	MSE:23907.925
	Rsquared:-3.2
20.23341965675354