generations_elite-fitness_number-of-evaluations_time
0_28051.395_64_0.01808309555053711
1_27910.304_128_0.056208133697509766
2_27884.847_192_0.09776687622070312
3_27273.883_256_0.13981246948242188
4_27273.883_320_0.1830453872680664
5_26882.82_384_0.23057103157043457
6_26585.39_448_0.2715163230895996
7_26585.39_512_0.318082332611084
8_26393.896_576_0.37957310676574707
9_25988.836_640_0.45984745025634766
10_25855.028_704_0.5741746425628662
11_25453.875_768_0.734041690826416
12_25210.162_832_1.0986607074737549
13_24731.407_896_1.417626142501831
14_24170.284_960_1.8433351516723633
15_24170.284_1021_2.544276714324951
16_24170.284_1078_3.297280788421631
17_24146.767_1133_4.296175718307495
18_24140.77_1177_5.47858452796936
19_24065.948_1221_6.650104761123657
20_23895.647_1267_7.641569375991821
21_23895.647_1318_8.709107875823975
22_23895.647_1366_9.85352349281311
23_23892.886_1409_11.047286033630371
Function found (91nodes ):
	[+[ 0.49671415 -0.1382643   0.64768854  1.52302986], +[ 0.49671415 -0.1382643   0.64768854  1.52302986], +[ 0.49671415 -0.1382643   0.64768854  1.52302986], +[ 0.49671415 -0.1382643   0.64768854  1.52302986], 4.868, +[ 0.49671415 -0.1382643   0.64768854  1.52302986], +[ 0.49671415 -0.1382643   0.64768854  1.52302986], 4.868, +[ 0.49671415 -0.1382643   0.64768854  1.52302986], 4.868, 4.868, 4.868, +[ 0.49671415 -0.1382643   0.64768854  1.52302986], +[ 0.49671415 -0.1382643   0.64768854  1.52302986], 4.868, 4.868, +[ 0.49671415 -0.1382643   0.64768854  1.52302986], +[ 0.49671415 -0.1382643   0.64768854  1.52302986], 4.868, 4.868, +[ 0.49671415 -0.1382643   0.64768854  1.52302986], 4.868, 4.868, +[ 0.49671415 -0.1382643   0.64768854  1.52302986], +[ 0.49671415 -0.1382643   0.64768854  1.52302986], 4.868, +[ 0.49671415 -0.1382643   0.64768854  1.52302986], 4.868, 4.868, +[ 0.49671415 -0.1382643   0.64768854  1.52302986], +[ 0.49671415 -0.1382643   0.64768854  1.52302986], 4.868, 4.868, +[ 0.49671415 -0.1382643   0.64768854  1.52302986], 4.868, +[ 0.49671415 -0.1382643   0.64768854  1.52302986], +[ 0.49671415 -0.1382643   0.64768854  1.52302986], 4.868, +[ 0.49671415 -0.1382643   0.64768854  1.52302986], 4.868, 4.868, +[ 0.49671415 -0.1382643   0.64768854  1.52302986], 4.868, 4.868, +[ 0.49671415 -0.1382643   0.64768854  1.52302986], +[ 0.49671415 -0.1382643   0.64768854  1.52302986], 4.868, +[ 0.49671415 -0.1382643   0.64768854  1.52302986], +[ 0.49671415 -0.1382643   0.64768854  1.52302986], 4.868, +[ 0.49671415 -0.1382643   0.64768854  1.52302986], +[ 0.49671415 -0.1382643   0.64768854  1.52302986], 4.868, +[ 0.49671415 -0.1382643   0.64768854  1.52302986], +[ 0.49671415 -0.1382643   0.64768854  1.52302986], 4.868, +[ 0.49671415 -0.1382643   0.64768854  1.52302986], 4.868, 4.868, 4.868, 4.868, +[ 0.49671415 -0.1382643   0.64768854  1.52302986], +[ 0.49671415 -0.1382643   0.64768854  1.52302986], 4.868, 4.868, +[ 0.49671415 -0.1382643   0.64768854  1.52302986], +[ 0.49671415 -0.1382643   0.64768854  1.52302986], 4.868, 4.868, +[ 0.49671415 -0.1382643   0.64768854  1.52302986], 4.868, 4.868, +[ 0.49671415 -0.1382643   0.64768854  1.52302986], +[ 0.49671415 -0.1382643   0.64768854  1.52302986], +[ 0.49671415 -0.1382643   0.64768854  1.52302986], 4.868, +[ 0.49671415 -0.1382643   0.64768854  1.52302986], 4.868, 4.868, +[ 0.49671415 -0.1382643   0.64768854  1.52302986], 4.868, +[ 0.49671415 -0.1382643   0.64768854  1.52302986], 4.868, +[ 0.49671415 -0.1382643   0.64768854  1.52302986], /[ 0.24196227 -1.91328024 -1.72491783 -0.56228753], -3.271, 4.868, 4.868, +[ 0.49671415 -0.1382643   0.64768854  1.52302986], 4.868, 4.868]
Training
	MSE:23892.886
	Rsquared:-2.874
Test:
	MSE:23363.003
	Rsquared:-3.105
11.04744267463684