generations_elite-fitness_number-of-evaluations_time
0_28231.193_64_0.031931161880493164
1_28231.193_128_0.11772894859313965
2_27911.971_192_0.2524869441986084
3_27911.971_256_0.3744778633117676
4_27546.81_320_0.4606757164001465
5_27304.485_384_0.5247495174407959
6_27070.808_448_0.5855886936187744
7_27070.808_512_0.6602706909179688
8_26765.454_576_0.7368547916412354
9_26568.917_640_0.8142149448394775
10_26400.615_704_0.9043469429016113
11_26092.544_768_1.0192816257476807
12_25979.367_832_1.1721856594085693
13_25434.671_896_1.3727972507476807
14_25084.262_960_1.7664387226104736
15_25084.262_1024_2.1032989025115967
16_25067.011_1088_2.5306456089019775
17_25002.488_1152_3.115915060043335
18_24626.048_1213_3.6646337509155273
19_24435.212_1272_4.335299730300903
20_24435.212_1326_5.193877458572388
21_24287.851_1384_6.105625867843628
22_24265.312_1438_7.018881559371948
23_24210.533_1486_8.044482231140137
24_24210.533_1537_9.119093418121338
25_24210.533_1591_10.244892597198486
26_24210.533_1639_11.348572969436646
27_24181.599_1686_12.359354734420776
28_24181.599_1729_13.505833625793457
29_24181.599_1780_14.608147382736206
30_24181.599_1826_15.810442686080933
31_24181.599_1870_16.953061819076538
32_24171.984_1922_17.957788228988647
33_24171.984_1964_19.136427402496338
34_24170.615_2009_20.29467797279358
Function found (99nodes ):
	[+[ 0.49671415 -0.1382643   0.64768854  1.52302986], +[ 0.49671415 -0.1382643   0.64768854  1.52302986], 4.776, +[ 0.49671415 -0.1382643   0.64768854  1.52302986], +[ 0.49671415 -0.1382643   0.64768854  1.52302986], 4.776, +[ 0.49671415 -0.1382643   0.64768854  1.52302986], 4.776, +[ 0.49671415 -0.1382643   0.64768854  1.52302986], 4.776, +[ 0.49671415 -0.1382643   0.64768854  1.52302986], +[ 0.49671415 -0.1382643   0.64768854  1.52302986], 4.776, 4.776, +[ 0.49671415 -0.1382643   0.64768854  1.52302986], 4.776, 4.776, +[ 0.49671415 -0.1382643   0.64768854  1.52302986], +[ 0.49671415 -0.1382643   0.64768854  1.52302986], 4.776, +[ 0.49671415 -0.1382643   0.64768854  1.52302986], 4.776, +[ 0.49671415 -0.1382643   0.64768854  1.52302986], 4.776, 4.776, +[ 0.49671415 -0.1382643   0.64768854  1.52302986], 4.776, +[ 0.49671415 -0.1382643   0.64768854  1.52302986], 4.776, +[ 0.49671415 -0.1382643   0.64768854  1.52302986], +[ 0.49671415 -0.1382643   0.64768854  1.52302986], 4.776, +[ 0.49671415 -0.1382643   0.64768854  1.52302986], +[ 0.49671415 -0.1382643   0.64768854  1.52302986], 4.776, 4.776, +[ 0.49671415 -0.1382643   0.64768854  1.52302986], 4.776, +[ 0.49671415 -0.1382643   0.64768854  1.52302986], 4.776, +[ 0.49671415 -0.1382643   0.64768854  1.52302986], +[ 0.49671415 -0.1382643   0.64768854  1.52302986], 4.776, 4.776, 4.776, +[ 0.49671415 -0.1382643   0.64768854  1.52302986], 4.776, +[ 0.49671415 -0.1382643   0.64768854  1.52302986], 4.776, 4.776, +[ 0.49671415 -0.1382643   0.64768854  1.52302986], +[ 0.49671415 -0.1382643   0.64768854  1.52302986], +[ 0.49671415 -0.1382643   0.64768854  1.52302986], 4.776, +[ 0.49671415 -0.1382643   0.64768854  1.52302986], 4.776, +[ 0.49671415 -0.1382643   0.64768854  1.52302986], 4.776, /[ 0.24196227 -1.91328024 -1.72491783 -0.56228753], x5, x6, +[ 0.49671415 -0.1382643   0.64768854  1.52302986], 4.776, +[ 0.49671415 -0.1382643   0.64768854  1.52302986], 4.776, +[ 0.49671415 -0.1382643   0.64768854  1.52302986], 4.776, 4.776, +[ 0.49671415 -0.1382643   0.64768854  1.52302986], 4.776, +[ 0.49671415 -0.1382643   0.64768854  1.52302986], +[ 0.49671415 -0.1382643   0.64768854  1.52302986], 4.776, +[ 0.49671415 -0.1382643   0.64768854  1.52302986], 4.776, +[ 0.49671415 -0.1382643   0.64768854  1.52302986], 4.776, +[ 0.49671415 -0.1382643   0.64768854  1.52302986], 4.776, +[ 0.49671415 -0.1382643   0.64768854  1.52302986], 4.776, 4.776, +[ 0.49671415 -0.1382643   0.64768854  1.52302986], +[ 0.49671415 -0.1382643   0.64768854  1.52302986], 4.776, +[ 0.49671415 -0.1382643   0.64768854  1.52302986], 4.776, +[ 0.49671415 -0.1382643   0.64768854  1.52302986], 4.776, +[ 0.49671415 -0.1382643   0.64768854  1.52302986], 4.776, +[ 0.49671415 -0.1382643   0.64768854  1.52302986], 4.776, 4.776, +[ 0.49671415 -0.1382643   0.64768854  1.52302986], 4.776, +[ 0.49671415 -0.1382643   0.64768854  1.52302986], 4.776, 4.776]
Training
	MSE:24170.615
	Rsquared:-2.919
Test:
	MSE:23640.07
	Rsquared:-3.153
20.294795036315918