generations_elite-fitness_number-of-evaluations_time
0_27857.74_64_0.02234792709350586
1_27857.74_128_0.08441925048828125
2_27857.74_192_0.15851497650146484
3_27243.302_256_0.22139406204223633
4_27243.302_320_0.26888275146484375
5_27243.302_384_0.29392170906066895
6_26850.049_448_0.3286254405975342
7_26650.783_512_0.37343692779541016
8_26403.225_576_0.433765172958374
9_26029.659_640_0.5197353363037109
10_25826.248_704_0.7562222480773926
11_25427.286_768_0.9221057891845703
12_25158.571_832_1.147083044052124
13_24708.249_896_1.4404654502868652
14_24626.09_960_1.8204045295715332
15_24127.138_1024_2.391510248184204
16_24114.996_1086_2.993408441543579
17_24114.996_1141_3.8443946838378906
18_24041.682_1193_4.688690900802612
19_24025.628_1243_5.707666635513306
20_23919.383_1286_6.8230180740356445
21_23832.884_1335_7.959693670272827
22_23813.813_1382_8.944691181182861
23_23813.813_1420_10.099154233932495
24_23691.819_1468_11.266549587249756
25_23691.819_1511_12.438729524612427
26_23667.425_1559_13.690549612045288
27_23636.583_1600_14.774682521820068
28_23636.583_1639_16.01233458518982
29_23636.583_1683_17.25692057609558
30_23625.405_1722_18.54204535484314
31_23625.405_1760_19.81817317008972
32_23625.405_1798_21.096617698669434
Function found (97nodes ):
	[+[ 0.49671415 -0.1382643   0.64768854  1.52302986], +[ 0.49671415 -0.1382643   0.64768854  1.52302986], +[ 0.49671415 -0.1382643   0.64768854  1.52302986], +[ 0.49671415 -0.1382643   0.64768854  1.52302986], +[ 0.49671415 -0.1382643   0.64768854  1.52302986], +[ 0.49671415 -0.1382643   0.64768854  1.52302986], +[ 0.49671415 -0.1382643   0.64768854  1.52302986], 4.96, 4.96, +[ 0.49671415 -0.1382643   0.64768854  1.52302986], 4.96, 4.96, +[ 0.49671415 -0.1382643   0.64768854  1.52302986], 4.96, 4.96, 4.96, +[ 0.49671415 -0.1382643   0.64768854  1.52302986], +[ 0.49671415 -0.1382643   0.64768854  1.52302986], +[ 0.49671415 -0.1382643   0.64768854  1.52302986], 4.96, 4.96, +[ 0.49671415 -0.1382643   0.64768854  1.52302986], 4.96, +[ 0.49671415 -0.1382643   0.64768854  1.52302986], 4.96, 4.96, 4.96, +[ 0.49671415 -0.1382643   0.64768854  1.52302986], +[ 0.49671415 -0.1382643   0.64768854  1.52302986], 4.96, 4.96, +[ 0.49671415 -0.1382643   0.64768854  1.52302986], 4.96, +[ 0.49671415 -0.1382643   0.64768854  1.52302986], +[ 0.49671415 -0.1382643   0.64768854  1.52302986], 4.96, 4.96, 4.96, +[ 0.49671415 -0.1382643   0.64768854  1.52302986], +[ 0.49671415 -0.1382643   0.64768854  1.52302986], +[ 0.49671415 -0.1382643   0.64768854  1.52302986], +[ 0.49671415 -0.1382643   0.64768854  1.52302986], 4.96, 4.96, +[ 0.49671415 -0.1382643   0.64768854  1.52302986], 4.96, +[ 0.49671415 -0.1382643   0.64768854  1.52302986], +[ 0.49671415 -0.1382643   0.64768854  1.52302986], 4.96, 4.96, 4.96, +[ 0.49671415 -0.1382643   0.64768854  1.52302986], +[ 0.49671415 -0.1382643   0.64768854  1.52302986], +[ 0.49671415 -0.1382643   0.64768854  1.52302986], 4.96, 4.96, +[ 0.49671415 -0.1382643   0.64768854  1.52302986], 4.96, 4.96, +[ 0.49671415 -0.1382643   0.64768854  1.52302986], 4.96, 4.96, +[ 0.49671415 -0.1382643   0.64768854  1.52302986], +[ 0.49671415 -0.1382643   0.64768854  1.52302986], +[ 0.49671415 -0.1382643   0.64768854  1.52302986], 4.96, 4.96, +[ 0.49671415 -0.1382643   0.64768854  1.52302986], 4.96, 4.96, +[ 0.49671415 -0.1382643   0.64768854  1.52302986], +[ 0.49671415 -0.1382643   0.64768854  1.52302986], +[ 0.49671415 -0.1382643   0.64768854  1.52302986], 4.96, 4.96, +[ 0.49671415 -0.1382643   0.64768854  1.52302986], +[ 0.49671415 -0.1382643   0.64768854  1.52302986], +[ 0.49671415 -0.1382643   0.64768854  1.52302986], 4.96, 4.96, +[ 0.49671415 -0.1382643   0.64768854  1.52302986], 4.96, 4.96, 4.96, +[ 0.49671415 -0.1382643   0.64768854  1.52302986], 4.96, +[ 0.49671415 -0.1382643   0.64768854  1.52302986], +[ 0.49671415 -0.1382643   0.64768854  1.52302986], 4.96, +[ 0.49671415 -0.1382643   0.64768854  1.52302986], +[ 0.49671415 -0.1382643   0.64768854  1.52302986], 4.96, 4.96, +[ 0.49671415 -0.1382643   0.64768854  1.52302986], 4.96, 4.96, 4.96]
Training
	MSE:23625.405
	Rsquared:-2.83
Test:
	MSE:23095.933
	Rsquared:-3.058
21.09674096107483