generations_elite-fitness_number-of-evaluations_time
0_28177.911_64_0.026458740234375
1_28177.911_128_0.08602714538574219
2_28177.911_192_0.14207196235656738
3_27882.494_256_0.16949152946472168
4_27882.494_320_0.1954643726348877
5_27528.783_384_0.23559236526489258
6_27505.82_448_0.29518556594848633
7_27046.847_512_0.3639872074127197
8_27046.847_576_0.45147132873535156
9_26476.544_640_1.1302475929260254
10_26470.373_704_1.254633903503418
11_26324.769_768_1.4829471111297607
12_26154.923_832_1.8110284805297852
13_26078.743_896_2.211282968521118
14_25814.434_960_2.794712543487549
15_25814.434_1022_3.280341625213623
16_25762.187_1085_3.7216145992279053
17_25283.186_1149_4.2846174240112305
18_25283.186_1213_4.785535097122192
19_25283.186_1270_5.503708362579346
20_25257.712_1331_6.175609588623047
21_25218.854_1392_6.985228776931763
22_25218.854_1452_7.6865622997283936
23_25218.591_1509_8.577977180480957
24_25173.708_1569_9.496480941772461
25_25173.708_1621_10.294137239456177
26_25173.708_1678_11.160781383514404
27_25160.472_1736_12.10745620727539
28_25160.472_1789_12.921671628952026
29_25160.472_1847_13.8053879737854
30_25160.472_1907_14.768959999084473
31_25160.472_1966_15.529152631759644
Function found (99nodes ):
	[+[ 0.49671415 -0.1382643   0.64768854  1.52302986], +[ 0.49671415 -0.1382643   0.64768854  1.52302986], +[ 0.49671415 -0.1382643   0.64768854  1.52302986], +[ 0.49671415 -0.1382643   0.64768854  1.52302986], +[ 0.49671415 -0.1382643   0.64768854  1.52302986], +[ 0.49671415 -0.1382643   0.64768854  1.52302986], +[ 0.49671415 -0.1382643   0.64768854  1.52302986], +[ 0.49671415 -0.1382643   0.64768854  1.52302986], 2.894, 2.894, 2.894, 2.894, 2.894, 2.894, +[ 0.49671415 -0.1382643   0.64768854  1.52302986], +[ 0.49671415 -0.1382643   0.64768854  1.52302986], +[ 0.49671415 -0.1382643   0.64768854  1.52302986], x6, 2.894, 2.894, 2.894, +[ 0.49671415 -0.1382643   0.64768854  1.52302986], +[ 0.49671415 -0.1382643   0.64768854  1.52302986], +[ 0.49671415 -0.1382643   0.64768854  1.52302986], x6, 2.894, +[ 0.49671415 -0.1382643   0.64768854  1.52302986], +[ 0.49671415 -0.1382643   0.64768854  1.52302986], x6, 2.894, +[ 0.49671415 -0.1382643   0.64768854  1.52302986], +[ 0.49671415 -0.1382643   0.64768854  1.52302986], 2.894, 2.894, 2.894, +[ 0.49671415 -0.1382643   0.64768854  1.52302986], +[ 0.49671415 -0.1382643   0.64768854  1.52302986], +[ 0.49671415 -0.1382643   0.64768854  1.52302986], +[ 0.49671415 -0.1382643   0.64768854  1.52302986], +[ 0.49671415 -0.1382643   0.64768854  1.52302986], +[ 0.49671415 -0.1382643   0.64768854  1.52302986], 2.894, 2.894, 2.894, 2.894, 2.894, +[ 0.49671415 -0.1382643   0.64768854  1.52302986], +[ 0.49671415 -0.1382643   0.64768854  1.52302986], +[ 0.49671415 -0.1382643   0.64768854  1.52302986], +[ 0.49671415 -0.1382643   0.64768854  1.52302986], +[ 0.49671415 -0.1382643   0.64768854  1.52302986], 2.894, 2.894, 2.894, 2.894, 2.894, 2.894, +[ 0.49671415 -0.1382643   0.64768854  1.52302986], +[ 0.49671415 -0.1382643   0.64768854  1.52302986], +[ 0.49671415 -0.1382643   0.64768854  1.52302986], x6, 2.894, 2.894, 2.894, +[ 0.49671415 -0.1382643   0.64768854  1.52302986], +[ 0.49671415 -0.1382643   0.64768854  1.52302986], +[ 0.49671415 -0.1382643   0.64768854  1.52302986], x6, 2.894, +[ 0.49671415 -0.1382643   0.64768854  1.52302986], +[ 0.49671415 -0.1382643   0.64768854  1.52302986], x6, 2.894, +[ 0.49671415 -0.1382643   0.64768854  1.52302986], +[ 0.49671415 -0.1382643   0.64768854  1.52302986], x6, 2.894, 2.894, +[ 0.49671415 -0.1382643   0.64768854  1.52302986], +[ 0.49671415 -0.1382643   0.64768854  1.52302986], +[ 0.49671415 -0.1382643   0.64768854  1.52302986], +[ 0.49671415 -0.1382643   0.64768854  1.52302986], +[ 0.49671415 -0.1382643   0.64768854  1.52302986], 2.894, 2.894, 2.894, 2.894, 2.894, +[ 0.49671415 -0.1382643   0.64768854  1.52302986], +[ 0.49671415 -0.1382643   0.64768854  1.52302986], +[ 0.49671415 -0.1382643   0.64768854  1.52302986], +[ 0.49671415 -0.1382643   0.64768854  1.52302986], +[ 0.49671415 -0.1382643   0.64768854  1.52302986], 2.894, 2.894, 2.894, 2.894, 2.894, 2.894]
Training
	MSE:25160.472
	Rsquared:-3.079
Test:
	MSE:24628.891
	Rsquared:-3.327
15.52927303314209