generations_elite-fitness_number-of-evaluations_time
0_28186.846_64_0.026590347290039062
1_28186.846_128_0.0790398120880127
2_28134.055_192_0.14127850532531738
3_27863.926_256_0.18568873405456543
4_27456.163_320_0.22186660766601562
5_26857.527_384_0.2570455074310303
6_26857.527_448_0.29382944107055664
7_26605.115_512_0.34391164779663086
8_26366.518_576_0.40676164627075195
9_26168.641_640_0.49201250076293945
10_25714.949_704_0.606142520904541
11_25437.967_768_0.7717304229736328
12_24569.65_832_1.1678636074066162
13_24569.65_896_1.4727756977081299
14_24410.108_960_1.895160436630249
15_24000.694_1018_2.588299036026001
16_24000.694_1079_3.264249086380005
17_23964.855_1137_4.13231635093689
18_23932.091_1199_4.8757407665252686
19_23932.091_1259_5.7200376987457275
20_23887.729_1320_6.486273527145386
21_23718.576_1379_7.482141733169556
22_23718.576_1429_8.469617128372192
23_23711.695_1485_9.332096576690674
24_23711.695_1540_10.298347473144531
Function found (95nodes ):
	[+[ 0.49671415 -0.1382643   0.64768854  1.52302986], +[ 0.49671415 -0.1382643   0.64768854  1.52302986], +[ 0.49671415 -0.1382643   0.64768854  1.52302986], +[ 0.49671415 -0.1382643   0.64768854  1.52302986], 4.939, 4.939, +[ 0.49671415 -0.1382643   0.64768854  1.52302986], 4.939, +[ 0.49671415 -0.1382643   0.64768854  1.52302986], 4.939, +[ 0.49671415 -0.1382643   0.64768854  1.52302986], +[ 0.49671415 -0.1382643   0.64768854  1.52302986], 4.939, 4.939, 4.939, +[ 0.49671415 -0.1382643   0.64768854  1.52302986], 4.939, +[ 0.49671415 -0.1382643   0.64768854  1.52302986], 4.939, +[ 0.49671415 -0.1382643   0.64768854  1.52302986], 4.939, 4.939, +[ 0.49671415 -0.1382643   0.64768854  1.52302986], +[ 0.49671415 -0.1382643   0.64768854  1.52302986], +[ 0.49671415 -0.1382643   0.64768854  1.52302986], 4.939, +[ 0.49671415 -0.1382643   0.64768854  1.52302986], 4.939, +[ 0.49671415 -0.1382643   0.64768854  1.52302986], 4.939, +[ 0.49671415 -0.1382643   0.64768854  1.52302986], +[ 0.49671415 -0.1382643   0.64768854  1.52302986], 4.939, 4.939, 4.939, +[ 0.49671415 -0.1382643   0.64768854  1.52302986], 4.939, +[ 0.49671415 -0.1382643   0.64768854  1.52302986], 4.939, +[ 0.49671415 -0.1382643   0.64768854  1.52302986], 4.939, +[ 0.49671415 -0.1382643   0.64768854  1.52302986], 4.939, 4.939, +[ 0.49671415 -0.1382643   0.64768854  1.52302986], +[ 0.49671415 -0.1382643   0.64768854  1.52302986], +[ 0.49671415 -0.1382643   0.64768854  1.52302986], 4.939, +[ 0.49671415 -0.1382643   0.64768854  1.52302986], 4.939, +[ 0.49671415 -0.1382643   0.64768854  1.52302986], 4.939, +[ 0.49671415 -0.1382643   0.64768854  1.52302986], +[ 0.49671415 -0.1382643   0.64768854  1.52302986], 4.939, 4.939, 4.939, +[ 0.49671415 -0.1382643   0.64768854  1.52302986], 4.939, +[ 0.49671415 -0.1382643   0.64768854  1.52302986], 4.939, +[ 0.49671415 -0.1382643   0.64768854  1.52302986], 4.939, 4.939, +[ 0.49671415 -0.1382643   0.64768854  1.52302986], +[ 0.49671415 -0.1382643   0.64768854  1.52302986], 4.939, +[ 0.49671415 -0.1382643   0.64768854  1.52302986], 4.939, +[ 0.49671415 -0.1382643   0.64768854  1.52302986], 4.939, +[ 0.49671415 -0.1382643   0.64768854  1.52302986], 4.939, +[ 0.49671415 -0.1382643   0.64768854  1.52302986], 4.939, 4.939, +[ 0.49671415 -0.1382643   0.64768854  1.52302986], 4.939, +[ 0.49671415 -0.1382643   0.64768854  1.52302986], +[ 0.49671415 -0.1382643   0.64768854  1.52302986], 4.939, +[ 0.49671415 -0.1382643   0.64768854  1.52302986], 4.939, +[ 0.49671415 -0.1382643   0.64768854  1.52302986], 4.939, +[ 0.49671415 -0.1382643   0.64768854  1.52302986], 4.939, +[ 0.49671415 -0.1382643   0.64768854  1.52302986], 4.939, 4.939, +[ 0.49671415 -0.1382643   0.64768854  1.52302986], 4.939, +[ 0.49671415 -0.1382643   0.64768854  1.52302986], 4.939, 4.939]
Training
	MSE:23711.695
	Rsquared:-2.844
Test:
	MSE:23182.09
	Rsquared:-3.073
10.29848027229309