generations_elite-fitness_number-of-evaluations_time
0_28077.143_64_0.01307368278503418
1_28077.143_128_0.05581927299499512
2_27858.034_192_0.10233187675476074
3_27763.332_256_0.14745354652404785
4_27383.404_320_0.18760943412780762
5_27183.149_384_0.22790026664733887
6_26950.455_448_0.28529906272888184
7_26432.284_512_0.3643307685852051
8_26204.164_576_0.4753601551055908
9_25819.151_640_0.6397750377655029
10_25481.733_704_1.05977201461792
11_24672.002_768_1.4157750606536865
12_24551.18_831_1.921250581741333
13_24354.062_890_2.713852643966675
14_24354.062_944_3.6901538372039795
15_24283.427_997_4.618481874465942
16_24180.54_1046_5.690827369689941
Function found (93nodes ):
	[+[ 0.49671415 -0.1382643   0.64768854  1.52302986], +[ 0.49671415 -0.1382643   0.64768854  1.52302986], +[ 0.49671415 -0.1382643   0.64768854  1.52302986], +[ 0.49671415 -0.1382643   0.64768854  1.52302986], +[ 0.49671415 -0.1382643   0.64768854  1.52302986], 2.345, 4.217, +[ 0.49671415 -0.1382643   0.64768854  1.52302986], +[ 0.49671415 -0.1382643   0.64768854  1.52302986], 4.959, +[ 0.49671415 -0.1382643   0.64768854  1.52302986], 4.959, 4.959, 4.217, +[ 0.49671415 -0.1382643   0.64768854  1.52302986], 4.959, +[ 0.49671415 -0.1382643   0.64768854  1.52302986], 2.345, 4.217, +[ 0.49671415 -0.1382643   0.64768854  1.52302986], +[ 0.49671415 -0.1382643   0.64768854  1.52302986], 4.959, +[ 0.49671415 -0.1382643   0.64768854  1.52302986], +[ 0.49671415 -0.1382643   0.64768854  1.52302986], 4.959, 4.217, +[ 0.49671415 -0.1382643   0.64768854  1.52302986], 2.345, 4.217, +[ 0.49671415 -0.1382643   0.64768854  1.52302986], +[ 0.49671415 -0.1382643   0.64768854  1.52302986], 4.959, 4.217, +[ 0.49671415 -0.1382643   0.64768854  1.52302986], 4.959, +[ 0.49671415 -0.1382643   0.64768854  1.52302986], +[ 0.49671415 -0.1382643   0.64768854  1.52302986], 4.959, 4.217, +[ 0.49671415 -0.1382643   0.64768854  1.52302986], +[ 0.49671415 -0.1382643   0.64768854  1.52302986], 4.959, 4.959, 4.217, +[ 0.49671415 -0.1382643   0.64768854  1.52302986], +[ 0.49671415 -0.1382643   0.64768854  1.52302986], 4.959, +[ 0.49671415 -0.1382643   0.64768854  1.52302986], +[ 0.49671415 -0.1382643   0.64768854  1.52302986], 4.959, 4.217, +[ 0.49671415 -0.1382643   0.64768854  1.52302986], 2.345, 4.217, +[ 0.49671415 -0.1382643   0.64768854  1.52302986], +[ 0.49671415 -0.1382643   0.64768854  1.52302986], 4.959, +[ 0.49671415 -0.1382643   0.64768854  1.52302986], 4.959, +[ 0.49671415 -0.1382643   0.64768854  1.52302986], +[ 0.49671415 -0.1382643   0.64768854  1.52302986], +[ 0.49671415 -0.1382643   0.64768854  1.52302986], 4.959, +[ 0.49671415 -0.1382643   0.64768854  1.52302986], +[ 0.49671415 -0.1382643   0.64768854  1.52302986], 4.959, 4.217, +[ 0.49671415 -0.1382643   0.64768854  1.52302986], +[ 0.49671415 -0.1382643   0.64768854  1.52302986], 4.959, 4.959, 4.217, +[ 0.49671415 -0.1382643   0.64768854  1.52302986], 4.959, +[ 0.49671415 -0.1382643   0.64768854  1.52302986], 2.345, +[ 0.49671415 -0.1382643   0.64768854  1.52302986], +[ 0.49671415 -0.1382643   0.64768854  1.52302986], 4.959, +[ 0.49671415 -0.1382643   0.64768854  1.52302986], 4.959, 4.959, 4.217, 4.217, +[ 0.49671415 -0.1382643   0.64768854  1.52302986], 4.959, +[ 0.49671415 -0.1382643   0.64768854  1.52302986], +[ 0.49671415 -0.1382643   0.64768854  1.52302986], 4.959, 4.217, +[ 0.49671415 -0.1382643   0.64768854  1.52302986], 2.345, 4.217]
Training
	MSE:24180.54
	Rsquared:-2.92
Test:
	MSE:23650.219
	Rsquared:-3.155
5.690962553024292