generations_elite-fitness_number-of-evaluations_time
0_28068.363_128_0.030577421188354492
1_28068.363_256_0.08882403373718262
2_28068.363_384_0.15394806861877441
3_27733.353_512_0.2319626808166504
4_27733.353_640_0.3176453113555908
5_27359.378_768_0.407869815826416
6_27359.378_896_0.5065224170684814
7_27359.378_1024_0.6196975708007812
8_27359.378_1152_0.7298071384429932
9_27359.378_1280_0.8468930721282959
10_27359.378_1408_0.970597505569458
11_27305.834_1536_1.095750331878662
12_27168.715_1664_1.2218894958496094
13_26974.449_1792_1.5058045387268066
14_26886.288_1920_1.6386795043945312
15_26727.018_2048_1.7783715724945068
16_26727.018_2176_1.9284229278564453
17_26727.018_2304_2.0946483612060547
18_26508.273_2432_2.2735848426818848
19_26421.106_2560_2.4757301807403564
20_26421.106_2688_2.6969921588897705
21_26073.997_2816_3.0563528537750244
22_26073.997_2944_3.3293943405151367
23_25910.425_3072_3.646036386489868
24_25794.765_3200_3.985011339187622
25_25786.779_3328_4.491783618927002
26_25709.926_3456_4.9622650146484375
27_25601.957_3584_5.493081331253052
28_25485.198_3712_6.271421909332275
29_25367.015_3839_7.16481614112854
30_25367.015_3966_7.982667922973633
31_25091.263_4094_8.997962951660156
32_25091.263_4221_10.097527265548706
Function found (93nodes ):
	[+[ 0.49671415 -0.1382643   0.64768854  1.52302986], +[ 0.49671415 -0.1382643   0.64768854  1.52302986], +[ 0.49671415 -0.1382643   0.64768854  1.52302986], 3.143, +[ 0.49671415 -0.1382643   0.64768854  1.52302986], +[ 0.49671415 -0.1382643   0.64768854  1.52302986], 3.143, 2.571, +[ 0.49671415 -0.1382643   0.64768854  1.52302986], 3.143, 2.571, +[ 0.49671415 -0.1382643   0.64768854  1.52302986], 3.143, +[ 0.49671415 -0.1382643   0.64768854  1.52302986], 3.143, 2.571, +[ 0.49671415 -0.1382643   0.64768854  1.52302986], +[ 0.49671415 -0.1382643   0.64768854  1.52302986], +[ 0.49671415 -0.1382643   0.64768854  1.52302986], +[ 0.49671415 -0.1382643   0.64768854  1.52302986], 3.143, +[ 0.49671415 -0.1382643   0.64768854  1.52302986], +[ 0.49671415 -0.1382643   0.64768854  1.52302986], 3.143, 2.571, +[ 0.49671415 -0.1382643   0.64768854  1.52302986], 3.143, +[ 0.49671415 -0.1382643   0.64768854  1.52302986], 3.143, 2.571, +[ 0.49671415 -0.1382643   0.64768854  1.52302986], 3.143, +[ 0.49671415 -0.1382643   0.64768854  1.52302986], 3.143, 2.571, +[ 0.49671415 -0.1382643   0.64768854  1.52302986], +[ 0.49671415 -0.1382643   0.64768854  1.52302986], +[ 0.49671415 -0.1382643   0.64768854  1.52302986], +[ 0.49671415 -0.1382643   0.64768854  1.52302986], 3.143, +[ 0.49671415 -0.1382643   0.64768854  1.52302986], +[ 0.49671415 -0.1382643   0.64768854  1.52302986], 3.143, 2.571, +[ 0.49671415 -0.1382643   0.64768854  1.52302986], 3.143, 2.571, +[ 0.49671415 -0.1382643   0.64768854  1.52302986], 3.143, +[ 0.49671415 -0.1382643   0.64768854  1.52302986], 3.143, +[ 0.49671415 -0.1382643   0.64768854  1.52302986], 3.143, +[ 0.49671415 -0.1382643   0.64768854  1.52302986], +[ 0.49671415 -0.1382643   0.64768854  1.52302986], 3.143, 2.571, +[ 0.49671415 -0.1382643   0.64768854  1.52302986], 3.143, 2.571, +[ 0.49671415 -0.1382643   0.64768854  1.52302986], 3.143, +[ 0.49671415 -0.1382643   0.64768854  1.52302986], +[ 0.49671415 -0.1382643   0.64768854  1.52302986], 3.143, 2.571, 2.571, +[ 0.49671415 -0.1382643   0.64768854  1.52302986], +[ 0.49671415 -0.1382643   0.64768854  1.52302986], 3.143, 2.571, 2.571, +[ 0.49671415 -0.1382643   0.64768854  1.52302986], +[ 0.49671415 -0.1382643   0.64768854  1.52302986], 3.143, 2.571, +[ 0.49671415 -0.1382643   0.64768854  1.52302986], +[ 0.49671415 -0.1382643   0.64768854  1.52302986], 3.143, 2.571, +[ 0.49671415 -0.1382643   0.64768854  1.52302986], +[ 0.49671415 -0.1382643   0.64768854  1.52302986], 3.143, 2.571, +[ 0.49671415 -0.1382643   0.64768854  1.52302986], +[ 0.49671415 -0.1382643   0.64768854  1.52302986], 3.143, 2.571, +[ 0.49671415 -0.1382643   0.64768854  1.52302986], +[ 0.49671415 -0.1382643   0.64768854  1.52302986], 3.143, 2.571, 2.571]
Training
	MSE:25091.263
	Rsquared:-3.068
Test:
	MSE:24559.577
	Rsquared:-3.315
10.097815036773682