generations_elite-fitness_number-of-evaluations_time
0_27979.56_64_0.019089221954345703
1_27774.404_128_0.05762624740600586
2_27686.647_192_0.10308027267456055
3_27434.469_256_0.147735595703125
4_27193.445_320_0.1937847137451172
5_27085.101_384_0.24570178985595703
6_26707.609_448_0.3112502098083496
7_26441.916_512_0.3938777446746826
8_25917.411_576_0.5176432132720947
9_25615.124_640_0.694103479385376
10_25212.601_704_0.9287793636322021
11_24904.739_768_1.2575371265411377
12_24603.669_832_1.7944037914276123
13_24501.007_894_2.309859275817871
14_24433.443_957_3.021620988845825
15_24229.252_1016_3.7367429733276367
16_24229.252_1071_4.623842239379883
17_24186.498_1119_5.6731884479522705
Function found (91nodes ):
	[+[ 0.49671415 -0.1382643   0.64768854  1.52302986], +[ 0.49671415 -0.1382643   0.64768854  1.52302986], +[ 0.49671415 -0.1382643   0.64768854  1.52302986], +[ 0.49671415 -0.1382643   0.64768854  1.52302986], +[ 0.49671415 -0.1382643   0.64768854  1.52302986], 4.176, 4.547, +[ 0.49671415 -0.1382643   0.64768854  1.52302986], +[ 0.49671415 -0.1382643   0.64768854  1.52302986], 4.176, 3.216, +[ 0.49671415 -0.1382643   0.64768854  1.52302986], 4.547, +[ 0.49671415 -0.1382643   0.64768854  1.52302986], 4.176, +[ 0.49671415 -0.1382643   0.64768854  1.52302986], 4.176, 4.547, +[ 0.49671415 -0.1382643   0.64768854  1.52302986], +[ 0.49671415 -0.1382643   0.64768854  1.52302986], 4.176, 3.216, +[ 0.49671415 -0.1382643   0.64768854  1.52302986], 4.547, +[ 0.49671415 -0.1382643   0.64768854  1.52302986], 4.176, 3.216, +[ 0.49671415 -0.1382643   0.64768854  1.52302986], +[ 0.49671415 -0.1382643   0.64768854  1.52302986], +[ 0.49671415 -0.1382643   0.64768854  1.52302986], 4.176, +[ 0.49671415 -0.1382643   0.64768854  1.52302986], 4.176, 4.547, +[ 0.49671415 -0.1382643   0.64768854  1.52302986], 4.547, +[ 0.49671415 -0.1382643   0.64768854  1.52302986], 4.176, 3.216, +[ 0.49671415 -0.1382643   0.64768854  1.52302986], 4.547, +[ 0.49671415 -0.1382643   0.64768854  1.52302986], 4.176, 3.216, +[ 0.49671415 -0.1382643   0.64768854  1.52302986], +[ 0.49671415 -0.1382643   0.64768854  1.52302986], 4.176, +[ 0.49671415 -0.1382643   0.64768854  1.52302986], 4.176, +[ 0.49671415 -0.1382643   0.64768854  1.52302986], 4.547, 3.216, +[ 0.49671415 -0.1382643   0.64768854  1.52302986], +[ 0.49671415 -0.1382643   0.64768854  1.52302986], +[ 0.49671415 -0.1382643   0.64768854  1.52302986], +[ 0.49671415 -0.1382643   0.64768854  1.52302986], 4.176, 3.216, +[ 0.49671415 -0.1382643   0.64768854  1.52302986], 4.547, +[ 0.49671415 -0.1382643   0.64768854  1.52302986], 4.176, 3.216, +[ 0.49671415 -0.1382643   0.64768854  1.52302986], +[ 0.49671415 -0.1382643   0.64768854  1.52302986], 4.176, 3.216, +[ 0.49671415 -0.1382643   0.64768854  1.52302986], 4.547, +[ 0.49671415 -0.1382643   0.64768854  1.52302986], 4.176, 3.216, +[ 0.49671415 -0.1382643   0.64768854  1.52302986], +[ 0.49671415 -0.1382643   0.64768854  1.52302986], 4.176, +[ 0.49671415 -0.1382643   0.64768854  1.52302986], 4.176, 4.547, +[ 0.49671415 -0.1382643   0.64768854  1.52302986], +[ 0.49671415 -0.1382643   0.64768854  1.52302986], 4.547, +[ 0.49671415 -0.1382643   0.64768854  1.52302986], +[ 0.49671415 -0.1382643   0.64768854  1.52302986], 4.176, 3.216, +[ 0.49671415 -0.1382643   0.64768854  1.52302986], 4.547, +[ 0.49671415 -0.1382643   0.64768854  1.52302986], 4.176, 4.176, 3.216]
Training
	MSE:24186.498
	Rsquared:-2.921
Test:
	MSE:23656.169
	Rsquared:-3.156
5.6732988357543945