generations_elite-fitness_number-of-evaluations_time
0_27728.408_128_0.02643752098083496
1_27728.408_256_0.09766507148742676
2_27728.408_384_0.16625046730041504
3_27369.957_512_0.22636151313781738
4_27048.493_640_0.30980420112609863
5_26905.805_768_0.41992902755737305
6_26545.132_896_0.5675785541534424
7_26088.648_1024_0.7564980983734131
8_25668.276_1152_1.0343050956726074
9_25552.436_1280_1.6284489631652832
10_25248.203_1408_2.210587978363037
11_24839.419_1535_3.1215529441833496
12_24388.437_1655_4.305793046951294
13_24388.437_1772_5.716754913330078
14_24388.437_1869_7.483520269393921
15_24388.437_1967_9.677488565444946
16_24361.355_2064_11.679543018341064
Function found (97nodes ):
	[+[ 0.49671415 -0.1382643   0.64768854  1.52302986], +[ 0.49671415 -0.1382643   0.64768854  1.52302986], +[ 0.49671415 -0.1382643   0.64768854  1.52302986], +[ 0.49671415 -0.1382643   0.64768854  1.52302986], 4.404, +[ 0.49671415 -0.1382643   0.64768854  1.52302986], 4.404, x7, +[ 0.49671415 -0.1382643   0.64768854  1.52302986], +[ 0.49671415 -0.1382643   0.64768854  1.52302986], 4.404, 4.404, +[ 0.49671415 -0.1382643   0.64768854  1.52302986], +[ 0.49671415 -0.1382643   0.64768854  1.52302986], 4.404, +[ 0.49671415 -0.1382643   0.64768854  1.52302986], 4.404, x7, +[ 0.49671415 -0.1382643   0.64768854  1.52302986], +[ 0.49671415 -0.1382643   0.64768854  1.52302986], 4.404, +[ 0.49671415 -0.1382643   0.64768854  1.52302986], 4.404, x7, x1, +[ 0.49671415 -0.1382643   0.64768854  1.52302986], +[ 0.49671415 -0.1382643   0.64768854  1.52302986], +[ 0.49671415 -0.1382643   0.64768854  1.52302986], 4.404, +[ 0.49671415 -0.1382643   0.64768854  1.52302986], 4.404, +[ 0.49671415 -0.1382643   0.64768854  1.52302986], 4.404, +[ 0.49671415 -0.1382643   0.64768854  1.52302986], 4.404, x7, +[ 0.49671415 -0.1382643   0.64768854  1.52302986], 4.404, +[ 0.49671415 -0.1382643   0.64768854  1.52302986], 4.404, +[ 0.49671415 -0.1382643   0.64768854  1.52302986], 4.404, 4.404, +[ 0.49671415 -0.1382643   0.64768854  1.52302986], +[ 0.49671415 -0.1382643   0.64768854  1.52302986], -[-0.23415337 -0.23413696  1.57921282  0.76743473], x7, -4.055, +[ 0.49671415 -0.1382643   0.64768854  1.52302986], 4.404, 4.404, 4.404, +[ 0.49671415 -0.1382643   0.64768854  1.52302986], +[ 0.49671415 -0.1382643   0.64768854  1.52302986], +[ 0.49671415 -0.1382643   0.64768854  1.52302986], 4.404, +[ 0.49671415 -0.1382643   0.64768854  1.52302986], 4.404, +[ 0.49671415 -0.1382643   0.64768854  1.52302986], 4.404, +[ 0.49671415 -0.1382643   0.64768854  1.52302986], 4.404, +[ 0.49671415 -0.1382643   0.64768854  1.52302986], 4.404, x7, +[ 0.49671415 -0.1382643   0.64768854  1.52302986], 4.404, +[ 0.49671415 -0.1382643   0.64768854  1.52302986], 4.404, +[ 0.49671415 -0.1382643   0.64768854  1.52302986], 4.404, 4.404, +[ 0.49671415 -0.1382643   0.64768854  1.52302986], +[ 0.49671415 -0.1382643   0.64768854  1.52302986], 4.404, +[ 0.49671415 -0.1382643   0.64768854  1.52302986], 4.404, x7, +[ 0.49671415 -0.1382643   0.64768854  1.52302986], +[ 0.49671415 -0.1382643   0.64768854  1.52302986], 4.404, +[ 0.49671415 -0.1382643   0.64768854  1.52302986], 4.404, x7, +[ 0.49671415 -0.1382643   0.64768854  1.52302986], +[ 0.49671415 -0.1382643   0.64768854  1.52302986], 4.404, +[ 0.49671415 -0.1382643   0.64768854  1.52302986], 4.404, x7, +[ 0.49671415 -0.1382643   0.64768854  1.52302986], +[ 0.49671415 -0.1382643   0.64768854  1.52302986], 4.404, +[ 0.49671415 -0.1382643   0.64768854  1.52302986], 4.404, x7, x1]
Training
	MSE:24361.355
	Rsquared:-2.95
Test:
	MSE:23830.73
	Rsquared:-3.187
11.679660320281982