generations_elite-fitness_number-of-evaluations_time
0_28179.015_64_0.015623807907104492
1_28179.015_128_0.052974700927734375
2_27590.77_192_0.10244083404541016
3_27526.335_256_0.15885400772094727
4_27499.213_320_0.21688055992126465
5_26786.788_384_0.275285005569458
6_26786.788_448_0.3409748077392578
7_26352.598_512_0.42474889755249023
8_26352.598_576_0.5234618186950684
9_25912.92_640_0.6569867134094238
10_25652.345_704_0.8384041786193848
11_25652.345_768_1.0893580913543701
12_25282.181_832_1.5527653694152832
13_25282.181_895_1.9558234214782715
14_25217.059_958_2.386305809020996
15_25110.372_1021_2.9868712425231934
16_24807.07_1083_3.564157485961914
17_24792.355_1144_4.320406913757324
18_24692.499_1204_4.990948915481567
19_24557.25_1261_5.752348899841309
20_24453.752_1322_6.447503089904785
21_24443.45_1379_7.320400238037109
22_24443.45_1433_8.14037561416626
23_24443.45_1480_9.126085758209229
24_24443.45_1535_10.085298299789429
25_24354.647_1588_11.18817138671875
26_24323.765_1632_12.313700199127197
27_24320.72_1677_13.300724744796753
28_24320.72_1723_14.391194581985474
29_24311.159_1774_15.46117115020752
30_24311.159_1821_16.599682569503784
31_24246.109_1866_17.587749481201172
32_24246.109_1915_18.70512318611145
33_24233.667_1963_19.832853078842163
34_24233.667_2008_20.98707103729248
Function found (99nodes ):
	[+[ 0.49671415 -0.1382643   0.64768854  1.52302986], +[ 0.49671415 -0.1382643   0.64768854  1.52302986], +[ 0.49671415 -0.1382643   0.64768854  1.52302986], +[ 0.49671415 -0.1382643   0.64768854  1.52302986], 4.65, +[ 0.49671415 -0.1382643   0.64768854  1.52302986], 4.65, +[ 0.49671415 -0.1382643   0.64768854  1.52302986], 4.65, +[ 0.49671415 -0.1382643   0.64768854  1.52302986], 4.65, +[ 0.49671415 -0.1382643   0.64768854  1.52302986], 4.65, +[ 0.49671415 -0.1382643   0.64768854  1.52302986], 4.65, +[ 0.49671415 -0.1382643   0.64768854  1.52302986], 4.65, x4, +[ 0.49671415 -0.1382643   0.64768854  1.52302986], 4.65, +[ 0.49671415 -0.1382643   0.64768854  1.52302986], 4.65, +[ 0.49671415 -0.1382643   0.64768854  1.52302986], 4.65, +[ 0.49671415 -0.1382643   0.64768854  1.52302986], 4.65, +[ 0.49671415 -0.1382643   0.64768854  1.52302986], 4.65, +[ 0.49671415 -0.1382643   0.64768854  1.52302986], 4.65, +[ 0.49671415 -0.1382643   0.64768854  1.52302986], 4.65, x4, +[ 0.49671415 -0.1382643   0.64768854  1.52302986], +[ 0.49671415 -0.1382643   0.64768854  1.52302986], 4.65, +[ 0.49671415 -0.1382643   0.64768854  1.52302986], 4.65, +[ 0.49671415 -0.1382643   0.64768854  1.52302986], 4.65, +[ 0.49671415 -0.1382643   0.64768854  1.52302986], 4.65, +[ 0.49671415 -0.1382643   0.64768854  1.52302986], 4.65, +[ 0.49671415 -0.1382643   0.64768854  1.52302986], 4.65, +[ 0.49671415 -0.1382643   0.64768854  1.52302986], 4.65, x4, +[ 0.49671415 -0.1382643   0.64768854  1.52302986], 4.65, +[ 0.49671415 -0.1382643   0.64768854  1.52302986], 4.65, +[ 0.49671415 -0.1382643   0.64768854  1.52302986], 4.65, +[ 0.49671415 -0.1382643   0.64768854  1.52302986], 4.65, +[ 0.49671415 -0.1382643   0.64768854  1.52302986], 4.65, +[ 0.49671415 -0.1382643   0.64768854  1.52302986], 4.65, +[ 0.49671415 -0.1382643   0.64768854  1.52302986], 4.65, 4.65, +[ 0.49671415 -0.1382643   0.64768854  1.52302986], +[ 0.49671415 -0.1382643   0.64768854  1.52302986], 4.65, +[ 0.49671415 -0.1382643   0.64768854  1.52302986], 4.65, +[ 0.49671415 -0.1382643   0.64768854  1.52302986], 4.65, +[ 0.49671415 -0.1382643   0.64768854  1.52302986], 4.65, +[ 0.49671415 -0.1382643   0.64768854  1.52302986], 4.65, +[ 0.49671415 -0.1382643   0.64768854  1.52302986], 4.65, +[ 0.49671415 -0.1382643   0.64768854  1.52302986], 4.65, x4, +[ 0.49671415 -0.1382643   0.64768854  1.52302986], 4.65, +[ 0.49671415 -0.1382643   0.64768854  1.52302986], 4.65, +[ 0.49671415 -0.1382643   0.64768854  1.52302986], +[ 0.49671415 -0.1382643   0.64768854  1.52302986], 4.65, +[ 0.49671415 -0.1382643   0.64768854  1.52302986], 4.65, x4, +[ 0.49671415 -0.1382643   0.64768854  1.52302986], 4.65, +[ 0.49671415 -0.1382643   0.64768854  1.52302986], 4.65, +[ 0.49671415 -0.1382643   0.64768854  1.52302986], 4.65, +[ 0.49671415 -0.1382643   0.64768854  1.52302986], 4.65, x4]
Training
	MSE:24233.667
	Rsquared:-2.929
Test:
	MSE:23703.25
	Rsquared:-3.164
20.987197160720825