generations_elite-fitness_number-of-evaluations_time
0_28254.835_64_0.015801429748535156
1_28254.835_128_0.05540823936462402
2_28182.363_192_0.09331417083740234
3_27414.006_256_0.137664794921875
4_27414.006_320_0.18410110473632812
5_27031.799_384_0.22885847091674805
6_26970.354_448_0.2743241786956787
7_26750.878_512_0.443941593170166
8_26358.538_576_0.5180299282073975
9_26319.126_640_0.6103165149688721
10_25868.442_704_0.730872631072998
11_25753.544_768_0.8800384998321533
12_25603.379_832_1.0705819129943848
13_25449.782_896_1.307288646697998
14_25224.873_960_1.5861494541168213
15_25222.35_1024_2.046987533569336
16_24981.038_1087_2.541499137878418
17_24935.082_1149_3.1286399364471436
18_24749.807_1204_3.8934526443481445
19_24494.962_1263_4.552104949951172
20_24494.962_1320_5.330419063568115
Function found (91nodes ):
	[+[ 0.49671415 -0.1382643   0.64768854  1.52302986], +[ 0.49671415 -0.1382643   0.64768854  1.52302986], +[ 0.49671415 -0.1382643   0.64768854  1.52302986], 4.389, 4.389, +[ 0.49671415 -0.1382643   0.64768854  1.52302986], 4.492, +[ 0.49671415 -0.1382643   0.64768854  1.52302986], +[ 0.49671415 -0.1382643   0.64768854  1.52302986], +[ 0.49671415 -0.1382643   0.64768854  1.52302986], +[ 0.49671415 -0.1382643   0.64768854  1.52302986], 4.492, 4.492, +[ 0.49671415 -0.1382643   0.64768854  1.52302986], +[ 0.49671415 -0.1382643   0.64768854  1.52302986], +[ 0.49671415 -0.1382643   0.64768854  1.52302986], 4.492, 4.492, 4.389, +[ 0.49671415 -0.1382643   0.64768854  1.52302986], +[ 0.49671415 -0.1382643   0.64768854  1.52302986], 4.492, +[ 0.49671415 -0.1382643   0.64768854  1.52302986], +[ 0.49671415 -0.1382643   0.64768854  1.52302986], 4.389, 4.492, +[ 0.49671415 -0.1382643   0.64768854  1.52302986], 4.492, +[ 0.49671415 -0.1382643   0.64768854  1.52302986], 4.492, 4.492, 4.492, 4.492, +[ 0.49671415 -0.1382643   0.64768854  1.52302986], 4.492, +[ 0.49671415 -0.1382643   0.64768854  1.52302986], +[ 0.49671415 -0.1382643   0.64768854  1.52302986], 4.492, +[ 0.49671415 -0.1382643   0.64768854  1.52302986], 4.492, 4.492, +[ 0.49671415 -0.1382643   0.64768854  1.52302986], +[ 0.49671415 -0.1382643   0.64768854  1.52302986], +[ 0.49671415 -0.1382643   0.64768854  1.52302986], 4.389, +[ 0.49671415 -0.1382643   0.64768854  1.52302986], 4.492, 4.492, 4.492, /[ 0.24196227 -1.91328024 -1.72491783 -0.56228753], x3, x4, +[ 0.49671415 -0.1382643   0.64768854  1.52302986], +[ 0.49671415 -0.1382643   0.64768854  1.52302986], +[ 0.49671415 -0.1382643   0.64768854  1.52302986], 4.492, 4.492, +[ 0.49671415 -0.1382643   0.64768854  1.52302986], +[ 0.49671415 -0.1382643   0.64768854  1.52302986], +[ 0.49671415 -0.1382643   0.64768854  1.52302986], 4.492, 4.492, 4.389, +[ 0.49671415 -0.1382643   0.64768854  1.52302986], +[ 0.49671415 -0.1382643   0.64768854  1.52302986], 4.492, +[ 0.49671415 -0.1382643   0.64768854  1.52302986], +[ 0.49671415 -0.1382643   0.64768854  1.52302986], 4.389, 4.492, +[ 0.49671415 -0.1382643   0.64768854  1.52302986], 4.492, +[ 0.49671415 -0.1382643   0.64768854  1.52302986], 4.492, 4.492, 4.492, +[ 0.49671415 -0.1382643   0.64768854  1.52302986], +[ 0.49671415 -0.1382643   0.64768854  1.52302986], 4.492, 4.492, +[ 0.49671415 -0.1382643   0.64768854  1.52302986], +[ 0.49671415 -0.1382643   0.64768854  1.52302986], 4.389, 4.492, +[ 0.49671415 -0.1382643   0.64768854  1.52302986], +[ 0.49671415 -0.1382643   0.64768854  1.52302986], 4.492, +[ 0.49671415 -0.1382643   0.64768854  1.52302986], 4.492, 4.492, 4.492]
Training
	MSE:24494.962
	Rsquared:-2.971
Test:
	MSE:23964.259
	Rsquared:-3.21
5.330524682998657