generations_elite-fitness_number-of-evaluations_time
0_27916.985_64_0.014188766479492188
1_27916.985_128_0.05233597755432129
2_27683.369_192_0.10021162033081055
3_27574.738_256_0.13379669189453125
4_27466.765_320_0.16811490058898926
5_27274.204_384_0.2146930694580078
6_27022.121_448_0.27060365676879883
7_26690.057_512_0.5527009963989258
8_26548.903_576_0.6368200778961182
9_26051.415_640_0.7461154460906982
10_26000.565_704_0.9129059314727783
11_25571.262_768_1.1371679306030273
12_25055.185_832_1.463763952255249
13_24958.979_895_2.0011043548583984
14_24424.667_956_2.591587781906128
15_24395.631_1014_3.482792615890503
16_24351.258_1069_4.391250133514404
17_24293.909_1126_5.434948921203613
Function found (93nodes ):
	[+[ 0.49671415 -0.1382643   0.64768854  1.52302986], +[ 0.49671415 -0.1382643   0.64768854  1.52302986], +[ 0.49671415 -0.1382643   0.64768854  1.52302986], 4.759, +[ 0.49671415 -0.1382643   0.64768854  1.52302986], 4.759, +[ 0.49671415 -0.1382643   0.64768854  1.52302986], 4.759, +[ 0.49671415 -0.1382643   0.64768854  1.52302986], 4.759, +[ 0.49671415 -0.1382643   0.64768854  1.52302986], 4.759, +[ 0.49671415 -0.1382643   0.64768854  1.52302986], 4.759, 3.929, +[ 0.49671415 -0.1382643   0.64768854  1.52302986], +[ 0.49671415 -0.1382643   0.64768854  1.52302986], /[ 0.24196227 -1.91328024 -1.72491783 -0.56228753], x7, x8, +[ 0.49671415 -0.1382643   0.64768854  1.52302986], 4.759, +[ 0.49671415 -0.1382643   0.64768854  1.52302986], 4.759, 3.929, +[ 0.49671415 -0.1382643   0.64768854  1.52302986], +[ 0.49671415 -0.1382643   0.64768854  1.52302986], 4.759, 3.929, +[ 0.49671415 -0.1382643   0.64768854  1.52302986], 4.759, +[ 0.49671415 -0.1382643   0.64768854  1.52302986], +[ 0.49671415 -0.1382643   0.64768854  1.52302986], 4.759, +[ 0.49671415 -0.1382643   0.64768854  1.52302986], 4.759, +[ 0.49671415 -0.1382643   0.64768854  1.52302986], 4.759, +[ 0.49671415 -0.1382643   0.64768854  1.52302986], 4.759, 3.929, +[ 0.49671415 -0.1382643   0.64768854  1.52302986], +[ 0.49671415 -0.1382643   0.64768854  1.52302986], /[ 0.24196227 -1.91328024 -1.72491783 -0.56228753], x7, x8, +[ 0.49671415 -0.1382643   0.64768854  1.52302986], 4.759, +[ 0.49671415 -0.1382643   0.64768854  1.52302986], 4.759, 3.929, 3.929, +[ 0.49671415 -0.1382643   0.64768854  1.52302986], +[ 0.49671415 -0.1382643   0.64768854  1.52302986], 3.929, +[ 0.49671415 -0.1382643   0.64768854  1.52302986], 4.759, +[ 0.49671415 -0.1382643   0.64768854  1.52302986], 4.759, 3.929, +[ 0.49671415 -0.1382643   0.64768854  1.52302986], +[ 0.49671415 -0.1382643   0.64768854  1.52302986], +[ 0.49671415 -0.1382643   0.64768854  1.52302986], 3.929, +[ 0.49671415 -0.1382643   0.64768854  1.52302986], 4.759, +[ 0.49671415 -0.1382643   0.64768854  1.52302986], 4.759, 3.929, 3.929, +[ 0.49671415 -0.1382643   0.64768854  1.52302986], 4.759, +[ 0.49671415 -0.1382643   0.64768854  1.52302986], +[ 0.49671415 -0.1382643   0.64768854  1.52302986], 4.759, +[ 0.49671415 -0.1382643   0.64768854  1.52302986], 4.759, +[ 0.49671415 -0.1382643   0.64768854  1.52302986], 4.759, +[ 0.49671415 -0.1382643   0.64768854  1.52302986], 4.759, 3.929, +[ 0.49671415 -0.1382643   0.64768854  1.52302986], +[ 0.49671415 -0.1382643   0.64768854  1.52302986], /[ 0.24196227 -1.91328024 -1.72491783 -0.56228753], x7, x8, +[ 0.49671415 -0.1382643   0.64768854  1.52302986], 4.759, +[ 0.49671415 -0.1382643   0.64768854  1.52302986], 4.759, 3.929, 3.929]
Training
	MSE:24293.909
	Rsquared:-2.939
Test:
	MSE:23763.706
	Rsquared:-3.175
5.4350831508636475