generations_elite-fitness_number-of-evaluations_time
0_27971.29_128_0.027587413787841797
1_27971.29_256_0.09621334075927734
2_27971.29_384_0.16851568222045898
3_27544.524_512_0.21732735633850098
4_27544.524_640_0.25568389892578125
5_26987.36_768_0.32567667961120605
6_26581.365_896_0.43616509437561035
7_26105.81_1024_0.5745017528533936
8_25857.775_1152_1.1103229522705078
9_25420.554_1280_1.3656949996948242
10_25090.708_1408_1.7183356285095215
11_24929.425_1536_2.2526421546936035
12_24529.439_1664_3.042203426361084
13_24467.009_1790_4.096792459487915
14_24420.562_1911_5.315843820571899
15_24232.509_2038_6.5358521938323975
16_24080.969_2161_8.228320121765137
17_24075.148_2281_9.874065160751343
18_24059.55_2398_11.588127613067627
19_24011.57_2510_13.27556848526001
20_23920.975_2627_15.067090272903442
Function found (99nodes ):
	[+[ 0.49671415 -0.1382643   0.64768854  1.52302986], +[ 0.49671415 -0.1382643   0.64768854  1.52302986], +[ 0.49671415 -0.1382643   0.64768854  1.52302986], +[ 0.49671415 -0.1382643   0.64768854  1.52302986], 4.575, +[ 0.49671415 -0.1382643   0.64768854  1.52302986], 4.575, +[ 0.49671415 -0.1382643   0.64768854  1.52302986], 4.575, 4.575, +[ 0.49671415 -0.1382643   0.64768854  1.52302986], 4.575, +[ 0.49671415 -0.1382643   0.64768854  1.52302986], 4.575, +[ 0.49671415 -0.1382643   0.64768854  1.52302986], 4.575, 4.575, +[ 0.49671415 -0.1382643   0.64768854  1.52302986], 4.575, +[ 0.49671415 -0.1382643   0.64768854  1.52302986], 4.575, 4.575, +[ 0.49671415 -0.1382643   0.64768854  1.52302986], +[ 0.49671415 -0.1382643   0.64768854  1.52302986], +[ 0.49671415 -0.1382643   0.64768854  1.52302986], 4.575, +[ 0.49671415 -0.1382643   0.64768854  1.52302986], 4.575, +[ 0.49671415 -0.1382643   0.64768854  1.52302986], 4.575, 4.575, +[ 0.49671415 -0.1382643   0.64768854  1.52302986], 4.575, +[ 0.49671415 -0.1382643   0.64768854  1.52302986], +[ 0.49671415 -0.1382643   0.64768854  1.52302986], +[ 0.49671415 -0.1382643   0.64768854  1.52302986], 4.575, +[ 0.49671415 -0.1382643   0.64768854  1.52302986], 4.575, +[ 0.49671415 -0.1382643   0.64768854  1.52302986], 4.575, 4.575, +[ 0.49671415 -0.1382643   0.64768854  1.52302986], 4.575, +[ 0.49671415 -0.1382643   0.64768854  1.52302986], 4.575, +[ 0.49671415 -0.1382643   0.64768854  1.52302986], 4.575, 4.575, +[ 0.49671415 -0.1382643   0.64768854  1.52302986], 4.575, +[ 0.49671415 -0.1382643   0.64768854  1.52302986], 4.575, 4.575, +[ 0.49671415 -0.1382643   0.64768854  1.52302986], +[ 0.49671415 -0.1382643   0.64768854  1.52302986], +[ 0.49671415 -0.1382643   0.64768854  1.52302986], 4.575, +[ 0.49671415 -0.1382643   0.64768854  1.52302986], 4.575, +[ 0.49671415 -0.1382643   0.64768854  1.52302986], 4.575, 4.575, +[ 0.49671415 -0.1382643   0.64768854  1.52302986], 4.575, +[ 0.49671415 -0.1382643   0.64768854  1.52302986], 4.575, +[ 0.49671415 -0.1382643   0.64768854  1.52302986], 4.575, 4.575, +[ 0.49671415 -0.1382643   0.64768854  1.52302986], +[ 0.49671415 -0.1382643   0.64768854  1.52302986], 4.575, +[ 0.49671415 -0.1382643   0.64768854  1.52302986], 4.575, 4.575, +[ 0.49671415 -0.1382643   0.64768854  1.52302986], 4.575, +[ 0.49671415 -0.1382643   0.64768854  1.52302986], +[ 0.49671415 -0.1382643   0.64768854  1.52302986], 4.575, +[ 0.49671415 -0.1382643   0.64768854  1.52302986], 4.575, +[ 0.49671415 -0.1382643   0.64768854  1.52302986], 4.575, +[ 0.49671415 -0.1382643   0.64768854  1.52302986], 4.575, +[ 0.49671415 -0.1382643   0.64768854  1.52302986], 4.575, +[ 0.49671415 -0.1382643   0.64768854  1.52302986], 4.575, +[ 0.49671415 -0.1382643   0.64768854  1.52302986], 4.575, 4.575, +[ 0.49671415 -0.1382643   0.64768854  1.52302986], 4.575, +[ 0.49671415 -0.1382643   0.64768854  1.52302986], 4.575, 4.575]
Training
	MSE:23920.975
	Rsquared:-2.878
Test:
	MSE:23391.05
	Rsquared:-3.109
15.067190647125244