generations_elite-fitness_number-of-evaluations_time
0_28316.068_64_0.04907965660095215
1_28195.587_128_0.14745140075683594
2_28141.532_192_0.2745249271392822
3_27717.885_256_0.40438222885131836
4_27535.496_320_0.5266740322113037
5_27257.837_384_0.6603519916534424
6_26890.469_448_0.9866306781768799
7_26763.444_512_1.1940505504608154
8_26265.631_576_1.4952590465545654
9_26194.369_640_1.885673999786377
10_25815.983_704_2.45495343208313
11_25727.062_766_3.0478098392486572
12_25686.654_825_3.910936117172241
13_25539.802_875_4.737928152084351
14_25442.27_925_5.729328393936157
15_25348.071_971_6.8848717212677
16_25348.071_1017_8.064899682998657
17_25346.083_1063_9.13805627822876
18_25295.842_1109_10.383095979690552
19_25295.842_1143_11.682297229766846
20_25178.578_1186_12.95293140411377
21_25168.824_1222_14.209560632705688
22_25152.695_1268_15.450916528701782
23_25150.339_1311_16.77798366546631
24_25139.74_1355_18.040942192077637
25_25139.74_1400_19.127960920333862
26_25094.078_1442_20.407963037490845
Function found (99nodes ):
	[+[ 0.49671415 -0.1382643   0.64768854  1.52302986], +[ 0.49671415 -0.1382643   0.64768854  1.52302986], +[ 0.49671415 -0.1382643   0.64768854  1.52302986], /[ 0.24196227 -1.91328024 -1.72491783 -0.56228753], -[-0.23415337 -0.23413696  1.57921282  0.76743473], 1.205, +[ 0.49671415 -0.1382643   0.64768854  1.52302986], 1.205, +[ 0.49671415 -0.1382643   0.64768854  1.52302986], 1.205, 2.554, x0, +[ 0.49671415 -0.1382643   0.64768854  1.52302986], +[ 0.49671415 -0.1382643   0.64768854  1.52302986], 1.205, 2.206, +[ 0.49671415 -0.1382643   0.64768854  1.52302986], 1.205, 2.554, +[ 0.49671415 -0.1382643   0.64768854  1.52302986], +[ 0.49671415 -0.1382643   0.64768854  1.52302986], /[ 0.24196227 -1.91328024 -1.72491783 -0.56228753], -[-0.23415337 -0.23413696  1.57921282  0.76743473], 1.205, +[ 0.49671415 -0.1382643   0.64768854  1.52302986], 1.205, +[ 0.49671415 -0.1382643   0.64768854  1.52302986], 1.205, 2.554, x0, +[ 0.49671415 -0.1382643   0.64768854  1.52302986], +[ 0.49671415 -0.1382643   0.64768854  1.52302986], 1.205, 2.206, +[ 0.49671415 -0.1382643   0.64768854  1.52302986], 1.205, 2.554, +[ 0.49671415 -0.1382643   0.64768854  1.52302986], +[ 0.49671415 -0.1382643   0.64768854  1.52302986], 1.205, +[ 0.49671415 -0.1382643   0.64768854  1.52302986], 1.205, 2.554, +[ 0.49671415 -0.1382643   0.64768854  1.52302986], 1.205, 2.554, +[ 0.49671415 -0.1382643   0.64768854  1.52302986], +[ 0.49671415 -0.1382643   0.64768854  1.52302986], +[ 0.49671415 -0.1382643   0.64768854  1.52302986], 1.205, +[ 0.49671415 -0.1382643   0.64768854  1.52302986], 1.205, 2.554, +[ 0.49671415 -0.1382643   0.64768854  1.52302986], 1.205, 2.554, +[ 0.49671415 -0.1382643   0.64768854  1.52302986], /[ 0.24196227 -1.91328024 -1.72491783 -0.56228753], -[-0.23415337 -0.23413696  1.57921282  0.76743473], 1.205, +[ 0.49671415 -0.1382643   0.64768854  1.52302986], +[ 0.49671415 -0.1382643   0.64768854  1.52302986], +[ 0.49671415 -0.1382643   0.64768854  1.52302986], 1.205, 2.206, /[ 0.24196227 -1.91328024 -1.72491783 -0.56228753], x5, x8, 2.206, x0, +[ 0.49671415 -0.1382643   0.64768854  1.52302986], +[ 0.49671415 -0.1382643   0.64768854  1.52302986], /[ 0.24196227 -1.91328024 -1.72491783 -0.56228753], -[-0.23415337 -0.23413696  1.57921282  0.76743473], 1.205, +[ 0.49671415 -0.1382643   0.64768854  1.52302986], 2.554, +[ 0.49671415 -0.1382643   0.64768854  1.52302986], 1.205, /[ 0.24196227 -1.91328024 -1.72491783 -0.56228753], x1, x6, x0, +[ 0.49671415 -0.1382643   0.64768854  1.52302986], +[ 0.49671415 -0.1382643   0.64768854  1.52302986], 1.205, 2.206, +[ 0.49671415 -0.1382643   0.64768854  1.52302986], 1.205, 2.554, +[ 0.49671415 -0.1382643   0.64768854  1.52302986], +[ 0.49671415 -0.1382643   0.64768854  1.52302986], 1.205, +[ 0.49671415 -0.1382643   0.64768854  1.52302986], 1.205, 2.554, +[ 0.49671415 -0.1382643   0.64768854  1.52302986], 1.205, 2.554]
Training
	MSE:25094.078
	Rsquared:-3.069
Test:
	MSE:24571.8
	Rsquared:-3.317
20.40809416770935