generations_elite-fitness_number-of-evaluations_time
0_27987.24_128_0.062139034271240234
1_27987.24_256_0.24628901481628418
2_27987.24_384_0.4189033508300781
3_27392.752_512_0.5019643306732178
4_27389.424_640_0.5584628582000732
5_27012.091_768_0.6456201076507568
6_26621.922_896_0.7748267650604248
7_26319.631_1024_1.0669090747833252
8_26011.738_1152_1.2865912914276123
9_25792.576_1280_1.5673973560333252
10_25450.752_1408_1.9912304878234863
11_25130.986_1536_2.656672477722168
12_24698.216_1664_3.4474120140075684
13_24325.419_1791_4.597714900970459
14_24244.283_1906_6.083197116851807
15_24048.465_2003_8.004008531570435
16_23994.387_2102_10.372758388519287
17_23994.387_2189_12.873598575592041
18_23905.257_2271_15.478679418563843
19_23903.005_2347_17.864151000976562
20_23847.522_2427_20.609625577926636
Function found (99nodes ):
	[+[ 0.49671415 -0.1382643   0.64768854  1.52302986], +[ 0.49671415 -0.1382643   0.64768854  1.52302986], +[ 0.49671415 -0.1382643   0.64768854  1.52302986], 4.498, +[ 0.49671415 -0.1382643   0.64768854  1.52302986], 4.498, +[ 0.49671415 -0.1382643   0.64768854  1.52302986], 4.498, +[ 0.49671415 -0.1382643   0.64768854  1.52302986], 4.498, 4.521, /[ 0.24196227 -1.91328024 -1.72491783 -0.56228753], -[-0.23415337 -0.23413696  1.57921282  0.76743473], 3.429, +[ 0.49671415 -0.1382643   0.64768854  1.52302986], +[ 0.49671415 -0.1382643   0.64768854  1.52302986], +[ 0.49671415 -0.1382643   0.64768854  1.52302986], 4.498, +[ 0.49671415 -0.1382643   0.64768854  1.52302986], 4.498, 4.521, +[ 0.49671415 -0.1382643   0.64768854  1.52302986], 4.498, +[ 0.49671415 -0.1382643   0.64768854  1.52302986], +[ 0.49671415 -0.1382643   0.64768854  1.52302986], 4.498, 4.521, +[ 0.49671415 -0.1382643   0.64768854  1.52302986], 4.521, 4.521, +[ 0.49671415 -0.1382643   0.64768854  1.52302986], 4.498, +[ 0.49671415 -0.1382643   0.64768854  1.52302986], +[ 0.49671415 -0.1382643   0.64768854  1.52302986], 4.498, 4.521, +[ 0.49671415 -0.1382643   0.64768854  1.52302986], +[ 0.49671415 -0.1382643   0.64768854  1.52302986], 4.498, 4.521, 4.521, x1, +[ 0.49671415 -0.1382643   0.64768854  1.52302986], +[ 0.49671415 -0.1382643   0.64768854  1.52302986], +[ 0.49671415 -0.1382643   0.64768854  1.52302986], 4.498, 4.521, +[ 0.49671415 -0.1382643   0.64768854  1.52302986], +[ 0.49671415 -0.1382643   0.64768854  1.52302986], 4.498, 4.521, 4.521, +[ 0.49671415 -0.1382643   0.64768854  1.52302986], +[ 0.49671415 -0.1382643   0.64768854  1.52302986], /[ 0.24196227 -1.91328024 -1.72491783 -0.56228753], -[-0.23415337 -0.23413696  1.57921282  0.76743473], +[ 0.49671415 -0.1382643   0.64768854  1.52302986], 4.498, 4.521, +[ 0.49671415 -0.1382643   0.64768854  1.52302986], 4.498, 4.521, x2, +[ 0.49671415 -0.1382643   0.64768854  1.52302986], +[ 0.49671415 -0.1382643   0.64768854  1.52302986], 4.498, 4.521, +[ 0.49671415 -0.1382643   0.64768854  1.52302986], +[ 0.49671415 -0.1382643   0.64768854  1.52302986], 4.498, 4.521, 4.521, +[ 0.49671415 -0.1382643   0.64768854  1.52302986], +[ 0.49671415 -0.1382643   0.64768854  1.52302986], 4.498, +[ 0.49671415 -0.1382643   0.64768854  1.52302986], 4.498, +[ 0.49671415 -0.1382643   0.64768854  1.52302986], 4.498, +[ 0.49671415 -0.1382643   0.64768854  1.52302986], 4.498, 4.521, +[ 0.49671415 -0.1382643   0.64768854  1.52302986], +[ 0.49671415 -0.1382643   0.64768854  1.52302986], 4.498, 4.521, +[ 0.49671415 -0.1382643   0.64768854  1.52302986], +[ 0.49671415 -0.1382643   0.64768854  1.52302986], 4.521, 4.521, +[ 0.49671415 -0.1382643   0.64768854  1.52302986], 4.498, +[ 0.49671415 -0.1382643   0.64768854  1.52302986], +[ 0.49671415 -0.1382643   0.64768854  1.52302986], 4.521, 4.521, +[ 0.49671415 -0.1382643   0.64768854  1.52302986], 4.498, 4.521]
Training
	MSE:23847.522
	Rsquared:-2.867
Test:
	MSE:23307.092
	Rsquared:-3.095
20.609744548797607