generations_elite-fitness_number-of-evaluations_time
0_28220.956_64_0.02467656135559082
1_28220.956_128_0.08438277244567871
2_28220.956_192_0.1523284912109375
3_28220.956_256_0.20067477226257324
4_28220.956_320_0.22593975067138672
5_27732.897_384_0.24060416221618652
6_27732.897_448_0.25890016555786133
7_27732.897_512_0.28269171714782715
8_27710.391_576_0.3134791851043701
9_27374.969_640_0.35410213470458984
10_27091.486_704_0.3983333110809326
11_26915.999_768_0.4565889835357666
12_26649.141_832_0.5361273288726807
13_26649.141_896_0.643089771270752
14_26339.561_960_0.7756428718566895
15_26157.419_1024_0.9430348873138428
16_26052.373_1088_1.1600487232208252
17_26035.87_1152_2.048182249069214
18_25538.48_1216_2.3914902210235596
19_25538.48_1280_2.7723357677459717
20_25529.041_1343_3.223827600479126
21_25474.657_1404_3.863107919692993
22_25396.848_1464_4.490159273147583
23_25079.071_1526_5.252499580383301
24_25079.071_1583_5.961296796798706
25_25001.793_1646_6.834723234176636
26_25001.793_1704_7.814519882202148
27_25001.793_1758_8.721266508102417
28_25001.793_1811_9.733909606933594
29_25001.793_1862_10.800785303115845
30_25001.793_1909_11.896300554275513
31_25001.793_1962_12.7951340675354
32_25001.793_2019_13.779626607894897
33_24986.826_2079_14.764297246932983
34_24979.09_2137_15.622497797012329
35_24979.09_2188_16.615538120269775
36_24796.09_2244_17.65827703475952
37_24796.09_2301_18.52747941017151
38_24796.09_2358_19.52558732032776
39_24796.09_2409_20.6043119430542
Function found (99nodes ):
	[+[ 0.49671415 -0.1382643   0.64768854  1.52302986], +[ 0.49671415 -0.1382643   0.64768854  1.52302986], +[ 0.49671415 -0.1382643   0.64768854  1.52302986], +[ 0.49671415 -0.1382643   0.64768854  1.52302986], 3.495, +[ 0.49671415 -0.1382643   0.64768854  1.52302986], 3.495, +[ 0.49671415 -0.1382643   0.64768854  1.52302986], 3.495, 3.495, +[ 0.49671415 -0.1382643   0.64768854  1.52302986], 3.495, 3.495, +[ 0.49671415 -0.1382643   0.64768854  1.52302986], +[ 0.49671415 -0.1382643   0.64768854  1.52302986], +[ 0.49671415 -0.1382643   0.64768854  1.52302986], x1, 3.495, +[ 0.49671415 -0.1382643   0.64768854  1.52302986], +[ 0.49671415 -0.1382643   0.64768854  1.52302986], 3.495, +[ 0.49671415 -0.1382643   0.64768854  1.52302986], 3.495, 3.495, 3.495, +[ 0.49671415 -0.1382643   0.64768854  1.52302986], 3.495, 3.495, +[ 0.49671415 -0.1382643   0.64768854  1.52302986], +[ 0.49671415 -0.1382643   0.64768854  1.52302986], +[ 0.49671415 -0.1382643   0.64768854  1.52302986], 3.495, +[ 0.49671415 -0.1382643   0.64768854  1.52302986], 3.495, 3.495, +[ 0.49671415 -0.1382643   0.64768854  1.52302986], +[ 0.49671415 -0.1382643   0.64768854  1.52302986], +[ 0.49671415 -0.1382643   0.64768854  1.52302986], +[ 0.49671415 -0.1382643   0.64768854  1.52302986], +[ 0.49671415 -0.1382643   0.64768854  1.52302986], 3.495, +[ 0.49671415 -0.1382643   0.64768854  1.52302986], 3.495, +[ 0.49671415 -0.1382643   0.64768854  1.52302986], 3.495, 3.495, +[ 0.49671415 -0.1382643   0.64768854  1.52302986], 3.495, 3.495, 3.495, +[ 0.49671415 -0.1382643   0.64768854  1.52302986], +[ 0.49671415 -0.1382643   0.64768854  1.52302986], +[ 0.49671415 -0.1382643   0.64768854  1.52302986], +[ 0.49671415 -0.1382643   0.64768854  1.52302986], +[ 0.49671415 -0.1382643   0.64768854  1.52302986], x1, 3.495, +[ 0.49671415 -0.1382643   0.64768854  1.52302986], +[ 0.49671415 -0.1382643   0.64768854  1.52302986], 3.495, +[ 0.49671415 -0.1382643   0.64768854  1.52302986], 3.495, 3.495, 3.495, 3.495, +[ 0.49671415 -0.1382643   0.64768854  1.52302986], 3.495, 3.495, +[ 0.49671415 -0.1382643   0.64768854  1.52302986], 3.495, 3.495, +[ 0.49671415 -0.1382643   0.64768854  1.52302986], +[ 0.49671415 -0.1382643   0.64768854  1.52302986], +[ 0.49671415 -0.1382643   0.64768854  1.52302986], 3.495, +[ 0.49671415 -0.1382643   0.64768854  1.52302986], 3.495, +[ 0.49671415 -0.1382643   0.64768854  1.52302986], 3.495, 3.495, +[ 0.49671415 -0.1382643   0.64768854  1.52302986], 3.495, 3.495, +[ 0.49671415 -0.1382643   0.64768854  1.52302986], 3.495, +[ 0.49671415 -0.1382643   0.64768854  1.52302986], 3.495, 3.495, +[ 0.49671415 -0.1382643   0.64768854  1.52302986], +[ 0.49671415 -0.1382643   0.64768854  1.52302986], 3.495, +[ 0.49671415 -0.1382643   0.64768854  1.52302986], 3.495, +[ 0.49671415 -0.1382643   0.64768854  1.52302986], 3.495, 3.495, +[ 0.49671415 -0.1382643   0.64768854  1.52302986], 3.495, 3.495]
Training
	MSE:24796.09
	Rsquared:-3.02
Test:
	MSE:24264.858
	Rsquared:-3.263
20.60442590713501