generations_elite-fitness_number-of-evaluations_time
0_27995.912_64_0.015396833419799805
1_27764.508_128_0.06060361862182617
2_27764.508_192_0.11735367774963379
3_27645.982_256_0.17382168769836426
4_27392.339_320_0.22339487075805664
5_27347.848_384_0.26117825508117676
6_27347.848_448_0.2967820167541504
7_27133.678_512_0.334789514541626
8_27009.018_576_0.38146162033081055
9_26718.753_640_0.436476469039917
10_26592.136_704_0.4987759590148926
11_26502.907_768_0.5781002044677734
12_26166.983_832_0.6758389472961426
13_26166.983_896_0.7878122329711914
14_25866.195_960_0.9178576469421387
15_25519.005_1024_1.082014560699463
16_25450.234_1088_1.275987148284912
17_25280.461_1152_1.6291847229003906
18_24862.836_1216_1.923964023590088
19_24819.567_1280_2.320796489715576
20_24703.711_1344_2.8011984825134277
21_24301.315_1404_3.520538568496704
22_24301.315_1465_4.18816614151001
23_24301.315_1523_5.064937353134155
24_24301.315_1582_5.977572679519653
25_24216.151_1636_6.828617572784424
26_24086.719_1689_7.787195444107056
27_24086.719_1748_8.81312108039856
28_24041.991_1804_9.783628225326538
29_24041.991_1853_10.894016027450562
30_24032.848_1899_12.015632629394531
31_23791.298_1948_13.111353874206543
32_23791.298_2002_13.97600245475769
33_23791.298_2054_15.030109643936157
Function found (99nodes ):
	[+[ 0.49671415 -0.1382643   0.64768854  1.52302986], +[ 0.49671415 -0.1382643   0.64768854  1.52302986], +[ 0.49671415 -0.1382643   0.64768854  1.52302986], +[ 0.49671415 -0.1382643   0.64768854  1.52302986], +[ 0.49671415 -0.1382643   0.64768854  1.52302986], +[ 0.49671415 -0.1382643   0.64768854  1.52302986], 4.991, 4.991, 4.991, 4.991, 4.991, +[ 0.49671415 -0.1382643   0.64768854  1.52302986], +[ 0.49671415 -0.1382643   0.64768854  1.52302986], +[ 0.49671415 -0.1382643   0.64768854  1.52302986], +[ 0.49671415 -0.1382643   0.64768854  1.52302986], 3.888, 4.991, 4.991, 4.991, +[ 0.49671415 -0.1382643   0.64768854  1.52302986], +[ 0.49671415 -0.1382643   0.64768854  1.52302986], +[ 0.49671415 -0.1382643   0.64768854  1.52302986], 3.888, 4.991, +[ 0.49671415 -0.1382643   0.64768854  1.52302986], +[ 0.49671415 -0.1382643   0.64768854  1.52302986], +[ 0.49671415 -0.1382643   0.64768854  1.52302986], +[ 0.49671415 -0.1382643   0.64768854  1.52302986], 3.888, 4.991, +[ 0.49671415 -0.1382643   0.64768854  1.52302986], 3.888, 4.991, 4.991, 4.991, +[ 0.49671415 -0.1382643   0.64768854  1.52302986], +[ 0.49671415 -0.1382643   0.64768854  1.52302986], +[ 0.49671415 -0.1382643   0.64768854  1.52302986], +[ 0.49671415 -0.1382643   0.64768854  1.52302986], 4.991, 4.991, 4.991, 4.991, 4.991, +[ 0.49671415 -0.1382643   0.64768854  1.52302986], +[ 0.49671415 -0.1382643   0.64768854  1.52302986], +[ 0.49671415 -0.1382643   0.64768854  1.52302986], +[ 0.49671415 -0.1382643   0.64768854  1.52302986], +[ 0.49671415 -0.1382643   0.64768854  1.52302986], 4.991, 4.991, 4.991, 4.991, +[ 0.49671415 -0.1382643   0.64768854  1.52302986], +[ 0.49671415 -0.1382643   0.64768854  1.52302986], -[-0.23415337 -0.23413696  1.57921282  0.76743473], -3.685, -3.685, 4.991, +[ 0.49671415 -0.1382643   0.64768854  1.52302986], +[ 0.49671415 -0.1382643   0.64768854  1.52302986], +[ 0.49671415 -0.1382643   0.64768854  1.52302986], +[ 0.49671415 -0.1382643   0.64768854  1.52302986], 4.991, 4.991, 4.991, 4.991, +[ 0.49671415 -0.1382643   0.64768854  1.52302986], -[-0.23415337 -0.23413696  1.57921282  0.76743473], -3.685, -3.685, 4.991, +[ 0.49671415 -0.1382643   0.64768854  1.52302986], +[ 0.49671415 -0.1382643   0.64768854  1.52302986], +[ 0.49671415 -0.1382643   0.64768854  1.52302986], +[ 0.49671415 -0.1382643   0.64768854  1.52302986], 4.991, 4.991, 4.991, 4.991, +[ 0.49671415 -0.1382643   0.64768854  1.52302986], +[ 0.49671415 -0.1382643   0.64768854  1.52302986], -[-0.23415337 -0.23413696  1.57921282  0.76743473], -3.685, -3.685, 4.991, +[ 0.49671415 -0.1382643   0.64768854  1.52302986], +[ 0.49671415 -0.1382643   0.64768854  1.52302986], +[ 0.49671415 -0.1382643   0.64768854  1.52302986], +[ 0.49671415 -0.1382643   0.64768854  1.52302986], 4.991, 4.991, 4.991, 4.991, +[ 0.49671415 -0.1382643   0.64768854  1.52302986], -[-0.23415337 -0.23413696  1.57921282  0.76743473], -3.685, -3.685, 4.991]
Training
	MSE:23791.298
	Rsquared:-2.857
Test:
	MSE:23261.571
	Rsquared:-3.087
15.030229806900024