generations_elite-fitness_number-of-evaluations_time
0_28186.867_64_0.016528606414794922
1_28186.867_128_0.051230430603027344
2_27520.251_192_0.09004521369934082
3_27252.607_256_0.12090516090393066
4_27252.607_320_0.1592552661895752
5_26951.201_384_0.2016599178314209
6_26758.465_448_0.24829363822937012
7_26310.97_512_0.3124876022338867
8_26179.801_576_0.4039299488067627
9_25822.987_640_0.5147356986999512
10_25726.835_704_0.6577749252319336
11_25131.529_768_0.8418154716491699
12_24792.674_832_1.0925755500793457
13_24792.674_896_1.5501787662506104
14_24627.813_958_1.9856817722320557
15_23944.126_1021_2.5366640090942383
16_23944.126_1080_3.322411298751831
17_23833.488_1141_4.144764184951782
18_23687.117_1200_4.866506814956665
19_23687.117_1254_5.80569052696228
20_23685.598_1308_6.696896314620972
21_23670.356_1364_7.710019111633301
22_23658.841_1420_8.703453302383423
23_23658.841_1474_9.751186847686768
24_23658.841_1531_10.621129035949707
25_23606.282_1583_11.617440700531006
26_23575.511_1638_12.677421569824219
27_23575.511_1682_13.632410526275635
28_23575.511_1737_14.617040634155273
29_23575.511_1791_15.677201747894287
30_23575.511_1847_16.748851537704468
31_23575.511_1898_17.64227795600891
32_23575.511_1951_18.71392512321472
33_23575.511_2002_19.804905891418457
34_23575.511_2053_20.723604202270508
Function found (99nodes ):
	[+[ 0.49671415 -0.1382643   0.64768854  1.52302986], +[ 0.49671415 -0.1382643   0.64768854  1.52302986], +[ 0.49671415 -0.1382643   0.64768854  1.52302986], +[ 0.49671415 -0.1382643   0.64768854  1.52302986], 4.932, 4.932, +[ 0.49671415 -0.1382643   0.64768854  1.52302986], +[ 0.49671415 -0.1382643   0.64768854  1.52302986], +[ 0.49671415 -0.1382643   0.64768854  1.52302986], 4.932, 4.932, +[ 0.49671415 -0.1382643   0.64768854  1.52302986], 4.932, +[ 0.49671415 -0.1382643   0.64768854  1.52302986], 4.932, 4.932, +[ 0.49671415 -0.1382643   0.64768854  1.52302986], 4.932, 4.932, +[ 0.49671415 -0.1382643   0.64768854  1.52302986], +[ 0.49671415 -0.1382643   0.64768854  1.52302986], 4.932, 4.932, +[ 0.49671415 -0.1382643   0.64768854  1.52302986], +[ 0.49671415 -0.1382643   0.64768854  1.52302986], +[ 0.49671415 -0.1382643   0.64768854  1.52302986], 4.932, 4.932, +[ 0.49671415 -0.1382643   0.64768854  1.52302986], 4.932, +[ 0.49671415 -0.1382643   0.64768854  1.52302986], 4.932, 4.932, +[ 0.49671415 -0.1382643   0.64768854  1.52302986], 4.932, 4.932, +[ 0.49671415 -0.1382643   0.64768854  1.52302986], +[ 0.49671415 -0.1382643   0.64768854  1.52302986], +[ 0.49671415 -0.1382643   0.64768854  1.52302986], 4.932, 4.932, +[ 0.49671415 -0.1382643   0.64768854  1.52302986], +[ 0.49671415 -0.1382643   0.64768854  1.52302986], +[ 0.49671415 -0.1382643   0.64768854  1.52302986], 4.932, +[ 0.49671415 -0.1382643   0.64768854  1.52302986], +[ 0.49671415 -0.1382643   0.64768854  1.52302986], 4.932, 4.932, 4.932, 4.932, +[ 0.49671415 -0.1382643   0.64768854  1.52302986], +[ 0.49671415 -0.1382643   0.64768854  1.52302986], +[ 0.49671415 -0.1382643   0.64768854  1.52302986], 4.932, 4.932, +[ 0.49671415 -0.1382643   0.64768854  1.52302986], 4.932, +[ 0.49671415 -0.1382643   0.64768854  1.52302986], 4.932, 4.932, +[ 0.49671415 -0.1382643   0.64768854  1.52302986], 4.932, 4.932, +[ 0.49671415 -0.1382643   0.64768854  1.52302986], +[ 0.49671415 -0.1382643   0.64768854  1.52302986], +[ 0.49671415 -0.1382643   0.64768854  1.52302986], 4.932, 4.932, +[ 0.49671415 -0.1382643   0.64768854  1.52302986], +[ 0.49671415 -0.1382643   0.64768854  1.52302986], +[ 0.49671415 -0.1382643   0.64768854  1.52302986], 4.932, 4.932, +[ 0.49671415 -0.1382643   0.64768854  1.52302986], 4.932, +[ 0.49671415 -0.1382643   0.64768854  1.52302986], 4.932, 4.932, +[ 0.49671415 -0.1382643   0.64768854  1.52302986], 4.932, 4.932, +[ 0.49671415 -0.1382643   0.64768854  1.52302986], +[ 0.49671415 -0.1382643   0.64768854  1.52302986], +[ 0.49671415 -0.1382643   0.64768854  1.52302986], +[ 0.49671415 -0.1382643   0.64768854  1.52302986], 4.932, 4.932, +[ 0.49671415 -0.1382643   0.64768854  1.52302986], 4.932, +[ 0.49671415 -0.1382643   0.64768854  1.52302986], 4.932, 4.932, +[ 0.49671415 -0.1382643   0.64768854  1.52302986], 4.932, 4.932, +[ 0.49671415 -0.1382643   0.64768854  1.52302986], 4.932, 4.932]
Training
	MSE:23575.511
	Rsquared:-2.822
Test:
	MSE:23046.116
	Rsquared:-3.049
20.7237446308136