generations_elite-fitness_number-of-evaluations_time
0_27931.44_64_0.03320932388305664
1_27931.44_128_0.11169886589050293
2_27740.802_192_0.19996380805969238
3_27740.802_256_0.25817227363586426
4_27740.802_320_0.30374765396118164
5_27416.39_384_0.347135066986084
6_27029.117_448_0.4298427104949951
7_26735.945_512_0.5686638355255127
8_26735.945_576_0.73140549659729
9_26215.294_640_1.1236684322357178
10_26127.78_704_1.3317420482635498
11_26023.798_768_1.5812177658081055
12_25875.372_832_1.8581833839416504
13_25798.026_896_2.186638116836548
14_25509.675_960_2.6696882247924805
15_24975.903_1023_3.135805368423462
16_24975.903_1086_3.6427056789398193
17_24756.379_1149_4.329539060592651
18_24756.379_1209_4.997775316238403
19_24545.046_1269_5.845309257507324
20_24545.046_1328_6.718679904937744
21_24243.483_1387_7.477940797805786
22_24243.483_1440_8.466938972473145
23_24241.867_1498_9.536205530166626
24_24113.633_1550_10.51587700843811
25_24113.633_1598_11.683365106582642
26_24113.633_1649_12.870333433151245
27_23990.82_1696_14.10108494758606
28_23990.82_1744_15.351259708404541
29_23973.134_1793_16.621405124664307
30_23951.533_1843_17.922027349472046
31_23951.533_1889_19.177709579467773
32_23894.639_1932_20.421344757080078
Function found (93nodes ):
	[+[ 0.49671415 -0.1382643   0.64768854  1.52302986], +[ 0.49671415 -0.1382643   0.64768854  1.52302986], +[ 0.49671415 -0.1382643   0.64768854  1.52302986], +[ 0.49671415 -0.1382643   0.64768854  1.52302986], +[ 0.49671415 -0.1382643   0.64768854  1.52302986], 4.71, +[ 0.49671415 -0.1382643   0.64768854  1.52302986], 4.71, 4.71, +[ 0.49671415 -0.1382643   0.64768854  1.52302986], 4.71, 4.71, +[ 0.49671415 -0.1382643   0.64768854  1.52302986], +[ 0.49671415 -0.1382643   0.64768854  1.52302986], 4.71, +[ 0.49671415 -0.1382643   0.64768854  1.52302986], 4.71, 4.71, +[ 0.49671415 -0.1382643   0.64768854  1.52302986], 4.71, 4.71, +[ 0.49671415 -0.1382643   0.64768854  1.52302986], +[ 0.49671415 -0.1382643   0.64768854  1.52302986], 4.71, +[ 0.49671415 -0.1382643   0.64768854  1.52302986], +[ 0.49671415 -0.1382643   0.64768854  1.52302986], 4.71, 4.71, +[ 0.49671415 -0.1382643   0.64768854  1.52302986], +[ 0.49671415 -0.1382643   0.64768854  1.52302986], +[ 0.49671415 -0.1382643   0.64768854  1.52302986], 4.71, 4.71, x6, 4.71, 4.71, +[ 0.49671415 -0.1382643   0.64768854  1.52302986], +[ 0.49671415 -0.1382643   0.64768854  1.52302986], +[ 0.49671415 -0.1382643   0.64768854  1.52302986], +[ 0.49671415 -0.1382643   0.64768854  1.52302986], +[ 0.49671415 -0.1382643   0.64768854  1.52302986], 4.71, +[ 0.49671415 -0.1382643   0.64768854  1.52302986], 4.71, 4.71, +[ 0.49671415 -0.1382643   0.64768854  1.52302986], 4.71, 4.71, +[ 0.49671415 -0.1382643   0.64768854  1.52302986], 4.71, 4.71, +[ 0.49671415 -0.1382643   0.64768854  1.52302986], +[ 0.49671415 -0.1382643   0.64768854  1.52302986], +[ 0.49671415 -0.1382643   0.64768854  1.52302986], 4.71, +[ 0.49671415 -0.1382643   0.64768854  1.52302986], 4.71, 4.71, +[ 0.49671415 -0.1382643   0.64768854  1.52302986], 4.71, 4.71, +[ 0.49671415 -0.1382643   0.64768854  1.52302986], 4.71, 4.71, +[ 0.49671415 -0.1382643   0.64768854  1.52302986], +[ 0.49671415 -0.1382643   0.64768854  1.52302986], 4.71, 4.71, +[ 0.49671415 -0.1382643   0.64768854  1.52302986], +[ 0.49671415 -0.1382643   0.64768854  1.52302986], 4.71, +[ 0.49671415 -0.1382643   0.64768854  1.52302986], 4.71, 4.71, +[ 0.49671415 -0.1382643   0.64768854  1.52302986], +[ 0.49671415 -0.1382643   0.64768854  1.52302986], +[ 0.49671415 -0.1382643   0.64768854  1.52302986], 4.71, +[ 0.49671415 -0.1382643   0.64768854  1.52302986], 4.71, 4.71, +[ 0.49671415 -0.1382643   0.64768854  1.52302986], 4.71, 4.71, +[ 0.49671415 -0.1382643   0.64768854  1.52302986], +[ 0.49671415 -0.1382643   0.64768854  1.52302986], 4.71, +[ 0.49671415 -0.1382643   0.64768854  1.52302986], 4.71, 4.71, +[ 0.49671415 -0.1382643   0.64768854  1.52302986], 4.71, 4.71]
Training
	MSE:23894.639
	Rsquared:-2.874
Test:
	MSE:23364.77
	Rsquared:-3.105
20.42146062850952