generations_elite-fitness_number-of-evaluations_time
0_28281.309_64_0.014235258102416992
1_28281.309_128_0.056488990783691406
2_28151.232_192_0.11861944198608398
3_27799.835_256_0.1768944263458252
4_27570.525_320_0.22748565673828125
5_27174.036_384_0.2840595245361328
6_26870.531_448_0.3573117256164551
7_26492.935_512_0.46863222122192383
8_26140.057_576_0.6248631477355957
9_26007.298_640_0.9886023998260498
10_25822.497_704_1.3063116073608398
11_25535.408_768_1.7330691814422607
12_25120.621_829_2.34452486038208
13_25120.621_893_2.9093668460845947
14_24834.558_954_3.7164673805236816
15_24833.465_1005_4.581353664398193
16_24831.159_1055_5.6778624057769775
17_24795.069_1093_6.901468515396118
18_24793.226_1134_8.12017560005188
19_24757.592_1175_9.329555988311768
20_24742.056_1225_10.545015811920166
Function found (99nodes ):
	[+[ 0.49671415 -0.1382643   0.64768854  1.52302986], +[ 0.49671415 -0.1382643   0.64768854  1.52302986], +[ 0.49671415 -0.1382643   0.64768854  1.52302986], 3.979, +[ 0.49671415 -0.1382643   0.64768854  1.52302986], +[ 0.49671415 -0.1382643   0.64768854  1.52302986], 3.979, +[ 0.49671415 -0.1382643   0.64768854  1.52302986], +[ 0.49671415 -0.1382643   0.64768854  1.52302986], 3.296, 3.296, +[ 0.49671415 -0.1382643   0.64768854  1.52302986], 3.979, 3.979, +[ 0.49671415 -0.1382643   0.64768854  1.52302986], 3.979, +[ 0.49671415 -0.1382643   0.64768854  1.52302986], +[ 0.49671415 -0.1382643   0.64768854  1.52302986], 3.296, 3.296, 3.296, +[ 0.49671415 -0.1382643   0.64768854  1.52302986], +[ 0.49671415 -0.1382643   0.64768854  1.52302986], +[ 0.49671415 -0.1382643   0.64768854  1.52302986], +[ 0.49671415 -0.1382643   0.64768854  1.52302986], 3.979, 3.979, 3.296, 3.979, 3.296, +[ 0.49671415 -0.1382643   0.64768854  1.52302986], +[ 0.49671415 -0.1382643   0.64768854  1.52302986], 3.979, +[ 0.49671415 -0.1382643   0.64768854  1.52302986], +[ 0.49671415 -0.1382643   0.64768854  1.52302986], 3.979, +[ 0.49671415 -0.1382643   0.64768854  1.52302986], +[ 0.49671415 -0.1382643   0.64768854  1.52302986], 3.296, +[ 0.49671415 -0.1382643   0.64768854  1.52302986], 3.979, 3.979, +[ 0.49671415 -0.1382643   0.64768854  1.52302986], 3.979, +[ 0.49671415 -0.1382643   0.64768854  1.52302986], +[ 0.49671415 -0.1382643   0.64768854  1.52302986], 3.296, 3.296, 3.296, +[ 0.49671415 -0.1382643   0.64768854  1.52302986], +[ 0.49671415 -0.1382643   0.64768854  1.52302986], +[ 0.49671415 -0.1382643   0.64768854  1.52302986], 3.296, 3.296, +[ 0.49671415 -0.1382643   0.64768854  1.52302986], +[ 0.49671415 -0.1382643   0.64768854  1.52302986], +[ 0.49671415 -0.1382643   0.64768854  1.52302986], +[ 0.49671415 -0.1382643   0.64768854  1.52302986], 3.979, 3.979, 3.296, 3.979, 3.296, +[ 0.49671415 -0.1382643   0.64768854  1.52302986], +[ 0.49671415 -0.1382643   0.64768854  1.52302986], 3.296, 3.296, +[ 0.49671415 -0.1382643   0.64768854  1.52302986], +[ 0.49671415 -0.1382643   0.64768854  1.52302986], +[ 0.49671415 -0.1382643   0.64768854  1.52302986], +[ 0.49671415 -0.1382643   0.64768854  1.52302986], 3.979, 3.979, 3.296, +[ 0.49671415 -0.1382643   0.64768854  1.52302986], 3.296, 3.296, 3.296, +[ 0.49671415 -0.1382643   0.64768854  1.52302986], 3.979, +[ 0.49671415 -0.1382643   0.64768854  1.52302986], +[ 0.49671415 -0.1382643   0.64768854  1.52302986], 3.979, +[ 0.49671415 -0.1382643   0.64768854  1.52302986], +[ 0.49671415 -0.1382643   0.64768854  1.52302986], 3.296, 3.296, +[ 0.49671415 -0.1382643   0.64768854  1.52302986], 3.979, 3.979, +[ 0.49671415 -0.1382643   0.64768854  1.52302986], 3.979, +[ 0.49671415 -0.1382643   0.64768854  1.52302986], +[ 0.49671415 -0.1382643   0.64768854  1.52302986], 3.296, 3.296, +[ 0.49671415 -0.1382643   0.64768854  1.52302986], 3.296, 3.296]
Training
	MSE:24742.056
	Rsquared:-3.012
Test:
	MSE:24210.889
	Rsquared:-3.253
10.545130729675293