generations_elite-fitness_number-of-evaluations_time
0_27324.567_64_0.016066551208496094
1_27324.567_128_0.06252384185791016
2_27324.567_192_0.1182405948638916
3_27324.567_256_0.17639875411987305
4_27324.567_320_0.23677754402160645
5_27324.567_384_0.29032182693481445
6_27324.567_448_0.3418154716491699
7_27324.567_512_0.39139699935913086
8_27324.567_576_0.4371986389160156
9_27324.567_640_0.47566795349121094
10_27324.567_704_0.5094690322875977
11_27324.567_768_0.5417766571044922
12_27324.567_832_0.5729358196258545
13_27065.312_896_0.6064708232879639
14_27065.312_960_0.65236496925354
15_26777.092_1024_0.7018327713012695
16_26777.092_1088_0.7489995956420898
17_26777.092_1152_0.803142786026001
18_26777.092_1216_0.8587660789489746
19_26591.484_1280_0.9229214191436768
20_26591.484_1344_0.9913620948791504
21_26350.721_1408_1.072094202041626
22_26061.346_1472_1.3176746368408203
23_26061.346_1536_1.4293272495269775
24_25857.911_1600_1.5640671253204346
25_25685.193_1664_1.7322161197662354
26_25685.193_1728_1.9338583946228027
27_25398.682_1792_2.1708290576934814
28_25398.682_1856_2.4679477214813232
29_25320.065_1920_2.938068389892578
30_24996.79_1983_3.425065517425537
31_24959.758_2043_3.999382734298706
32_24959.758_2104_4.70703387260437
33_24959.758_2159_5.388837814331055
34_24839.98_2214_6.274344444274902
35_24839.98_2264_7.240797519683838
36_24775.838_2312_8.171953916549683
37_24775.838_2362_9.247075080871582
38_24765.832_2412_10.355843305587769
Function found (99nodes ):
	[+[ 0.49671415 -0.1382643   0.64768854  1.52302986], +[ 0.49671415 -0.1382643   0.64768854  1.52302986], +[ 0.49671415 -0.1382643   0.64768854  1.52302986], +[ 0.49671415 -0.1382643   0.64768854  1.52302986], +[ 0.49671415 -0.1382643   0.64768854  1.52302986], +[ 0.49671415 -0.1382643   0.64768854  1.52302986], +[ 0.49671415 -0.1382643   0.64768854  1.52302986], 4.357, +[ 0.49671415 -0.1382643   0.64768854  1.52302986], 4.357, 4.357, +[ 0.49671415 -0.1382643   0.64768854  1.52302986], +[ 0.49671415 -0.1382643   0.64768854  1.52302986], 4.357, +[ 0.49671415 -0.1382643   0.64768854  1.52302986], 4.357, 4.357, +[ 0.49671415 -0.1382643   0.64768854  1.52302986], +[ 0.49671415 -0.1382643   0.64768854  1.52302986], +[ 0.49671415 -0.1382643   0.64768854  1.52302986], 4.357, +[ 0.49671415 -0.1382643   0.64768854  1.52302986], 4.357, 4.357, +[ 0.49671415 -0.1382643   0.64768854  1.52302986], 4.357, 4.357, +[ 0.49671415 -0.1382643   0.64768854  1.52302986], 4.357, 4.357, +[ 0.49671415 -0.1382643   0.64768854  1.52302986], 4.357, 4.357, +[ 0.49671415 -0.1382643   0.64768854  1.52302986], 4.357, +[ 0.49671415 -0.1382643   0.64768854  1.52302986], +[ 0.49671415 -0.1382643   0.64768854  1.52302986], +[ 0.49671415 -0.1382643   0.64768854  1.52302986], +[ 0.49671415 -0.1382643   0.64768854  1.52302986], 4.357, +[ 0.49671415 -0.1382643   0.64768854  1.52302986], 4.357, 4.357, +[ 0.49671415 -0.1382643   0.64768854  1.52302986], 4.357, 4.357, 4.357, 4.357, +[ 0.49671415 -0.1382643   0.64768854  1.52302986], 4.357, 4.357, +[ 0.49671415 -0.1382643   0.64768854  1.52302986], 4.357, +[ 0.49671415 -0.1382643   0.64768854  1.52302986], +[ 0.49671415 -0.1382643   0.64768854  1.52302986], +[ 0.49671415 -0.1382643   0.64768854  1.52302986], +[ 0.49671415 -0.1382643   0.64768854  1.52302986], 4.357, +[ 0.49671415 -0.1382643   0.64768854  1.52302986], 4.357, 4.357, +[ 0.49671415 -0.1382643   0.64768854  1.52302986], 4.357, 4.357, +[ 0.49671415 -0.1382643   0.64768854  1.52302986], 4.357, 4.357, 4.357, +[ 0.49671415 -0.1382643   0.64768854  1.52302986], +[ 0.49671415 -0.1382643   0.64768854  1.52302986], 4.357, 4.357, +[ 0.49671415 -0.1382643   0.64768854  1.52302986], +[ 0.49671415 -0.1382643   0.64768854  1.52302986], +[ 0.49671415 -0.1382643   0.64768854  1.52302986], 4.357, +[ 0.49671415 -0.1382643   0.64768854  1.52302986], 4.357, 4.357, +[ 0.49671415 -0.1382643   0.64768854  1.52302986], 4.357, +[ 0.49671415 -0.1382643   0.64768854  1.52302986], +[ 0.49671415 -0.1382643   0.64768854  1.52302986], +[ 0.49671415 -0.1382643   0.64768854  1.52302986], 4.357, +[ 0.49671415 -0.1382643   0.64768854  1.52302986], 4.357, 4.357, +[ 0.49671415 -0.1382643   0.64768854  1.52302986], 4.357, +[ 0.49671415 -0.1382643   0.64768854  1.52302986], 4.357, 4.357, +[ 0.49671415 -0.1382643   0.64768854  1.52302986], 4.357, 4.357, +[ 0.49671415 -0.1382643   0.64768854  1.52302986], 4.357, 4.357]
Training
	MSE:24765.832
	Rsquared:-3.015
Test:
	MSE:24234.63
	Rsquared:-3.258
10.35596227645874