generations_elite-fitness_number-of-evaluations_time
0_27920.229_64_0.015558242797851562
1_27697.487_128_0.05335521697998047
2_27488.056_192_0.10529565811157227
3_27186.437_256_0.1672196388244629
4_27039.433_320_0.24177026748657227
5_26877.219_384_0.33645057678222656
6_25872.657_448_0.45154356956481934
7_25776.349_512_0.6073551177978516
8_25774.394_576_0.8080260753631592
9_23314.551_640_1.1807796955108643
10_22604.272_704_1.4678411483764648
11_20235.955_768_1.8253681659698486
12_19855.996_832_2.1962735652923584
13_12691.417_896_2.745206832885742
14_8857.856_960_3.264504909515381
15_8857.856_1019_4.076465129852295
16_6308.063_1079_4.879549026489258
17_6308.063_1137_5.945603370666504
18_6248.305_1187_7.124357223510742
19_6149.702_1244_8.34888243675232
20_6149.702_1300_9.361793994903564
21_6149.699_1351_10.54742956161499
22_6149.449_1401_11.772937059402466
23_6149.449_1448_13.03116226196289
24_6149.438_1496_14.342698097229004
25_6149.368_1549_15.505117893218994
Function found (91nodes ):
	[-[-0.23415337 -0.23413696  1.57921282  0.76743473], -[-0.23415337 -0.23413696  1.57921282  0.76743473], -3.218, x3, -[-0.23415337 -0.23413696  1.57921282  0.76743473], -3.218, +[ 0.49671415 -0.1382643   0.64768854  1.52302986], -[-0.23415337 -0.23413696  1.57921282  0.76743473], -3.218, -[-0.23415337 -0.23413696  1.57921282  0.76743473], -3.218, +[ 0.49671415 -0.1382643   0.64768854  1.52302986], -[-0.23415337 -0.23413696  1.57921282  0.76743473], -3.218, -[-0.23415337 -0.23413696  1.57921282  0.76743473], -3.218, +[ 0.49671415 -0.1382643   0.64768854  1.52302986], -[-0.23415337 -0.23413696  1.57921282  0.76743473], -3.218, -[-0.23415337 -0.23413696  1.57921282  0.76743473], -3.218, +[ 0.49671415 -0.1382643   0.64768854  1.52302986], x9, +[ 0.49671415 -0.1382643   0.64768854  1.52302986], -[-0.23415337 -0.23413696  1.57921282  0.76743473], -3.218, -[-0.23415337 -0.23413696  1.57921282  0.76743473], -3.218, +[ 0.49671415 -0.1382643   0.64768854  1.52302986], x9, -[-0.23415337 -0.23413696  1.57921282  0.76743473], -[-0.23415337 -0.23413696  1.57921282  0.76743473], +[ 0.49671415 -0.1382643   0.64768854  1.52302986], -[-0.23415337 -0.23413696  1.57921282  0.76743473], -[-0.23415337 -0.23413696  1.57921282  0.76743473], -3.218, x3, -[-0.23415337 -0.23413696  1.57921282  0.76743473], -3.218, +[ 0.49671415 -0.1382643   0.64768854  1.52302986], x9, -[-0.23415337 -0.23413696  1.57921282  0.76743473], -[-0.23415337 -0.23413696  1.57921282  0.76743473], -3.218, 4.748, -4.081, -3.218, 4.748, -4.081, +[ 0.49671415 -0.1382643   0.64768854  1.52302986], x6, -[-0.23415337 -0.23413696  1.57921282  0.76743473], -[-0.23415337 -0.23413696  1.57921282  0.76743473], -3.218, x3, -[-0.23415337 -0.23413696  1.57921282  0.76743473], -3.218, +[ 0.49671415 -0.1382643   0.64768854  1.52302986], -[-0.23415337 -0.23413696  1.57921282  0.76743473], -3.218, -[-0.23415337 -0.23413696  1.57921282  0.76743473], -3.218, +[ 0.49671415 -0.1382643   0.64768854  1.52302986], x9, -[-0.23415337 -0.23413696  1.57921282  0.76743473], -[-0.23415337 -0.23413696  1.57921282  0.76743473], -3.218, 4.748, -4.081, -[-0.23415337 -0.23413696  1.57921282  0.76743473], -[-0.23415337 -0.23413696  1.57921282  0.76743473], -3.218, 4.748, -[-0.23415337 -0.23413696  1.57921282  0.76743473], -3.218, 4.748, -[-0.23415337 -0.23413696  1.57921282  0.76743473], -[-0.23415337 -0.23413696  1.57921282  0.76743473], 4.908, 4.748, -4.081, -[-0.23415337 -0.23413696  1.57921282  0.76743473], -[-0.23415337 -0.23413696  1.57921282  0.76743473], -3.218, 4.748, -4.081, -[-0.23415337 -0.23413696  1.57921282  0.76743473], -[-0.23415337 -0.23413696  1.57921282  0.76743473], -3.218, 4.748, -4.081]
Training
	MSE:6149.368
	Rsquared:0.003
Test:
	MSE:5675.357
	Rsquared:0.003
15.505244731903076