generations_elite-fitness_number-of-evaluations_time
0_28252.198_64_0.014113187789916992
1_28252.198_128_0.051901817321777344
2_27715.987_192_0.09890222549438477
3_27560.083_256_0.16353821754455566
4_27117.691_320_0.2371833324432373
5_26833.627_384_0.3141167163848877
6_26606.219_448_0.40039753913879395
7_26303.396_512_0.49738216400146484
8_26087.944_576_0.6218996047973633
9_25797.131_640_0.7934179306030273
10_25516.37_704_1.0297441482543945
11_25232.509_768_1.3384597301483154
12_25084.166_832_1.7344374656677246
13_25059.874_893_2.254941463470459
14_24712.751_951_3.5031676292419434
15_24712.751_1012_4.098588705062866
16_24712.751_1072_4.926353454589844
17_24660.658_1129_5.856504917144775
18_24651.552_1185_6.699086427688599
19_24576.899_1240_7.690347194671631
20_24528.627_1293_8.731463193893433
21_24524.411_1344_9.63625192642212
22_24474.638_1395_10.646921157836914
23_24474.638_1453_11.68236756324768
24_24474.638_1504_12.580743789672852
25_24370.366_1554_13.648414373397827
26_24370.366_1601_14.7530837059021
27_24356.968_1655_15.860912084579468
28_24356.441_1708_16.772265434265137
29_24280.314_1764_17.84773540496826
30_24271.191_1815_19.00349235534668
31_24237.907_1864_20.219706296920776
Function found (95nodes ):
	[+[ 0.49671415 -0.1382643   0.64768854  1.52302986], +[ 0.49671415 -0.1382643   0.64768854  1.52302986], +[ 0.49671415 -0.1382643   0.64768854  1.52302986], 4.51, 4.51, +[ 0.49671415 -0.1382643   0.64768854  1.52302986], +[ 0.49671415 -0.1382643   0.64768854  1.52302986], 4.51, +[ 0.49671415 -0.1382643   0.64768854  1.52302986], 4.51, +[ 0.49671415 -0.1382643   0.64768854  1.52302986], 4.51, +[ 0.49671415 -0.1382643   0.64768854  1.52302986], 4.51, 4.51, +[ 0.49671415 -0.1382643   0.64768854  1.52302986], +[ 0.49671415 -0.1382643   0.64768854  1.52302986], x7, 4.51, /[ 0.24196227 -1.91328024 -1.72491783 -0.56228753], x5, x6, +[ 0.49671415 -0.1382643   0.64768854  1.52302986], +[ 0.49671415 -0.1382643   0.64768854  1.52302986], +[ 0.49671415 -0.1382643   0.64768854  1.52302986], 4.51, +[ 0.49671415 -0.1382643   0.64768854  1.52302986], 4.51, +[ 0.49671415 -0.1382643   0.64768854  1.52302986], +[ 0.49671415 -0.1382643   0.64768854  1.52302986], x7, 4.51, /[ 0.24196227 -1.91328024 -1.72491783 -0.56228753], x5, x6, +[ 0.49671415 -0.1382643   0.64768854  1.52302986], 4.51, +[ 0.49671415 -0.1382643   0.64768854  1.52302986], +[ 0.49671415 -0.1382643   0.64768854  1.52302986], 4.51, +[ 0.49671415 -0.1382643   0.64768854  1.52302986], 4.51, +[ 0.49671415 -0.1382643   0.64768854  1.52302986], 4.51, +[ 0.49671415 -0.1382643   0.64768854  1.52302986], 4.51, 4.51, +[ 0.49671415 -0.1382643   0.64768854  1.52302986], 4.51, +[ 0.49671415 -0.1382643   0.64768854  1.52302986], 4.51, +[ 0.49671415 -0.1382643   0.64768854  1.52302986], 4.51, +[ 0.49671415 -0.1382643   0.64768854  1.52302986], 4.51, 4.51, +[ 0.49671415 -0.1382643   0.64768854  1.52302986], +[ 0.49671415 -0.1382643   0.64768854  1.52302986], 4.51, +[ 0.49671415 -0.1382643   0.64768854  1.52302986], +[ 0.49671415 -0.1382643   0.64768854  1.52302986], 4.51, +[ 0.49671415 -0.1382643   0.64768854  1.52302986], 4.51, +[ 0.49671415 -0.1382643   0.64768854  1.52302986], 4.51, +[ 0.49671415 -0.1382643   0.64768854  1.52302986], 4.51, 4.51, +[ 0.49671415 -0.1382643   0.64768854  1.52302986], 4.51, +[ 0.49671415 -0.1382643   0.64768854  1.52302986], 4.51, 4.51, +[ 0.49671415 -0.1382643   0.64768854  1.52302986], 4.51, +[ 0.49671415 -0.1382643   0.64768854  1.52302986], +[ 0.49671415 -0.1382643   0.64768854  1.52302986], 4.51, +[ 0.49671415 -0.1382643   0.64768854  1.52302986], 4.51, +[ 0.49671415 -0.1382643   0.64768854  1.52302986], 4.51, +[ 0.49671415 -0.1382643   0.64768854  1.52302986], 4.51, 4.51, +[ 0.49671415 -0.1382643   0.64768854  1.52302986], 4.51, +[ 0.49671415 -0.1382643   0.64768854  1.52302986], 4.51, +[ 0.49671415 -0.1382643   0.64768854  1.52302986], 4.51, +[ 0.49671415 -0.1382643   0.64768854  1.52302986], 4.51, 4.51]
Training
	MSE:24237.907
	Rsquared:-2.93
Test:
	MSE:23706.494
	Rsquared:-3.165
20.23008418083191