generations_elite-fitness_number-of-evaluations_time
0_27856.856_64_0.013833045959472656
1_27856.856_128_0.04773688316345215
2_27856.856_192_0.09225893020629883
3_27759.754_256_0.13732600212097168
4_27294.012_320_0.1653444766998291
5_27294.012_384_0.19205927848815918
6_27194.723_448_0.22879719734191895
7_26900.196_512_0.2781951427459717
8_26549.849_576_0.32981085777282715
9_26357.268_640_0.3944718837738037
10_26137.999_704_0.47546863555908203
11_25822.1_768_0.5709249973297119
12_25730.353_832_0.6947097778320312
13_25482.269_896_0.8624522686004639
14_25127.987_960_1.2176387310028076
15_24811.628_1024_1.4798657894134521
16_24811.628_1088_1.7718710899353027
17_24618.997_1152_2.152698516845703
18_24592.41_1216_2.7094523906707764
19_24350.773_1278_3.24843692779541
20_24350.773_1335_3.9653379917144775
21_24350.773_1392_4.715510368347168
22_24331.907_1450_5.629298448562622
Function found (97nodes ):
	[+[ 0.49671415 -0.1382643   0.64768854  1.52302986], +[ 0.49671415 -0.1382643   0.64768854  1.52302986], +[ 0.49671415 -0.1382643   0.64768854  1.52302986], 4.963, +[ 0.49671415 -0.1382643   0.64768854  1.52302986], +[ 0.49671415 -0.1382643   0.64768854  1.52302986], 4.963, 4.963, +[ 0.49671415 -0.1382643   0.64768854  1.52302986], +[ 0.49671415 -0.1382643   0.64768854  1.52302986], +[ 0.49671415 -0.1382643   0.64768854  1.52302986], +[ 0.49671415 -0.1382643   0.64768854  1.52302986], +[ 0.49671415 -0.1382643   0.64768854  1.52302986], 4.963, +[ 0.49671415 -0.1382643   0.64768854  1.52302986], 4.963, 4.963, +[ 0.49671415 -0.1382643   0.64768854  1.52302986], 4.963, 4.963, 4.963, +[ 0.49671415 -0.1382643   0.64768854  1.52302986], 4.963, 4.963, +[ 0.49671415 -0.1382643   0.64768854  1.52302986], +[ 0.49671415 -0.1382643   0.64768854  1.52302986], +[ 0.49671415 -0.1382643   0.64768854  1.52302986], 4.963, +[ 0.49671415 -0.1382643   0.64768854  1.52302986], +[ 0.49671415 -0.1382643   0.64768854  1.52302986], 4.963, 4.963, +[ 0.49671415 -0.1382643   0.64768854  1.52302986], 4.963, 4.963, +[ 0.49671415 -0.1382643   0.64768854  1.52302986], +[ 0.49671415 -0.1382643   0.64768854  1.52302986], +[ 0.49671415 -0.1382643   0.64768854  1.52302986], 4.963, 4.963, +[ 0.49671415 -0.1382643   0.64768854  1.52302986], 4.963, 4.963, 4.963, +[ 0.49671415 -0.1382643   0.64768854  1.52302986], 4.963, +[ 0.49671415 -0.1382643   0.64768854  1.52302986], +[ 0.49671415 -0.1382643   0.64768854  1.52302986], 4.963, +[ 0.49671415 -0.1382643   0.64768854  1.52302986], +[ 0.49671415 -0.1382643   0.64768854  1.52302986], 4.963, 4.963, 4.963, 4.963, +[ 0.49671415 -0.1382643   0.64768854  1.52302986], +[ 0.49671415 -0.1382643   0.64768854  1.52302986], +[ 0.49671415 -0.1382643   0.64768854  1.52302986], 4.963, 4.963, +[ 0.49671415 -0.1382643   0.64768854  1.52302986], 4.963, 4.963, 4.963, +[ 0.49671415 -0.1382643   0.64768854  1.52302986], +[ 0.49671415 -0.1382643   0.64768854  1.52302986], +[ 0.49671415 -0.1382643   0.64768854  1.52302986], 4.963, +[ 0.49671415 -0.1382643   0.64768854  1.52302986], +[ 0.49671415 -0.1382643   0.64768854  1.52302986], 4.963, 4.963, +[ 0.49671415 -0.1382643   0.64768854  1.52302986], 4.963, 4.963, +[ 0.49671415 -0.1382643   0.64768854  1.52302986], +[ 0.49671415 -0.1382643   0.64768854  1.52302986], +[ 0.49671415 -0.1382643   0.64768854  1.52302986], 4.963, +[ 0.49671415 -0.1382643   0.64768854  1.52302986], 4.963, 4.963, +[ 0.49671415 -0.1382643   0.64768854  1.52302986], 4.963, 4.963, 4.963, +[ 0.49671415 -0.1382643   0.64768854  1.52302986], 4.963, +[ 0.49671415 -0.1382643   0.64768854  1.52302986], +[ 0.49671415 -0.1382643   0.64768854  1.52302986], 4.963, +[ 0.49671415 -0.1382643   0.64768854  1.52302986], +[ 0.49671415 -0.1382643   0.64768854  1.52302986], 4.963, 4.963, 4.963, 4.963]
Training
	MSE:24331.907
	Rsquared:-2.945
Test:
	MSE:23801.357
	Rsquared:-3.182
5.629405975341797