generations_elite-fitness_number-of-evaluations_time
0_28085.137_64_0.01292872428894043
1_28085.137_128_0.0489962100982666
2_28032.303_192_0.08101868629455566
3_28032.303_256_0.11418867111206055
4_27574.161_320_0.14525604248046875
5_27515.925_384_0.18093204498291016
6_27223.084_448_1.0295121669769287
7_26890.744_512_1.0910556316375732
8_26753.177_576_1.1648459434509277
9_26577.772_640_1.237971305847168
10_26577.772_704_1.317000150680542
11_26301.305_768_1.415041446685791
12_26125.815_832_1.5392444133758545
13_25953.081_896_1.6835615634918213
14_25801.707_960_1.8588252067565918
15_25496.738_1024_2.0673959255218506
16_25355.678_1088_2.3323845863342285
17_25355.678_1152_2.7920169830322266
18_25344.911_1214_3.1994519233703613
19_25073.217_1276_3.708048105239868
20_24970.081_1336_4.403841972351074
21_24851.432_1397_5.0124077796936035
22_24744.313_1454_5.8238444328308105
23_24744.313_1513_6.524071455001831
24_24547.142_1573_7.389549016952515
25_24547.142_1629_8.250596523284912
26_24452.833_1682_9.078327655792236
27_24452.833_1738_10.006606101989746
28_24452.833_1792_11.042492389678955
29_24432.215_1842_11.909063339233398
30_24422.703_1893_12.857094526290894
31_24388.412_1948_13.602815389633179
32_24251.988_2011_14.450734376907349
33_24251.988_2059_15.418756484985352
Function found (95nodes ):
	[+[ 0.49671415 -0.1382643   0.64768854  1.52302986], +[ 0.49671415 -0.1382643   0.64768854  1.52302986], +[ 0.49671415 -0.1382643   0.64768854  1.52302986], +[ 0.49671415 -0.1382643   0.64768854  1.52302986], 4.19, +[ 0.49671415 -0.1382643   0.64768854  1.52302986], 4.19, x0, +[ 0.49671415 -0.1382643   0.64768854  1.52302986], 4.19, +[ 0.49671415 -0.1382643   0.64768854  1.52302986], 4.19, 4.19, +[ 0.49671415 -0.1382643   0.64768854  1.52302986], +[ 0.49671415 -0.1382643   0.64768854  1.52302986], +[ 0.49671415 -0.1382643   0.64768854  1.52302986], 4.19, +[ 0.49671415 -0.1382643   0.64768854  1.52302986], 4.19, 4.19, +[ 0.49671415 -0.1382643   0.64768854  1.52302986], +[ 0.49671415 -0.1382643   0.64768854  1.52302986], 4.19, +[ 0.49671415 -0.1382643   0.64768854  1.52302986], 4.19, x0, +[ 0.49671415 -0.1382643   0.64768854  1.52302986], +[ 0.49671415 -0.1382643   0.64768854  1.52302986], 4.19, +[ 0.49671415 -0.1382643   0.64768854  1.52302986], 4.19, x0, +[ 0.49671415 -0.1382643   0.64768854  1.52302986], 4.19, +[ 0.49671415 -0.1382643   0.64768854  1.52302986], 4.19, 4.19, +[ 0.49671415 -0.1382643   0.64768854  1.52302986], 4.19, +[ 0.49671415 -0.1382643   0.64768854  1.52302986], 4.19, 4.19, +[ 0.49671415 -0.1382643   0.64768854  1.52302986], +[ 0.49671415 -0.1382643   0.64768854  1.52302986], +[ 0.49671415 -0.1382643   0.64768854  1.52302986], 4.19, +[ 0.49671415 -0.1382643   0.64768854  1.52302986], 4.19, x0, +[ 0.49671415 -0.1382643   0.64768854  1.52302986], 4.19, +[ 0.49671415 -0.1382643   0.64768854  1.52302986], 4.19, 4.19, +[ 0.49671415 -0.1382643   0.64768854  1.52302986], +[ 0.49671415 -0.1382643   0.64768854  1.52302986], +[ 0.49671415 -0.1382643   0.64768854  1.52302986], 4.19, +[ 0.49671415 -0.1382643   0.64768854  1.52302986], 4.19, x0, +[ 0.49671415 -0.1382643   0.64768854  1.52302986], 4.19, +[ 0.49671415 -0.1382643   0.64768854  1.52302986], 4.19, 4.19, +[ 0.49671415 -0.1382643   0.64768854  1.52302986], +[ 0.49671415 -0.1382643   0.64768854  1.52302986], +[ 0.49671415 -0.1382643   0.64768854  1.52302986], 4.19, +[ 0.49671415 -0.1382643   0.64768854  1.52302986], 4.19, 4.19, +[ 0.49671415 -0.1382643   0.64768854  1.52302986], +[ 0.49671415 -0.1382643   0.64768854  1.52302986], 4.19, +[ 0.49671415 -0.1382643   0.64768854  1.52302986], 4.19, x0, +[ 0.49671415 -0.1382643   0.64768854  1.52302986], +[ 0.49671415 -0.1382643   0.64768854  1.52302986], 4.19, +[ 0.49671415 -0.1382643   0.64768854  1.52302986], 4.19, 4.19, +[ 0.49671415 -0.1382643   0.64768854  1.52302986], 4.19, +[ 0.49671415 -0.1382643   0.64768854  1.52302986], 4.19, 4.19, +[ 0.49671415 -0.1382643   0.64768854  1.52302986], 4.19, +[ 0.49671415 -0.1382643   0.64768854  1.52302986], 4.19, 4.19]
Training
	MSE:24251.988
	Rsquared:-2.932
Test:
	MSE:23721.346
	Rsquared:-3.167
15.418895483016968