generations_elite-fitness_number-of-evaluations_time
0_28077.726_64_0.19397807121276855
1_28077.726_128_0.29127073287963867
2_28077.726_192_0.37922048568725586
3_27627.567_256_0.4237711429595947
4_27557.981_320_0.47119641304016113
5_27296.664_384_0.5344240665435791
6_27241.622_448_0.6088993549346924
7_26703.264_512_0.6970946788787842
8_26488.844_576_0.801513671875
9_26488.844_640_0.932440996170044
10_26469.211_704_1.0840821266174316
11_25942.551_768_1.2408041954040527
12_25942.551_832_1.4052727222442627
13_25942.551_896_1.6890380382537842
14_25321.636_960_1.9544236660003662
15_25321.636_1024_2.2904560565948486
16_25321.636_1088_2.724104881286621
17_25233.559_1151_3.3231003284454346
18_24900.661_1214_3.9004881381988525
19_24900.661_1277_4.660357236862183
20_24824.908_1338_5.328691244125366
21_24824.908_1400_6.1498847007751465
22_24824.908_1461_6.908686399459839
23_24821.478_1521_7.856762647628784
24_24733.022_1582_8.798096656799316
25_24683.083_1643_9.565981149673462
26_24643.743_1702_10.445020914077759
27_24637.085_1764_11.164034605026245
28_24589.039_1821_12.156024932861328
29_24589.039_1881_13.083264350891113
30_24589.039_1939_13.863890409469604
31_24585.004_1999_14.754560708999634
32_24585.004_2059_15.688567876815796
Function found (99nodes ):
	[+[ 0.49671415 -0.1382643   0.64768854  1.52302986], +[ 0.49671415 -0.1382643   0.64768854  1.52302986], 3.885, +[ 0.49671415 -0.1382643   0.64768854  1.52302986], +[ 0.49671415 -0.1382643   0.64768854  1.52302986], 3.885, +[ 0.49671415 -0.1382643   0.64768854  1.52302986], 3.885, /[ 0.24196227 -1.91328024 -1.72491783 -0.56228753], x7, x5, +[ 0.49671415 -0.1382643   0.64768854  1.52302986], +[ 0.49671415 -0.1382643   0.64768854  1.52302986], 3.885, 3.885, +[ 0.49671415 -0.1382643   0.64768854  1.52302986], 3.885, +[ 0.49671415 -0.1382643   0.64768854  1.52302986], 3.885, +[ 0.49671415 -0.1382643   0.64768854  1.52302986], 3.885, +[ 0.49671415 -0.1382643   0.64768854  1.52302986], 3.885, 3.885, +[ 0.49671415 -0.1382643   0.64768854  1.52302986], +[ 0.49671415 -0.1382643   0.64768854  1.52302986], 3.885, +[ 0.49671415 -0.1382643   0.64768854  1.52302986], +[ 0.49671415 -0.1382643   0.64768854  1.52302986], 3.885, +[ 0.49671415 -0.1382643   0.64768854  1.52302986], 3.885, /[ 0.24196227 -1.91328024 -1.72491783 -0.56228753], x7, x5, +[ 0.49671415 -0.1382643   0.64768854  1.52302986], +[ 0.49671415 -0.1382643   0.64768854  1.52302986], 3.885, +[ 0.49671415 -0.1382643   0.64768854  1.52302986], 3.885, +[ 0.49671415 -0.1382643   0.64768854  1.52302986], 3.885, +[ 0.49671415 -0.1382643   0.64768854  1.52302986], 3.885, +[ 0.49671415 -0.1382643   0.64768854  1.52302986], 3.885, +[ 0.49671415 -0.1382643   0.64768854  1.52302986], 3.885, 3.885, +[ 0.49671415 -0.1382643   0.64768854  1.52302986], 3.885, +[ 0.49671415 -0.1382643   0.64768854  1.52302986], 3.885, +[ 0.49671415 -0.1382643   0.64768854  1.52302986], 3.885, +[ 0.49671415 -0.1382643   0.64768854  1.52302986], 3.885, 3.885, +[ 0.49671415 -0.1382643   0.64768854  1.52302986], +[ 0.49671415 -0.1382643   0.64768854  1.52302986], +[ 0.49671415 -0.1382643   0.64768854  1.52302986], 3.885, +[ 0.49671415 -0.1382643   0.64768854  1.52302986], 3.885, /[ 0.24196227 -1.91328024 -1.72491783 -0.56228753], x7, x5, +[ 0.49671415 -0.1382643   0.64768854  1.52302986], 3.885, +[ 0.49671415 -0.1382643   0.64768854  1.52302986], 3.885, +[ 0.49671415 -0.1382643   0.64768854  1.52302986], 3.885, +[ 0.49671415 -0.1382643   0.64768854  1.52302986], 3.885, +[ 0.49671415 -0.1382643   0.64768854  1.52302986], 3.885, 3.885, +[ 0.49671415 -0.1382643   0.64768854  1.52302986], 3.885, +[ 0.49671415 -0.1382643   0.64768854  1.52302986], 3.885, +[ 0.49671415 -0.1382643   0.64768854  1.52302986], +[ 0.49671415 -0.1382643   0.64768854  1.52302986], 3.885, +[ 0.49671415 -0.1382643   0.64768854  1.52302986], 3.885, +[ 0.49671415 -0.1382643   0.64768854  1.52302986], 3.885, +[ 0.49671415 -0.1382643   0.64768854  1.52302986], 3.885, +[ 0.49671415 -0.1382643   0.64768854  1.52302986], 3.885, 3.885, +[ 0.49671415 -0.1382643   0.64768854  1.52302986], 3.885, +[ 0.49671415 -0.1382643   0.64768854  1.52302986], 3.885, 3.885]
Training
	MSE:24585.004
	Rsquared:-2.986
Test:
	MSE:24055.127
	Rsquared:-3.226
15.688695907592773