generations_elite-fitness_number-of-evaluations_time
0_28246.803_64_0.042609214782714844
1_28246.803_128_0.14416241645812988
2_27703.789_192_0.2612793445587158
3_27355.693_256_0.34650421142578125
4_27173.295_320_0.42960548400878906
5_26833.773_384_0.5189037322998047
6_26324.812_447_0.6513888835906982
7_25865.143_511_0.8533511161804199
8_25557.213_575_1.147942066192627
9_25367.772_639_1.683551549911499
10_25090.049_702_2.244107246398926
11_24815.308_757_3.060159683227539
12_24814.582_813_3.8506522178649902
13_24786.89_868_4.866740703582764
14_24669.8_915_6.0060670375823975
Function found (99nodes ):
	[+[ 0.49671415 -0.1382643   0.64768854  1.52302986], +[ 0.49671415 -0.1382643   0.64768854  1.52302986], +[ 0.49671415 -0.1382643   0.64768854  1.52302986], 3.499, +[ 0.49671415 -0.1382643   0.64768854  1.52302986], 3.499, +[ 0.49671415 -0.1382643   0.64768854  1.52302986], 3.499, +[ 0.49671415 -0.1382643   0.64768854  1.52302986], +[ 0.49671415 -0.1382643   0.64768854  1.52302986], +[ 0.49671415 -0.1382643   0.64768854  1.52302986], 3.499, 3.645, x6, +[ 0.49671415 -0.1382643   0.64768854  1.52302986], 3.499, +[ 0.49671415 -0.1382643   0.64768854  1.52302986], 3.645, 3.645, +[ 0.49671415 -0.1382643   0.64768854  1.52302986], +[ 0.49671415 -0.1382643   0.64768854  1.52302986], 3.499, 3.645, +[ 0.49671415 -0.1382643   0.64768854  1.52302986], +[ 0.49671415 -0.1382643   0.64768854  1.52302986], 3.499, +[ 0.49671415 -0.1382643   0.64768854  1.52302986], 3.499, +[ 0.49671415 -0.1382643   0.64768854  1.52302986], 3.499, +[ 0.49671415 -0.1382643   0.64768854  1.52302986], +[ 0.49671415 -0.1382643   0.64768854  1.52302986], +[ 0.49671415 -0.1382643   0.64768854  1.52302986], 3.499, 3.645, x6, +[ 0.49671415 -0.1382643   0.64768854  1.52302986], 3.499, +[ 0.49671415 -0.1382643   0.64768854  1.52302986], 3.499, 3.645, +[ 0.49671415 -0.1382643   0.64768854  1.52302986], +[ 0.49671415 -0.1382643   0.64768854  1.52302986], 3.499, 3.645, +[ 0.49671415 -0.1382643   0.64768854  1.52302986], 3.499, +[ 0.49671415 -0.1382643   0.64768854  1.52302986], 3.499, 3.645, +[ 0.49671415 -0.1382643   0.64768854  1.52302986], +[ 0.49671415 -0.1382643   0.64768854  1.52302986], 3.499, +[ 0.49671415 -0.1382643   0.64768854  1.52302986], 3.499, +[ 0.49671415 -0.1382643   0.64768854  1.52302986], 3.499, +[ 0.49671415 -0.1382643   0.64768854  1.52302986], +[ 0.49671415 -0.1382643   0.64768854  1.52302986], +[ 0.49671415 -0.1382643   0.64768854  1.52302986], 3.499, 3.645, x6, +[ 0.49671415 -0.1382643   0.64768854  1.52302986], 3.499, +[ 0.49671415 -0.1382643   0.64768854  1.52302986], 3.645, 3.645, +[ 0.49671415 -0.1382643   0.64768854  1.52302986], +[ 0.49671415 -0.1382643   0.64768854  1.52302986], 3.499, 3.645, +[ 0.49671415 -0.1382643   0.64768854  1.52302986], +[ 0.49671415 -0.1382643   0.64768854  1.52302986], 3.499, +[ 0.49671415 -0.1382643   0.64768854  1.52302986], 3.499, +[ 0.49671415 -0.1382643   0.64768854  1.52302986], 3.499, +[ 0.49671415 -0.1382643   0.64768854  1.52302986], +[ 0.49671415 -0.1382643   0.64768854  1.52302986], +[ 0.49671415 -0.1382643   0.64768854  1.52302986], 3.499, 3.645, x6, +[ 0.49671415 -0.1382643   0.64768854  1.52302986], 3.499, +[ 0.49671415 -0.1382643   0.64768854  1.52302986], 3.499, 3.645, +[ 0.49671415 -0.1382643   0.64768854  1.52302986], +[ 0.49671415 -0.1382643   0.64768854  1.52302986], 3.499, 3.645, +[ 0.49671415 -0.1382643   0.64768854  1.52302986], 3.499, +[ 0.49671415 -0.1382643   0.64768854  1.52302986], 3.499, 3.645]
Training
	MSE:24669.8
	Rsquared:-3.0
Test:
	MSE:24138.797
	Rsquared:-3.241
6.006259918212891