generations_elite-fitness_number-of-evaluations_time
0_28235.144_64_0.014491081237792969
1_28235.144_128_0.04638051986694336
2_27532.795_192_0.08581805229187012
3_27323.574_256_0.12107062339782715
4_26795.798_320_0.16896486282348633
5_26610.227_384_0.2400496006011963
6_26389.849_448_0.3269622325897217
7_26358.61_512_0.633538007736206
8_25852.132_576_0.7990884780883789
9_25654.679_640_1.0002021789550781
10_25443.803_704_1.1927869319915771
11_25426.97_768_1.437748670578003
12_25081.543_832_1.7757461071014404
13_25081.543_896_2.283790349960327
14_25071.58_958_2.835719108581543
15_25000.322_1017_3.7274439334869385
16_25000.322_1077_4.546159982681274
17_25000.119_1134_5.5816650390625
18_24985.374_1187_6.615423202514648
19_24829.665_1240_7.6974828243255615
20_24824.251_1292_8.606785774230957
21_24638.591_1346_9.624435663223267
22_24638.591_1402_10.704635858535767
23_24623.391_1456_11.598559141159058
24_24514.747_1508_12.657674074172974
25_24514.747_1562_13.693811416625977
26_24514.106_1615_14.800380945205688
27_24500.442_1670_15.685828924179077
28_24500.442_1725_16.69085192680359
29_24463.205_1777_17.794215202331543
30_24401.6_1826_18.9066059589386
31_24401.6_1878_19.80328130722046
32_24370.233_1936_20.8036208152771
Function found (93nodes ):
	[+[ 0.49671415 -0.1382643   0.64768854  1.52302986], +[ 0.49671415 -0.1382643   0.64768854  1.52302986], +[ 0.49671415 -0.1382643   0.64768854  1.52302986], 4.623, +[ 0.49671415 -0.1382643   0.64768854  1.52302986], +[ 0.49671415 -0.1382643   0.64768854  1.52302986], 4.623, +[ 0.49671415 -0.1382643   0.64768854  1.52302986], 4.623, 4.623, +[ 0.49671415 -0.1382643   0.64768854  1.52302986], +[ 0.49671415 -0.1382643   0.64768854  1.52302986], 4.623, +[ 0.49671415 -0.1382643   0.64768854  1.52302986], 4.623, 4.623, +[ 0.49671415 -0.1382643   0.64768854  1.52302986], +[ 0.49671415 -0.1382643   0.64768854  1.52302986], 4.623, +[ 0.49671415 -0.1382643   0.64768854  1.52302986], 4.623, 4.623, +[ 0.49671415 -0.1382643   0.64768854  1.52302986], 4.623, 4.623, +[ 0.49671415 -0.1382643   0.64768854  1.52302986], 4.623, +[ 0.49671415 -0.1382643   0.64768854  1.52302986], 4.623, +[ 0.49671415 -0.1382643   0.64768854  1.52302986], +[ 0.49671415 -0.1382643   0.64768854  1.52302986], +[ 0.49671415 -0.1382643   0.64768854  1.52302986], 4.623, +[ 0.49671415 -0.1382643   0.64768854  1.52302986], +[ 0.49671415 -0.1382643   0.64768854  1.52302986], 4.623, +[ 0.49671415 -0.1382643   0.64768854  1.52302986], 4.623, 4.623, +[ 0.49671415 -0.1382643   0.64768854  1.52302986], +[ 0.49671415 -0.1382643   0.64768854  1.52302986], 4.623, +[ 0.49671415 -0.1382643   0.64768854  1.52302986], 4.623, 4.623, +[ 0.49671415 -0.1382643   0.64768854  1.52302986], +[ 0.49671415 -0.1382643   0.64768854  1.52302986], 4.623, +[ 0.49671415 -0.1382643   0.64768854  1.52302986], 4.623, 4.623, +[ 0.49671415 -0.1382643   0.64768854  1.52302986], 4.623, 4.623, +[ 0.49671415 -0.1382643   0.64768854  1.52302986], 4.623, +[ 0.49671415 -0.1382643   0.64768854  1.52302986], 4.623, +[ 0.49671415 -0.1382643   0.64768854  1.52302986], 4.623, x4, +[ 0.49671415 -0.1382643   0.64768854  1.52302986], +[ 0.49671415 -0.1382643   0.64768854  1.52302986], 4.623, +[ 0.49671415 -0.1382643   0.64768854  1.52302986], 4.623, 4.623, +[ 0.49671415 -0.1382643   0.64768854  1.52302986], 4.623, 4.623, +[ 0.49671415 -0.1382643   0.64768854  1.52302986], +[ 0.49671415 -0.1382643   0.64768854  1.52302986], 4.623, +[ 0.49671415 -0.1382643   0.64768854  1.52302986], 4.623, 4.623, +[ 0.49671415 -0.1382643   0.64768854  1.52302986], +[ 0.49671415 -0.1382643   0.64768854  1.52302986], 4.623, +[ 0.49671415 -0.1382643   0.64768854  1.52302986], 4.623, 4.623, +[ 0.49671415 -0.1382643   0.64768854  1.52302986], +[ 0.49671415 -0.1382643   0.64768854  1.52302986], 4.623, +[ 0.49671415 -0.1382643   0.64768854  1.52302986], 4.623, +[ 0.49671415 -0.1382643   0.64768854  1.52302986], 4.623, 4.623, +[ 0.49671415 -0.1382643   0.64768854  1.52302986], 4.623, 4.623]
Training
	MSE:24370.233
	Rsquared:-2.951
Test:
	MSE:23839.624
	Rsquared:-3.188
20.803755044937134