generations_elite-fitness_number-of-evaluations_time
0_27980.15_64_0.06423711776733398
1_27980.15_128_0.22101235389709473
2_27980.15_192_0.336517333984375
3_27980.15_256_0.3994255065917969
4_27613.707_320_0.43161702156066895
5_27381.422_384_0.455721378326416
6_27381.422_448_0.47893309593200684
7_27378.022_512_0.5089128017425537
8_26998.079_576_0.5504684448242188
9_26591.739_640_0.6078505516052246
10_26369.838_704_0.6848485469818115
11_26128.142_768_0.7892675399780273
12_25921.746_832_0.928598165512085
13_25550.048_896_1.1151978969573975
14_25423.015_960_1.514040470123291
15_25119.815_1024_1.8093879222869873
16_24952.645_1088_2.175912618637085
17_24835.924_1152_2.6356918811798096
18_24673.365_1213_3.2789571285247803
19_24673.365_1274_3.9517414569854736
20_24586.651_1329_4.901879549026489
21_24293.599_1386_5.894346714019775
22_24293.599_1436_6.979276180267334
23_24293.599_1485_7.943455696105957
24_24226.308_1535_9.034010648727417
25_24226.308_1585_10.169847249984741
26_24226.308_1626_11.361374616622925
27_24148.265_1669_12.51552963256836
28_24148.265_1708_13.59029483795166
29_24118.246_1752_14.790634870529175
30_24118.246_1799_15.98725414276123
31_24111.59_1838_17.225873708724976
32_24034.454_1884_18.45573616027832
33_23996.056_1927_19.717939138412476
34_23996.056_1970_21.001343250274658
Function found (99nodes ):
	[+[ 0.49671415 -0.1382643   0.64768854  1.52302986], +[ 0.49671415 -0.1382643   0.64768854  1.52302986], +[ 0.49671415 -0.1382643   0.64768854  1.52302986], +[ 0.49671415 -0.1382643   0.64768854  1.52302986], 4.545, 4.545, +[ 0.49671415 -0.1382643   0.64768854  1.52302986], 4.545, +[ 0.49671415 -0.1382643   0.64768854  1.52302986], +[ 0.49671415 -0.1382643   0.64768854  1.52302986], 4.545, +[ 0.49671415 -0.1382643   0.64768854  1.52302986], 4.545, +[ 0.49671415 -0.1382643   0.64768854  1.52302986], 4.545, 4.545, +[ 0.49671415 -0.1382643   0.64768854  1.52302986], 4.545, +[ 0.49671415 -0.1382643   0.64768854  1.52302986], 4.545, +[ 0.49671415 -0.1382643   0.64768854  1.52302986], 4.545, +[ 0.49671415 -0.1382643   0.64768854  1.52302986], 2.944, 4.545, +[ 0.49671415 -0.1382643   0.64768854  1.52302986], +[ 0.49671415 -0.1382643   0.64768854  1.52302986], +[ 0.49671415 -0.1382643   0.64768854  1.52302986], 2.944, 4.545, 4.545, +[ 0.49671415 -0.1382643   0.64768854  1.52302986], +[ 0.49671415 -0.1382643   0.64768854  1.52302986], 4.545, 4.545, +[ 0.49671415 -0.1382643   0.64768854  1.52302986], 4.545, +[ 0.49671415 -0.1382643   0.64768854  1.52302986], 4.545, +[ 0.49671415 -0.1382643   0.64768854  1.52302986], 4.545, +[ 0.49671415 -0.1382643   0.64768854  1.52302986], 2.944, 4.545, +[ 0.49671415 -0.1382643   0.64768854  1.52302986], +[ 0.49671415 -0.1382643   0.64768854  1.52302986], 4.545, +[ 0.49671415 -0.1382643   0.64768854  1.52302986], 4.545, +[ 0.49671415 -0.1382643   0.64768854  1.52302986], 2.944, 4.545, +[ 0.49671415 -0.1382643   0.64768854  1.52302986], +[ 0.49671415 -0.1382643   0.64768854  1.52302986], 4.545, +[ 0.49671415 -0.1382643   0.64768854  1.52302986], 4.545, 4.545, +[ 0.49671415 -0.1382643   0.64768854  1.52302986], +[ 0.49671415 -0.1382643   0.64768854  1.52302986], +[ 0.49671415 -0.1382643   0.64768854  1.52302986], 4.545, 4.545, +[ 0.49671415 -0.1382643   0.64768854  1.52302986], 4.545, +[ 0.49671415 -0.1382643   0.64768854  1.52302986], +[ 0.49671415 -0.1382643   0.64768854  1.52302986], 4.545, 4.545, +[ 0.49671415 -0.1382643   0.64768854  1.52302986], 4.545, +[ 0.49671415 -0.1382643   0.64768854  1.52302986], 4.545, +[ 0.49671415 -0.1382643   0.64768854  1.52302986], 4.545, +[ 0.49671415 -0.1382643   0.64768854  1.52302986], 2.944, 4.545, +[ 0.49671415 -0.1382643   0.64768854  1.52302986], +[ 0.49671415 -0.1382643   0.64768854  1.52302986], +[ 0.49671415 -0.1382643   0.64768854  1.52302986], 2.944, 4.545, 4.545, +[ 0.49671415 -0.1382643   0.64768854  1.52302986], +[ 0.49671415 -0.1382643   0.64768854  1.52302986], 4.545, +[ 0.49671415 -0.1382643   0.64768854  1.52302986], 4.545, 4.545, +[ 0.49671415 -0.1382643   0.64768854  1.52302986], 4.545, +[ 0.49671415 -0.1382643   0.64768854  1.52302986], 4.545, +[ 0.49671415 -0.1382643   0.64768854  1.52302986], 4.545, +[ 0.49671415 -0.1382643   0.64768854  1.52302986], 2.944, 4.545]
Training
	MSE:23996.056
	Rsquared:-2.891
Test:
	MSE:23466.016
	Rsquared:-3.123
21.00147819519043