generations_elite-fitness_number-of-evaluations_time
0_28017.384_64_0.023078203201293945
1_28017.384_128_0.07874584197998047
2_28017.384_192_0.1305866241455078
3_28017.384_256_0.17512249946594238
4_27423.447_320_0.19900250434875488
5_27423.447_384_0.21872973442077637
6_27423.447_448_0.24179792404174805
7_27043.127_512_0.27706408500671387
8_26753.785_576_0.3228607177734375
9_26354.509_640_0.3904130458831787
10_26005.778_704_0.4892239570617676
11_25838.492_768_0.6941258907318115
12_25634.545_832_0.9000751972198486
13_24948.496_896_1.1515462398529053
14_24948.496_960_1.45914888381958
15_24948.496_1024_1.8615007400512695
16_24813.483_1088_2.4203925132751465
17_24196.44_1150_3.0068233013153076
18_24196.44_1207_3.7922146320343018
19_24196.44_1264_4.5207037925720215
20_24020.256_1314_5.425382137298584
21_24010.411_1366_6.446345806121826
22_24003.094_1417_7.393816232681274
23_24002.863_1459_8.516579866409302
24_23966.059_1505_9.696052074432373
25_23954.521_1551_10.92389726638794
26_23950.778_1597_12.122298955917358
27_23910.239_1637_13.34699535369873
28_23888.457_1678_14.454114437103271
29_23888.457_1712_15.721222639083862
Function found (99nodes ):
	[+[ 0.49671415 -0.1382643   0.64768854  1.52302986], +[ 0.49671415 -0.1382643   0.64768854  1.52302986], +[ 0.49671415 -0.1382643   0.64768854  1.52302986], +[ 0.49671415 -0.1382643   0.64768854  1.52302986], 4.419, 4.419, +[ 0.49671415 -0.1382643   0.64768854  1.52302986], +[ 0.49671415 -0.1382643   0.64768854  1.52302986], +[ 0.49671415 -0.1382643   0.64768854  1.52302986], 4.419, 4.419, +[ 0.49671415 -0.1382643   0.64768854  1.52302986], +[ 0.49671415 -0.1382643   0.64768854  1.52302986], 4.419, 4.419, 4.419, +[ 0.49671415 -0.1382643   0.64768854  1.52302986], +[ 0.49671415 -0.1382643   0.64768854  1.52302986], 4.419, 4.419, 4.419, +[ 0.49671415 -0.1382643   0.64768854  1.52302986], +[ 0.49671415 -0.1382643   0.64768854  1.52302986], +[ 0.49671415 -0.1382643   0.64768854  1.52302986], 4.419, +[ 0.49671415 -0.1382643   0.64768854  1.52302986], 4.419, +[ 0.49671415 -0.1382643   0.64768854  1.52302986], +[ 0.49671415 -0.1382643   0.64768854  1.52302986], 4.419, 4.419, 4.419, +[ 0.49671415 -0.1382643   0.64768854  1.52302986], 4.419, 4.419, +[ 0.49671415 -0.1382643   0.64768854  1.52302986], +[ 0.49671415 -0.1382643   0.64768854  1.52302986], 4.419, 4.419, +[ 0.49671415 -0.1382643   0.64768854  1.52302986], 4.419, 4.419, +[ 0.49671415 -0.1382643   0.64768854  1.52302986], +[ 0.49671415 -0.1382643   0.64768854  1.52302986], +[ 0.49671415 -0.1382643   0.64768854  1.52302986], +[ 0.49671415 -0.1382643   0.64768854  1.52302986], +[ 0.49671415 -0.1382643   0.64768854  1.52302986], 4.419, 4.419, +[ 0.49671415 -0.1382643   0.64768854  1.52302986], 4.419, 4.419, +[ 0.49671415 -0.1382643   0.64768854  1.52302986], +[ 0.49671415 -0.1382643   0.64768854  1.52302986], 4.419, 4.419, 4.419, +[ 0.49671415 -0.1382643   0.64768854  1.52302986], 4.419, 4.419, +[ 0.49671415 -0.1382643   0.64768854  1.52302986], +[ 0.49671415 -0.1382643   0.64768854  1.52302986], 4.419, +[ 0.49671415 -0.1382643   0.64768854  1.52302986], +[ 0.49671415 -0.1382643   0.64768854  1.52302986], +[ 0.49671415 -0.1382643   0.64768854  1.52302986], 4.419, 4.419, +[ 0.49671415 -0.1382643   0.64768854  1.52302986], +[ 0.49671415 -0.1382643   0.64768854  1.52302986], 4.419, 4.419, 4.419, +[ 0.49671415 -0.1382643   0.64768854  1.52302986], +[ 0.49671415 -0.1382643   0.64768854  1.52302986], 4.419, 4.419, 4.419, +[ 0.49671415 -0.1382643   0.64768854  1.52302986], +[ 0.49671415 -0.1382643   0.64768854  1.52302986], +[ 0.49671415 -0.1382643   0.64768854  1.52302986], 4.419, +[ 0.49671415 -0.1382643   0.64768854  1.52302986], 4.419, +[ 0.49671415 -0.1382643   0.64768854  1.52302986], +[ 0.49671415 -0.1382643   0.64768854  1.52302986], 4.419, 4.419, +[ 0.49671415 -0.1382643   0.64768854  1.52302986], 4.419, 4.419, 4.419, +[ 0.49671415 -0.1382643   0.64768854  1.52302986], +[ 0.49671415 -0.1382643   0.64768854  1.52302986], 4.419, 4.419, +[ 0.49671415 -0.1382643   0.64768854  1.52302986], 4.419, 4.419]
Training
	MSE:23888.457
	Rsquared:-2.873
Test:
	MSE:23358.581
	Rsquared:-3.104
15.721347570419312