generations_elite-fitness_number-of-evaluations_time
0_27597.5_64_0.014791727066040039
1_27597.5_128_0.04787921905517578
2_27490.752_192_0.08553957939147949
3_27221.737_256_0.13271498680114746
4_27134.335_320_0.18599581718444824
5_27005.137_384_0.24438786506652832
6_26745.696_448_0.31211209297180176
7_26274.923_512_0.3896780014038086
8_26013.518_576_0.5011076927185059
9_25942.823_640_0.8267273902893066
10_25791.824_704_1.0092618465423584
11_25401.998_768_1.2483363151550293
12_25017.569_832_1.5619666576385498
13_25017.569_895_1.9780428409576416
14_25017.569_956_2.625941753387451
15_24320.199_1018_3.170999050140381
16_24320.199_1077_3.8645074367523193
17_24242.023_1139_4.524127960205078
18_24140.944_1198_5.44655704498291
Function found (93nodes ):
	[+[ 0.49671415 -0.1382643   0.64768854  1.52302986], +[ 0.49671415 -0.1382643   0.64768854  1.52302986], +[ 0.49671415 -0.1382643   0.64768854  1.52302986], 4.561, +[ 0.49671415 -0.1382643   0.64768854  1.52302986], 4.561, 4.561, +[ 0.49671415 -0.1382643   0.64768854  1.52302986], +[ 0.49671415 -0.1382643   0.64768854  1.52302986], +[ 0.49671415 -0.1382643   0.64768854  1.52302986], 4.561, +[ 0.49671415 -0.1382643   0.64768854  1.52302986], 4.561, 4.561, +[ 0.49671415 -0.1382643   0.64768854  1.52302986], 4.561, +[ 0.49671415 -0.1382643   0.64768854  1.52302986], 4.561, +[ 0.49671415 -0.1382643   0.64768854  1.52302986], +[ 0.49671415 -0.1382643   0.64768854  1.52302986], 4.561, +[ 0.49671415 -0.1382643   0.64768854  1.52302986], 4.561, 4.561, 3.954, +[ 0.49671415 -0.1382643   0.64768854  1.52302986], 4.561, +[ 0.49671415 -0.1382643   0.64768854  1.52302986], +[ 0.49671415 -0.1382643   0.64768854  1.52302986], 4.561, +[ 0.49671415 -0.1382643   0.64768854  1.52302986], 4.561, 4.561, 3.954, +[ 0.49671415 -0.1382643   0.64768854  1.52302986], +[ 0.49671415 -0.1382643   0.64768854  1.52302986], +[ 0.49671415 -0.1382643   0.64768854  1.52302986], 4.561, +[ 0.49671415 -0.1382643   0.64768854  1.52302986], 4.561, +[ 0.49671415 -0.1382643   0.64768854  1.52302986], +[ 0.49671415 -0.1382643   0.64768854  1.52302986], 4.561, /[ 0.24196227 -1.91328024 -1.72491783 -0.56228753], x7, x1, /[ 0.24196227 -1.91328024 -1.72491783 -0.56228753], x7, x1, +[ 0.49671415 -0.1382643   0.64768854  1.52302986], 4.561, +[ 0.49671415 -0.1382643   0.64768854  1.52302986], +[ 0.49671415 -0.1382643   0.64768854  1.52302986], 4.561, /[ 0.24196227 -1.91328024 -1.72491783 -0.56228753], x7, x1, /[ 0.24196227 -1.91328024 -1.72491783 -0.56228753], x7, x1, +[ 0.49671415 -0.1382643   0.64768854  1.52302986], +[ 0.49671415 -0.1382643   0.64768854  1.52302986], 4.561, +[ 0.49671415 -0.1382643   0.64768854  1.52302986], 4.561, 4.561, +[ 0.49671415 -0.1382643   0.64768854  1.52302986], +[ 0.49671415 -0.1382643   0.64768854  1.52302986], +[ 0.49671415 -0.1382643   0.64768854  1.52302986], 4.561, +[ 0.49671415 -0.1382643   0.64768854  1.52302986], 4.561, 4.561, +[ 0.49671415 -0.1382643   0.64768854  1.52302986], 4.561, +[ 0.49671415 -0.1382643   0.64768854  1.52302986], 4.561, +[ 0.49671415 -0.1382643   0.64768854  1.52302986], +[ 0.49671415 -0.1382643   0.64768854  1.52302986], 4.561, +[ 0.49671415 -0.1382643   0.64768854  1.52302986], 4.561, 4.561, 3.954, +[ 0.49671415 -0.1382643   0.64768854  1.52302986], 4.561, +[ 0.49671415 -0.1382643   0.64768854  1.52302986], +[ 0.49671415 -0.1382643   0.64768854  1.52302986], 4.561, +[ 0.49671415 -0.1382643   0.64768854  1.52302986], 4.561, 4.561, 3.954]
Training
	MSE:24140.944
	Rsquared:-2.914
Test:
	MSE:23609.987
	Rsquared:-3.148
5.4466962814331055