generations_elite-fitness_number-of-evaluations_time
0_28209.084_64_0.016556978225708008
1_28209.084_128_0.05383133888244629
2_28209.084_192_0.09319305419921875
3_28172.419_256_0.13266944885253906
4_27299.162_320_0.17480087280273438
5_27299.162_384_0.22610235214233398
6_26739.135_448_0.262359619140625
7_26717.909_512_0.3042316436767578
8_26394.411_576_0.37216734886169434
9_26237.71_640_0.45398545265197754
10_26237.71_704_0.5622775554656982
11_25999.828_768_0.6957583427429199
12_25955.427_832_0.8574669361114502
13_25389.116_896_1.0569140911102295
14_25389.116_960_1.3268725872039795
15_24988.893_1024_1.6549043655395508
16_24988.893_1088_2.0813987255096436
17_24823.675_1152_2.6144509315490723
18_24823.675_1216_3.8571009635925293
19_24772.433_1277_4.494515419006348
20_24627.314_1339_5.264441967010498
21_24627.314_1402_5.932449579238892
22_24627.314_1460_6.823802947998047
23_24611.447_1520_7.758776664733887
24_24611.447_1578_8.495674133300781
25_24434.074_1637_9.400740146636963
26_24434.074_1691_10.223522663116455
27_24434.074_1753_11.157006025314331
28_24434.074_1814_12.138372421264648
29_24434.074_1874_12.946348190307617
30_24434.074_1930_13.943021774291992
31_24434.074_1987_14.958523511886597
32_24434.074_2046_15.725667953491211
Function found (99nodes ):
	[+[ 0.49671415 -0.1382643   0.64768854  1.52302986], +[ 0.49671415 -0.1382643   0.64768854  1.52302986], +[ 0.49671415 -0.1382643   0.64768854  1.52302986], +[ 0.49671415 -0.1382643   0.64768854  1.52302986], 4.792, +[ 0.49671415 -0.1382643   0.64768854  1.52302986], 4.792, +[ 0.49671415 -0.1382643   0.64768854  1.52302986], 4.792, +[ 0.49671415 -0.1382643   0.64768854  1.52302986], +[ 0.49671415 -0.1382643   0.64768854  1.52302986], 4.792, +[ 0.49671415 -0.1382643   0.64768854  1.52302986], +[ 0.49671415 -0.1382643   0.64768854  1.52302986], 4.792, +[ 0.49671415 -0.1382643   0.64768854  1.52302986], +[ 0.49671415 -0.1382643   0.64768854  1.52302986], 4.792, +[ 0.49671415 -0.1382643   0.64768854  1.52302986], 4.792, 4.792, 4.792, 4.792, +[ 0.49671415 -0.1382643   0.64768854  1.52302986], 4.792, 4.792, +[ 0.49671415 -0.1382643   0.64768854  1.52302986], 4.792, +[ 0.49671415 -0.1382643   0.64768854  1.52302986], 4.792, +[ 0.49671415 -0.1382643   0.64768854  1.52302986], +[ 0.49671415 -0.1382643   0.64768854  1.52302986], 4.792, +[ 0.49671415 -0.1382643   0.64768854  1.52302986], +[ 0.49671415 -0.1382643   0.64768854  1.52302986], 4.792, +[ 0.49671415 -0.1382643   0.64768854  1.52302986], +[ 0.49671415 -0.1382643   0.64768854  1.52302986], 4.792, +[ 0.49671415 -0.1382643   0.64768854  1.52302986], 4.792, 4.792, 4.792, 4.792, +[ 0.49671415 -0.1382643   0.64768854  1.52302986], 4.792, 4.792, +[ 0.49671415 -0.1382643   0.64768854  1.52302986], +[ 0.49671415 -0.1382643   0.64768854  1.52302986], +[ 0.49671415 -0.1382643   0.64768854  1.52302986], 4.792, +[ 0.49671415 -0.1382643   0.64768854  1.52302986], 4.792, 4.792, 4.792, +[ 0.49671415 -0.1382643   0.64768854  1.52302986], 4.792, +[ 0.49671415 -0.1382643   0.64768854  1.52302986], +[ 0.49671415 -0.1382643   0.64768854  1.52302986], 4.792, +[ 0.49671415 -0.1382643   0.64768854  1.52302986], +[ 0.49671415 -0.1382643   0.64768854  1.52302986], 4.792, +[ 0.49671415 -0.1382643   0.64768854  1.52302986], +[ 0.49671415 -0.1382643   0.64768854  1.52302986], 4.792, +[ 0.49671415 -0.1382643   0.64768854  1.52302986], 4.792, 4.792, 4.792, 4.792, +[ 0.49671415 -0.1382643   0.64768854  1.52302986], 4.792, 4.792, +[ 0.49671415 -0.1382643   0.64768854  1.52302986], 4.792, +[ 0.49671415 -0.1382643   0.64768854  1.52302986], +[ 0.49671415 -0.1382643   0.64768854  1.52302986], 4.792, +[ 0.49671415 -0.1382643   0.64768854  1.52302986], 4.792, 4.792, +[ 0.49671415 -0.1382643   0.64768854  1.52302986], +[ 0.49671415 -0.1382643   0.64768854  1.52302986], 4.792, +[ 0.49671415 -0.1382643   0.64768854  1.52302986], +[ 0.49671415 -0.1382643   0.64768854  1.52302986], 4.792, +[ 0.49671415 -0.1382643   0.64768854  1.52302986], +[ 0.49671415 -0.1382643   0.64768854  1.52302986], 4.792, +[ 0.49671415 -0.1382643   0.64768854  1.52302986], 4.792, 4.792, 4.792, 4.792, +[ 0.49671415 -0.1382643   0.64768854  1.52302986], 4.792, 4.792]
Training
	MSE:24434.074
	Rsquared:-2.962
Test:
	MSE:23903.37
	Rsquared:-3.199
15.733851909637451