generations_elite-fitness_number-of-evaluations_time
0_27904.009_64_0.0249178409576416
1_27679.18_128_0.08687615394592285
2_27679.18_192_0.166595458984375
3_27295.502_256_0.23165512084960938
4_27116.582_320_0.31517577171325684
5_26592.379_384_0.4041593074798584
6_26418.976_448_0.6853475570678711
7_26081.13_512_0.8478772640228271
8_25662.355_576_1.0803725719451904
9_25357.74_640_1.3950443267822266
10_24918.951_704_1.8049209117889404
11_24437.006_766_2.4957656860351562
12_24412.23_823_3.2883424758911133
13_24321.913_874_4.275188684463501
14_24273.22_925_5.309383869171143
15_24190.52_972_6.255524396896362
16_24184.543_1020_7.393565893173218
17_24129.279_1065_8.558755874633789
18_24129.279_1112_9.738040208816528
19_24124.703_1164_10.967608451843262
Function found (97nodes ):
	[+[ 0.49671415 -0.1382643   0.64768854  1.52302986], +[ 0.49671415 -0.1382643   0.64768854  1.52302986], +[ 0.49671415 -0.1382643   0.64768854  1.52302986], +[ 0.49671415 -0.1382643   0.64768854  1.52302986], 4.803, +[ 0.49671415 -0.1382643   0.64768854  1.52302986], 4.803, 4.803, +[ 0.49671415 -0.1382643   0.64768854  1.52302986], +[ 0.49671415 -0.1382643   0.64768854  1.52302986], +[ 0.49671415 -0.1382643   0.64768854  1.52302986], 4.803, +[ 0.49671415 -0.1382643   0.64768854  1.52302986], 4.803, 4.803, +[ 0.49671415 -0.1382643   0.64768854  1.52302986], +[ 0.49671415 -0.1382643   0.64768854  1.52302986], +[ 0.49671415 -0.1382643   0.64768854  1.52302986], +[ 0.49671415 -0.1382643   0.64768854  1.52302986], +[ 0.49671415 -0.1382643   0.64768854  1.52302986], +[ 0.49671415 -0.1382643   0.64768854  1.52302986], x4, /[ 0.24196227 -1.91328024 -1.72491783 -0.56228753], 0.71, x9, +[ 0.49671415 -0.1382643   0.64768854  1.52302986], 4.803, 4.803, +[ 0.49671415 -0.1382643   0.64768854  1.52302986], 4.803, 4.803, +[ 0.49671415 -0.1382643   0.64768854  1.52302986], 4.803, 4.803, +[ 0.49671415 -0.1382643   0.64768854  1.52302986], 4.803, 4.803, +[ 0.49671415 -0.1382643   0.64768854  1.52302986], 4.803, 4.803, +[ 0.49671415 -0.1382643   0.64768854  1.52302986], +[ 0.49671415 -0.1382643   0.64768854  1.52302986], 4.803, +[ 0.49671415 -0.1382643   0.64768854  1.52302986], 4.803, 4.803, +[ 0.49671415 -0.1382643   0.64768854  1.52302986], 4.803, 4.803, +[ 0.49671415 -0.1382643   0.64768854  1.52302986], +[ 0.49671415 -0.1382643   0.64768854  1.52302986], 4.803, +[ 0.49671415 -0.1382643   0.64768854  1.52302986], 4.803, 4.803, +[ 0.49671415 -0.1382643   0.64768854  1.52302986], 4.803, 4.803, +[ 0.49671415 -0.1382643   0.64768854  1.52302986], +[ 0.49671415 -0.1382643   0.64768854  1.52302986], +[ 0.49671415 -0.1382643   0.64768854  1.52302986], +[ 0.49671415 -0.1382643   0.64768854  1.52302986], +[ 0.49671415 -0.1382643   0.64768854  1.52302986], +[ 0.49671415 -0.1382643   0.64768854  1.52302986], 4.803, 4.803, +[ 0.49671415 -0.1382643   0.64768854  1.52302986], 4.803, 4.803, +[ 0.49671415 -0.1382643   0.64768854  1.52302986], +[ 0.49671415 -0.1382643   0.64768854  1.52302986], x4, /[ 0.24196227 -1.91328024 -1.72491783 -0.56228753], 0.71, x9, +[ 0.49671415 -0.1382643   0.64768854  1.52302986], 4.803, 4.803, 4.803, +[ 0.49671415 -0.1382643   0.64768854  1.52302986], 4.803, 4.803, +[ 0.49671415 -0.1382643   0.64768854  1.52302986], +[ 0.49671415 -0.1382643   0.64768854  1.52302986], 4.803, +[ 0.49671415 -0.1382643   0.64768854  1.52302986], 4.803, 4.803, +[ 0.49671415 -0.1382643   0.64768854  1.52302986], +[ 0.49671415 -0.1382643   0.64768854  1.52302986], 4.803, +[ 0.49671415 -0.1382643   0.64768854  1.52302986], 4.803, 4.803, +[ 0.49671415 -0.1382643   0.64768854  1.52302986], 4.803, 4.803]
Training
	MSE:24124.703
	Rsquared:-2.911
Test:
	MSE:23594.339
	Rsquared:-3.145
10.967734575271606