generations_elite-fitness_number-of-evaluations_time
0_28203.915_64_0.028231143951416016
1_28203.915_128_0.10033798217773438
2_28068.855_192_0.19021916389465332
3_27481.549_256_0.2690739631652832
4_27310.914_320_0.3603353500366211
5_26936.304_384_0.45929479598999023
6_26710.373_448_0.5744080543518066
7_26450.611_512_0.8711998462677002
8_26211.012_576_1.0051581859588623
9_25676.282_640_1.1847920417785645
10_25523.052_704_1.4190659523010254
11_25110.425_768_1.746558666229248
12_25021.979_832_2.300752878189087
13_24998.166_893_2.9103338718414307
14_24621.689_949_3.6969144344329834
15_24621.689_1007_4.4423534870147705
16_24518.334_1058_5.363980770111084
17_24399.189_1115_6.173433065414429
18_24387.556_1175_7.182013511657715
19_24241.599_1229_8.176541090011597
20_24133.867_1279_9.262428522109985
21_24133.867_1331_10.149509906768799
22_24133.867_1375_11.265297174453735
23_24133.867_1415_12.43528413772583
24_24133.867_1454_13.600786924362183
25_24104.755_1496_14.825936555862427
26_24084.383_1534_16.026695728302002
27_24084.383_1575_17.054752349853516
28_24070.315_1625_18.187094688415527
29_24070.315_1660_19.430296897888184
30_24020.919_1704_20.63853406906128
Function found (99nodes ):
	[+[ 0.49671415 -0.1382643   0.64768854  1.52302986], +[ 0.49671415 -0.1382643   0.64768854  1.52302986], +[ 0.49671415 -0.1382643   0.64768854  1.52302986], +[ 0.49671415 -0.1382643   0.64768854  1.52302986], +[ 0.49671415 -0.1382643   0.64768854  1.52302986], 4.245, +[ 0.49671415 -0.1382643   0.64768854  1.52302986], 4.245, 4.245, +[ 0.49671415 -0.1382643   0.64768854  1.52302986], 4.245, 4.245, +[ 0.49671415 -0.1382643   0.64768854  1.52302986], 4.245, 4.245, +[ 0.49671415 -0.1382643   0.64768854  1.52302986], +[ 0.49671415 -0.1382643   0.64768854  1.52302986], +[ 0.49671415 -0.1382643   0.64768854  1.52302986], +[ 0.49671415 -0.1382643   0.64768854  1.52302986], x6, +[ 0.49671415 -0.1382643   0.64768854  1.52302986], 4.245, 4.245, +[ 0.49671415 -0.1382643   0.64768854  1.52302986], 4.245, 4.245, +[ 0.49671415 -0.1382643   0.64768854  1.52302986], 4.245, 4.245, +[ 0.49671415 -0.1382643   0.64768854  1.52302986], +[ 0.49671415 -0.1382643   0.64768854  1.52302986], 4.245, 4.245, +[ 0.49671415 -0.1382643   0.64768854  1.52302986], +[ 0.49671415 -0.1382643   0.64768854  1.52302986], x6, +[ 0.49671415 -0.1382643   0.64768854  1.52302986], 4.245, 4.245, +[ 0.49671415 -0.1382643   0.64768854  1.52302986], +[ 0.49671415 -0.1382643   0.64768854  1.52302986], 4.245, 4.245, 4.245, +[ 0.49671415 -0.1382643   0.64768854  1.52302986], +[ 0.49671415 -0.1382643   0.64768854  1.52302986], +[ 0.49671415 -0.1382643   0.64768854  1.52302986], +[ 0.49671415 -0.1382643   0.64768854  1.52302986], x6, +[ 0.49671415 -0.1382643   0.64768854  1.52302986], 4.245, 4.245, +[ 0.49671415 -0.1382643   0.64768854  1.52302986], 4.245, 4.245, +[ 0.49671415 -0.1382643   0.64768854  1.52302986], +[ 0.49671415 -0.1382643   0.64768854  1.52302986], +[ 0.49671415 -0.1382643   0.64768854  1.52302986], 4.245, +[ 0.49671415 -0.1382643   0.64768854  1.52302986], 4.245, 4.245, +[ 0.49671415 -0.1382643   0.64768854  1.52302986], 4.245, 4.245, 4.245, +[ 0.49671415 -0.1382643   0.64768854  1.52302986], +[ 0.49671415 -0.1382643   0.64768854  1.52302986], +[ 0.49671415 -0.1382643   0.64768854  1.52302986], 4.245, 4.245, +[ 0.49671415 -0.1382643   0.64768854  1.52302986], +[ 0.49671415 -0.1382643   0.64768854  1.52302986], x6, +[ 0.49671415 -0.1382643   0.64768854  1.52302986], 4.245, 4.245, 4.245, +[ 0.49671415 -0.1382643   0.64768854  1.52302986], +[ 0.49671415 -0.1382643   0.64768854  1.52302986], 4.245, 4.245, +[ 0.49671415 -0.1382643   0.64768854  1.52302986], +[ 0.49671415 -0.1382643   0.64768854  1.52302986], 4.245, +[ 0.49671415 -0.1382643   0.64768854  1.52302986], 4.245, 4.245, +[ 0.49671415 -0.1382643   0.64768854  1.52302986], +[ 0.49671415 -0.1382643   0.64768854  1.52302986], x6, +[ 0.49671415 -0.1382643   0.64768854  1.52302986], 4.245, 4.245, +[ 0.49671415 -0.1382643   0.64768854  1.52302986], +[ 0.49671415 -0.1382643   0.64768854  1.52302986], 4.245, 4.245, 4.245]
Training
	MSE:24020.919
	Rsquared:-2.895
Test:
	MSE:23490.957
	Rsquared:-3.127
20.638659238815308