generations_elite-fitness_number-of-evaluations_time
0_28057.313_64_0.015734195709228516
1_28057.313_128_0.05229759216308594
2_27751.7_192_0.09516549110412598
3_27751.7_256_0.13543128967285156
4_27751.7_320_0.18157243728637695
5_27751.7_384_0.21551990509033203
6_27468.519_448_0.24447417259216309
7_27468.519_512_0.2766704559326172
8_27395.463_576_0.3334939479827881
9_27091.447_640_0.3987424373626709
10_26849.019_704_0.4703507423400879
11_26669.704_768_0.5612301826477051
12_26341.394_832_0.6649713516235352
13_26018.023_896_0.808321475982666
14_25766.1_960_0.9916942119598389
15_25766.1_1024_1.2233943939208984
16_25413.487_1088_1.489717960357666
17_25250.193_1152_1.7984492778778076
18_24997.267_1216_2.1561954021453857
19_24817.315_1279_2.637822151184082
20_24817.315_1342_3.2501912117004395
21_24786.774_1400_3.9133713245391846
22_24593.727_1458_4.605317831039429
23_24593.727_1516_5.329245328903198
Function found (77nodes ):
	[+[ 0.49671415 -0.1382643   0.64768854  1.52302986], +[ 0.49671415 -0.1382643   0.64768854  1.52302986], +[ 0.49671415 -0.1382643   0.64768854  1.52302986], +[ 0.49671415 -0.1382643   0.64768854  1.52302986], +[ 0.49671415 -0.1382643   0.64768854  1.52302986], 4.284, 4.284, 4.284, 4.284, +[ 0.49671415 -0.1382643   0.64768854  1.52302986], +[ 0.49671415 -0.1382643   0.64768854  1.52302986], +[ 0.49671415 -0.1382643   0.64768854  1.52302986], +[ 0.49671415 -0.1382643   0.64768854  1.52302986], +[ 0.49671415 -0.1382643   0.64768854  1.52302986], 4.284, 4.284, 4.284, 4.284, +[ 0.49671415 -0.1382643   0.64768854  1.52302986], 4.284, +[ 0.49671415 -0.1382643   0.64768854  1.52302986], 4.284, +[ 0.49671415 -0.1382643   0.64768854  1.52302986], 4.284, +[ 0.49671415 -0.1382643   0.64768854  1.52302986], 4.284, +[ 0.49671415 -0.1382643   0.64768854  1.52302986], 4.284, 4.284, +[ 0.49671415 -0.1382643   0.64768854  1.52302986], 4.284, +[ 0.49671415 -0.1382643   0.64768854  1.52302986], 4.284, +[ 0.49671415 -0.1382643   0.64768854  1.52302986], 4.284, +[ 0.49671415 -0.1382643   0.64768854  1.52302986], 4.284, 4.284, +[ 0.49671415 -0.1382643   0.64768854  1.52302986], +[ 0.49671415 -0.1382643   0.64768854  1.52302986], +[ 0.49671415 -0.1382643   0.64768854  1.52302986], 4.284, 4.284, 4.284, +[ 0.49671415 -0.1382643   0.64768854  1.52302986], +[ 0.49671415 -0.1382643   0.64768854  1.52302986], +[ 0.49671415 -0.1382643   0.64768854  1.52302986], +[ 0.49671415 -0.1382643   0.64768854  1.52302986], +[ 0.49671415 -0.1382643   0.64768854  1.52302986], +[ 0.49671415 -0.1382643   0.64768854  1.52302986], 4.284, 4.284, 4.284, 4.284, +[ 0.49671415 -0.1382643   0.64768854  1.52302986], +[ 0.49671415 -0.1382643   0.64768854  1.52302986], +[ 0.49671415 -0.1382643   0.64768854  1.52302986], +[ 0.49671415 -0.1382643   0.64768854  1.52302986], 4.284, 4.284, 4.284, 4.284, +[ 0.49671415 -0.1382643   0.64768854  1.52302986], 4.284, 4.284, +[ 0.49671415 -0.1382643   0.64768854  1.52302986], 4.284, +[ 0.49671415 -0.1382643   0.64768854  1.52302986], 4.284, +[ 0.49671415 -0.1382643   0.64768854  1.52302986], 4.284, 1.788, +[ 0.49671415 -0.1382643   0.64768854  1.52302986], 4.284, +[ 0.49671415 -0.1382643   0.64768854  1.52302986], 4.284, 4.284]
Training
	MSE:24593.727
	Rsquared:-2.987
Test:
	MSE:24062.783
	Rsquared:-3.227
5.3293681144714355