generations_elite-fitness_number-of-evaluations_time
0_28031.175_128_0.02668285369873047
1_27904.893_256_0.08189201354980469
2_27534.927_384_0.15553975105285645
3_27379.027_512_0.2385237216949463
4_27144.567_640_0.320709228515625
5_27114.936_768_0.39565014839172363
6_27001.365_896_0.47383880615234375
7_26748.262_1024_0.5710048675537109
8_26660.439_1152_0.6862363815307617
9_26460.214_1280_0.9310204982757568
10_26316.475_1408_1.080129623413086
11_26016.366_1536_1.2733495235443115
12_25832.751_1664_1.5206537246704102
13_25832.751_1792_1.8133411407470703
14_25556.147_1920_2.1698989868164062
15_25375.762_2048_2.656186103820801
16_25375.762_2176_3.155258893966675
17_24960.769_2304_3.8868794441223145
18_24960.769_2432_4.649378299713135
19_24960.769_2559_5.677786350250244
20_24960.769_2683_6.956180095672607
21_24904.148_2807_8.284905910491943
22_24893.736_2932_9.70335340499878
23_24830.677_3055_11.194007635116577
Function found (97nodes ):
	[+[ 0.49671415 -0.1382643   0.64768854  1.52302986], +[ 0.49671415 -0.1382643   0.64768854  1.52302986], +[ 0.49671415 -0.1382643   0.64768854  1.52302986], +[ 0.49671415 -0.1382643   0.64768854  1.52302986], +[ 0.49671415 -0.1382643   0.64768854  1.52302986], 4.211, 3.989, 3.989, +[ 0.49671415 -0.1382643   0.64768854  1.52302986], +[ 0.49671415 -0.1382643   0.64768854  1.52302986], 4.211, 3.989, 3.989, +[ 0.49671415 -0.1382643   0.64768854  1.52302986], 4.211, +[ 0.49671415 -0.1382643   0.64768854  1.52302986], 4.211, +[ 0.49671415 -0.1382643   0.64768854  1.52302986], +[ 0.49671415 -0.1382643   0.64768854  1.52302986], 4.211, +[ 0.49671415 -0.1382643   0.64768854  1.52302986], +[ 0.49671415 -0.1382643   0.64768854  1.52302986], +[ 0.49671415 -0.1382643   0.64768854  1.52302986], 3.989, 3.989, 3.989, +[ 0.49671415 -0.1382643   0.64768854  1.52302986], 4.211, 3.989, +[ 0.49671415 -0.1382643   0.64768854  1.52302986], +[ 0.49671415 -0.1382643   0.64768854  1.52302986], +[ 0.49671415 -0.1382643   0.64768854  1.52302986], +[ 0.49671415 -0.1382643   0.64768854  1.52302986], 4.211, 3.989, 3.989, +[ 0.49671415 -0.1382643   0.64768854  1.52302986], +[ 0.49671415 -0.1382643   0.64768854  1.52302986], 4.211, 3.989, 3.989, +[ 0.49671415 -0.1382643   0.64768854  1.52302986], 4.211, +[ 0.49671415 -0.1382643   0.64768854  1.52302986], 4.211, +[ 0.49671415 -0.1382643   0.64768854  1.52302986], +[ 0.49671415 -0.1382643   0.64768854  1.52302986], 4.211, 3.989, 3.989, +[ 0.49671415 -0.1382643   0.64768854  1.52302986], 4.211, +[ 0.49671415 -0.1382643   0.64768854  1.52302986], +[ 0.49671415 -0.1382643   0.64768854  1.52302986], +[ 0.49671415 -0.1382643   0.64768854  1.52302986], 3.989, +[ 0.49671415 -0.1382643   0.64768854  1.52302986], 4.211, +[ 0.49671415 -0.1382643   0.64768854  1.52302986], +[ 0.49671415 -0.1382643   0.64768854  1.52302986], 4.211, 3.989, 3.989, +[ 0.49671415 -0.1382643   0.64768854  1.52302986], +[ 0.49671415 -0.1382643   0.64768854  1.52302986], +[ 0.49671415 -0.1382643   0.64768854  1.52302986], 3.989, 3.989, 3.989, +[ 0.49671415 -0.1382643   0.64768854  1.52302986], +[ 0.49671415 -0.1382643   0.64768854  1.52302986], +[ 0.49671415 -0.1382643   0.64768854  1.52302986], 3.989, 3.989, +[ 0.49671415 -0.1382643   0.64768854  1.52302986], +[ 0.49671415 -0.1382643   0.64768854  1.52302986], +[ 0.49671415 -0.1382643   0.64768854  1.52302986], 3.989, 3.989, 3.989, +[ 0.49671415 -0.1382643   0.64768854  1.52302986], 4.211, 3.989, +[ 0.49671415 -0.1382643   0.64768854  1.52302986], 4.211, +[ 0.49671415 -0.1382643   0.64768854  1.52302986], +[ 0.49671415 -0.1382643   0.64768854  1.52302986], +[ 0.49671415 -0.1382643   0.64768854  1.52302986], 4.211, 3.989, 3.989, 3.989, +[ 0.49671415 -0.1382643   0.64768854  1.52302986], +[ 0.49671415 -0.1382643   0.64768854  1.52302986], 4.211, 3.989, 3.989]
Training
	MSE:24830.677
	Rsquared:-3.026
Test:
	MSE:24299.379
	Rsquared:-3.269
11.194135427474976