generations_elite-fitness_number-of-evaluations_time
0_28611.195_64_0.029654502868652344
1_28202.153_128_0.1224827766418457
2_28202.153_192_0.25911450386047363
3_27879.675_255_0.3990178108215332
4_27283.527_319_0.6151349544525146
5_26878.372_383_0.6719434261322021
6_26642.259_447_0.7272422313690186
7_26532.946_511_0.7740285396575928
8_26376.191_575_0.836188554763794
9_26296.323_639_0.9178457260131836
10_25875.329_703_1.0312385559082031
11_25850.774_767_1.1604559421539307
12_25522.053_831_1.3217699527740479
13_25346.451_895_1.5137526988983154
14_25034.649_959_1.761582851409912
15_24781.094_1023_2.1999709606170654
16_24781.094_1087_2.6543946266174316
17_24727.224_1149_3.2674155235290527
18_24622.821_1206_4.12547755241394
19_24608.64_1261_5.036614179611206
20_24416.276_1319_5.834643125534058
21_24408.967_1378_6.742116928100586
22_24167.793_1433_7.559564113616943
23_24167.793_1485_8.56363320350647
24_24167.793_1539_9.564930200576782
25_24085.747_1593_10.649213552474976
Function found (99nodes ):
	[+[ 0.49671415 -0.1382643   0.64768854  1.52302986], +[ 0.49671415 -0.1382643   0.64768854  1.52302986], +[ 0.49671415 -0.1382643   0.64768854  1.52302986], 4.839, +[ 0.49671415 -0.1382643   0.64768854  1.52302986], 4.839, +[ 0.49671415 -0.1382643   0.64768854  1.52302986], 4.839, x9, +[ 0.49671415 -0.1382643   0.64768854  1.52302986], 4.839, +[ 0.49671415 -0.1382643   0.64768854  1.52302986], +[ 0.49671415 -0.1382643   0.64768854  1.52302986], 4.839, +[ 0.49671415 -0.1382643   0.64768854  1.52302986], 4.839, +[ 0.49671415 -0.1382643   0.64768854  1.52302986], 4.839, +[ 0.49671415 -0.1382643   0.64768854  1.52302986], 4.839, +[ 0.49671415 -0.1382643   0.64768854  1.52302986], 4.839, 4.839, +[ 0.49671415 -0.1382643   0.64768854  1.52302986], 4.839, +[ 0.49671415 -0.1382643   0.64768854  1.52302986], +[ 0.49671415 -0.1382643   0.64768854  1.52302986], +[ 0.49671415 -0.1382643   0.64768854  1.52302986], +[ 0.49671415 -0.1382643   0.64768854  1.52302986], 4.839, +[ 0.49671415 -0.1382643   0.64768854  1.52302986], 4.839, +[ 0.49671415 -0.1382643   0.64768854  1.52302986], 4.839, x9, +[ 0.49671415 -0.1382643   0.64768854  1.52302986], 4.839, +[ 0.49671415 -0.1382643   0.64768854  1.52302986], 4.839, x9, +[ 0.49671415 -0.1382643   0.64768854  1.52302986], 4.839, +[ 0.49671415 -0.1382643   0.64768854  1.52302986], 4.839, +[ 0.49671415 -0.1382643   0.64768854  1.52302986], 4.839, 4.839, +[ 0.49671415 -0.1382643   0.64768854  1.52302986], +[ 0.49671415 -0.1382643   0.64768854  1.52302986], 4.839, 4.839, 4.839, +[ 0.49671415 -0.1382643   0.64768854  1.52302986], +[ 0.49671415 -0.1382643   0.64768854  1.52302986], +[ 0.49671415 -0.1382643   0.64768854  1.52302986], 4.839, +[ 0.49671415 -0.1382643   0.64768854  1.52302986], 4.839, +[ 0.49671415 -0.1382643   0.64768854  1.52302986], 4.839, x9, +[ 0.49671415 -0.1382643   0.64768854  1.52302986], +[ 0.49671415 -0.1382643   0.64768854  1.52302986], 4.839, +[ 0.49671415 -0.1382643   0.64768854  1.52302986], 4.839, +[ 0.49671415 -0.1382643   0.64768854  1.52302986], 4.839, +[ 0.49671415 -0.1382643   0.64768854  1.52302986], 4.839, x9, +[ 0.49671415 -0.1382643   0.64768854  1.52302986], 4.839, +[ 0.49671415 -0.1382643   0.64768854  1.52302986], +[ 0.49671415 -0.1382643   0.64768854  1.52302986], 4.839, 4.839, +[ 0.49671415 -0.1382643   0.64768854  1.52302986], 4.839, 4.839, +[ 0.49671415 -0.1382643   0.64768854  1.52302986], +[ 0.49671415 -0.1382643   0.64768854  1.52302986], 4.839, +[ 0.49671415 -0.1382643   0.64768854  1.52302986], 4.839, +[ 0.49671415 -0.1382643   0.64768854  1.52302986], 4.839, +[ 0.49671415 -0.1382643   0.64768854  1.52302986], 4.839, x9, +[ 0.49671415 -0.1382643   0.64768854  1.52302986], 4.839, +[ 0.49671415 -0.1382643   0.64768854  1.52302986], +[ 0.49671415 -0.1382643   0.64768854  1.52302986], 4.839, 4.839, +[ 0.49671415 -0.1382643   0.64768854  1.52302986], 4.839, 4.839]
Training
	MSE:24085.747
	Rsquared:-2.905
Test:
	MSE:23555.695
	Rsquared:-3.138
10.649350881576538