generations_elite-fitness_number-of-evaluations_time
0_27934.981_64_0.028004169464111328
1_27934.981_128_0.09436249732971191
2_27934.981_192_0.1623399257659912
3_27226.312_256_0.19892406463623047
4_26943.443_320_0.23901128768920898
5_26629.363_384_0.3136777877807617
6_26430.304_448_0.4048449993133545
7_25832.689_512_0.52976393699646
8_25697.742_576_0.7093505859375
9_25413.007_640_1.0922987461090088
10_25266.316_704_1.4423198699951172
11_25016.251_768_1.90413498878479
12_24514.681_830_2.5197107791900635
13_24514.681_893_3.075373888015747
14_24491.293_954_3.7188587188720703
15_24319.881_1008_4.598369598388672
16_24319.881_1060_5.5483479499816895
Function found (79nodes ):
	[+[ 0.49671415 -0.1382643   0.64768854  1.52302986], +[ 0.49671415 -0.1382643   0.64768854  1.52302986], +[ 0.49671415 -0.1382643   0.64768854  1.52302986], +[ 0.49671415 -0.1382643   0.64768854  1.52302986], /[ 0.24196227 -1.91328024 -1.72491783 -0.56228753], -[-0.23415337 -0.23413696  1.57921282  0.76743473], 4.586, 4.586, x8, /[ 0.24196227 -1.91328024 -1.72491783 -0.56228753], -[-0.23415337 -0.23413696  1.57921282  0.76743473], 4.586, /[ 0.24196227 -1.91328024 -1.72491783 -0.56228753], -[-0.23415337 -0.23413696  1.57921282  0.76743473], 4.586, 4.586, x8, x8, +[ 0.49671415 -0.1382643   0.64768854  1.52302986], 4.698, +[ 0.49671415 -0.1382643   0.64768854  1.52302986], 4.698, 4.698, +[ 0.49671415 -0.1382643   0.64768854  1.52302986], /[ 0.24196227 -1.91328024 -1.72491783 -0.56228753], -[-0.23415337 -0.23413696  1.57921282  0.76743473], 4.586, 4.586, x8, /[ 0.24196227 -1.91328024 -1.72491783 -0.56228753], -[-0.23415337 -0.23413696  1.57921282  0.76743473], 4.586, /[ 0.24196227 -1.91328024 -1.72491783 -0.56228753], -[-0.23415337 -0.23413696  1.57921282  0.76743473], 4.586, 4.586, x8, x8, +[ 0.49671415 -0.1382643   0.64768854  1.52302986], +[ 0.49671415 -0.1382643   0.64768854  1.52302986], +[ 0.49671415 -0.1382643   0.64768854  1.52302986], 4.698, +[ 0.49671415 -0.1382643   0.64768854  1.52302986], 4.698, +[ 0.49671415 -0.1382643   0.64768854  1.52302986], 4.698, 4.698, +[ 0.49671415 -0.1382643   0.64768854  1.52302986], /[ 0.24196227 -1.91328024 -1.72491783 -0.56228753], -[-0.23415337 -0.23413696  1.57921282  0.76743473], 4.586, +[ 0.49671415 -0.1382643   0.64768854  1.52302986], /[ 0.24196227 -1.91328024 -1.72491783 -0.56228753], -[-0.23415337 -0.23413696  1.57921282  0.76743473], 4.586, 4.586, x8, /[ 0.24196227 -1.91328024 -1.72491783 -0.56228753], -[-0.23415337 -0.23413696  1.57921282  0.76743473], 4.586, 4.586, x8, x8, /[ 0.24196227 -1.91328024 -1.72491783 -0.56228753], -[-0.23415337 -0.23413696  1.57921282  0.76743473], 4.586, 4.586, x8, +[ 0.49671415 -0.1382643   0.64768854  1.52302986], /[ 0.24196227 -1.91328024 -1.72491783 -0.56228753], -[-0.23415337 -0.23413696  1.57921282  0.76743473], 4.586, 4.586, x8, /[ 0.24196227 -1.91328024 -1.72491783 -0.56228753], -[-0.23415337 -0.23413696  1.57921282  0.76743473], 4.586, 4.586, x8]
Training
	MSE:24319.881
	Rsquared:-2.943
Test:
	MSE:23797.374
	Rsquared:-3.181
5.548480987548828