generations_elite-fitness_number-of-evaluations_time
0_27982.218_64_0.017853260040283203
1_27861.864_128_0.07474923133850098
2_27605.891_192_0.1683483123779297
3_27034.865_256_0.29608750343322754
4_27034.865_320_0.4287688732147217
5_26490.73_384_0.584747314453125
6_26464.456_448_0.7678530216217041
7_25969.433_512_1.0104997158050537
8_25910.004_576_1.3373773097991943
9_25831.727_640_1.763016700744629
10_25508.334_701_2.254802942276001
11_25329.652_761_4.49151611328125
12_25329.652_818_5.1375508308410645
13_25155.915_875_5.951199769973755
14_25155.915_935_6.727529525756836
15_25155.915_994_7.6991565227508545
16_25077.756_1043_8.541325330734253
17_25077.756_1093_9.541680097579956
18_25054.098_1142_10.625085830688477
19_24480.661_1192_11.498859643936157
20_24480.661_1249_12.534931421279907
21_24480.661_1301_13.707140684127808
22_24453.873_1350_14.737966537475586
23_24453.873_1391_16.039665699005127
Function found (99nodes ):
	[+[ 0.49671415 -0.1382643   0.64768854  1.52302986], +[ 0.49671415 -0.1382643   0.64768854  1.52302986], +[ 0.49671415 -0.1382643   0.64768854  1.52302986], 4.538, +[ 0.49671415 -0.1382643   0.64768854  1.52302986], /[ 0.24196227 -1.91328024 -1.72491783 -0.56228753], x5, x1, 4.333, +[ 0.49671415 -0.1382643   0.64768854  1.52302986], +[ 0.49671415 -0.1382643   0.64768854  1.52302986], 4.538, +[ 0.49671415 -0.1382643   0.64768854  1.52302986], +[ 0.49671415 -0.1382643   0.64768854  1.52302986], 4.538, +[ 0.49671415 -0.1382643   0.64768854  1.52302986], /[ 0.24196227 -1.91328024 -1.72491783 -0.56228753], -2.429, x1, 4.333, 4.333, +[ 0.49671415 -0.1382643   0.64768854  1.52302986], 4.538, +[ 0.49671415 -0.1382643   0.64768854  1.52302986], /[ 0.24196227 -1.91328024 -1.72491783 -0.56228753], -2.429, x1, 4.333, +[ 0.49671415 -0.1382643   0.64768854  1.52302986], +[ 0.49671415 -0.1382643   0.64768854  1.52302986], +[ 0.49671415 -0.1382643   0.64768854  1.52302986], 4.333, +[ 0.49671415 -0.1382643   0.64768854  1.52302986], 4.538, 4.333, +[ 0.49671415 -0.1382643   0.64768854  1.52302986], +[ 0.49671415 -0.1382643   0.64768854  1.52302986], 4.538, +[ 0.49671415 -0.1382643   0.64768854  1.52302986], 4.538, 4.333, 4.333, +[ 0.49671415 -0.1382643   0.64768854  1.52302986], +[ 0.49671415 -0.1382643   0.64768854  1.52302986], +[ 0.49671415 -0.1382643   0.64768854  1.52302986], /[ 0.24196227 -1.91328024 -1.72491783 -0.56228753], x1, /[ 0.24196227 -1.91328024 -1.72491783 -0.56228753], 4.538, 4.333, +[ 0.49671415 -0.1382643   0.64768854  1.52302986], 4.538, +[ 0.49671415 -0.1382643   0.64768854  1.52302986], /[ 0.24196227 -1.91328024 -1.72491783 -0.56228753], -2.429, x1, 4.333, +[ 0.49671415 -0.1382643   0.64768854  1.52302986], +[ 0.49671415 -0.1382643   0.64768854  1.52302986], +[ 0.49671415 -0.1382643   0.64768854  1.52302986], 4.538, +[ 0.49671415 -0.1382643   0.64768854  1.52302986], /[ 0.24196227 -1.91328024 -1.72491783 -0.56228753], x1, /[ 0.24196227 -1.91328024 -1.72491783 -0.56228753], +[ 0.49671415 -0.1382643   0.64768854  1.52302986], x5, 4.333, x1, +[ 0.49671415 -0.1382643   0.64768854  1.52302986], /[ 0.24196227 -1.91328024 -1.72491783 -0.56228753], -2.429, x1, 4.333, +[ 0.49671415 -0.1382643   0.64768854  1.52302986], /[ 0.24196227 -1.91328024 -1.72491783 -0.56228753], -2.429, x1, +[ 0.49671415 -0.1382643   0.64768854  1.52302986], 4.538, +[ 0.49671415 -0.1382643   0.64768854  1.52302986], /[ 0.24196227 -1.91328024 -1.72491783 -0.56228753], -2.429, x1, 4.333, +[ 0.49671415 -0.1382643   0.64768854  1.52302986], 4.538, +[ 0.49671415 -0.1382643   0.64768854  1.52302986], /[ 0.24196227 -1.91328024 -1.72491783 -0.56228753], -2.429, x1, 4.333, +[ 0.49671415 -0.1382643   0.64768854  1.52302986], 4.538, +[ 0.49671415 -0.1382643   0.64768854  1.52302986], /[ 0.24196227 -1.91328024 -1.72491783 -0.56228753], -2.429, x1, 4.333]
Training
	MSE:24453.873
	Rsquared:-2.965
Test:
	MSE:23921.583
	Rsquared:-3.203
16.0445716381073