generations_elite-fitness_number-of-evaluations_time
0_27454.981_64_0.024625301361083984
1_27454.981_128_0.08730411529541016
2_27454.981_192_0.14902210235595703
3_27454.981_256_0.2191781997680664
4_27017.875_320_0.2887754440307617
5_27017.875_384_0.3499271869659424
6_26789.32_448_0.3944816589355469
7_26759.802_512_0.4522216320037842
8_26331.138_576_0.5276403427124023
9_26210.029_640_0.6191151142120361
10_25790.771_704_0.8574466705322266
11_25498.382_768_0.9775149822235107
12_25402.365_832_1.107168436050415
13_25182.232_896_1.2827801704406738
14_25182.232_960_1.4722702503204346
15_24946.123_1024_1.7180516719818115
16_24537.075_1088_2.0277366638183594
17_24273.99_1152_2.5069401264190674
18_24227.817_1215_2.9753193855285645
19_24091.766_1275_3.657689332962036
20_23801.006_1332_4.290041446685791
21_23801.006_1389_5.067911624908447
22_23721.207_1447_5.8156468868255615
23_23470.043_1498_6.760197401046753
24_23470.043_1551_7.792515516281128
25_23470.043_1603_8.690966844558716
26_23412.251_1648_9.82048773765564
27_23412.251_1697_10.941280841827393
28_23412.251_1738_12.15808629989624
29_23412.251_1782_13.29822325706482
30_23402.705_1830_14.317270278930664
31_23402.705_1875_15.493769407272339
Function found (99nodes ):
	[+[ 0.49671415 -0.1382643   0.64768854  1.52302986], +[ 0.49671415 -0.1382643   0.64768854  1.52302986], +[ 0.49671415 -0.1382643   0.64768854  1.52302986], +[ 0.49671415 -0.1382643   0.64768854  1.52302986], -[-0.23415337 -0.23413696  1.57921282  0.76743473], -4.647, -4.647, +[ 0.49671415 -0.1382643   0.64768854  1.52302986], -[-0.23415337 -0.23413696  1.57921282  0.76743473], x8, -4.647, -[-0.23415337 -0.23413696  1.57921282  0.76743473], x8, -4.647, +[ 0.49671415 -0.1382643   0.64768854  1.52302986], +[ 0.49671415 -0.1382643   0.64768854  1.52302986], -[-0.23415337 -0.23413696  1.57921282  0.76743473], -4.647, -4.647, +[ 0.49671415 -0.1382643   0.64768854  1.52302986], -[-0.23415337 -0.23413696  1.57921282  0.76743473], x8, -4.647, -[-0.23415337 -0.23413696  1.57921282  0.76743473], x8, -4.647, -[-0.23415337 -0.23413696  1.57921282  0.76743473], -4.647, -4.647, +[ 0.49671415 -0.1382643   0.64768854  1.52302986], -[-0.23415337 -0.23413696  1.57921282  0.76743473], -4.647, -4.647, +[ 0.49671415 -0.1382643   0.64768854  1.52302986], -[-0.23415337 -0.23413696  1.57921282  0.76743473], -4.647, -4.647, -[-0.23415337 -0.23413696  1.57921282  0.76743473], -4.647, -4.647, +[ 0.49671415 -0.1382643   0.64768854  1.52302986], +[ 0.49671415 -0.1382643   0.64768854  1.52302986], -[-0.23415337 -0.23413696  1.57921282  0.76743473], -4.647, -4.647, +[ 0.49671415 -0.1382643   0.64768854  1.52302986], -[-0.23415337 -0.23413696  1.57921282  0.76743473], x8, -4.647, +[ 0.49671415 -0.1382643   0.64768854  1.52302986], -[-0.23415337 -0.23413696  1.57921282  0.76743473], -4.647, -4.647, -[-0.23415337 -0.23413696  1.57921282  0.76743473], -4.647, -4.647, +[ 0.49671415 -0.1382643   0.64768854  1.52302986], +[ 0.49671415 -0.1382643   0.64768854  1.52302986], +[ 0.49671415 -0.1382643   0.64768854  1.52302986], -[-0.23415337 -0.23413696  1.57921282  0.76743473], -4.647, -4.647, +[ 0.49671415 -0.1382643   0.64768854  1.52302986], -[-0.23415337 -0.23413696  1.57921282  0.76743473], -4.647, -4.647, +[ 0.49671415 -0.1382643   0.64768854  1.52302986], -[-0.23415337 -0.23413696  1.57921282  0.76743473], -4.647, -4.647, -[-0.23415337 -0.23413696  1.57921282  0.76743473], -4.647, -4.647, +[ 0.49671415 -0.1382643   0.64768854  1.52302986], -[-0.23415337 -0.23413696  1.57921282  0.76743473], -4.647, -4.647, +[ 0.49671415 -0.1382643   0.64768854  1.52302986], -[-0.23415337 -0.23413696  1.57921282  0.76743473], -4.647, -4.647, +[ 0.49671415 -0.1382643   0.64768854  1.52302986], -[-0.23415337 -0.23413696  1.57921282  0.76743473], x8, -4.647, -[-0.23415337 -0.23413696  1.57921282  0.76743473], x8, -4.647, +[ 0.49671415 -0.1382643   0.64768854  1.52302986], -[-0.23415337 -0.23413696  1.57921282  0.76743473], -4.647, -4.647, +[ 0.49671415 -0.1382643   0.64768854  1.52302986], -[-0.23415337 -0.23413696  1.57921282  0.76743473], -4.647, -4.647, -[-0.23415337 -0.23413696  1.57921282  0.76743473], -4.647, -4.647]
Training
	MSE:23402.705
	Rsquared:-2.794
Test:
	MSE:22873.59
	Rsquared:-3.019
15.49387526512146