generations_elite-fitness_number-of-evaluations_time
0_28188.539_64_0.014214277267456055
1_28188.539_128_0.04917097091674805
2_28090.286_192_0.09103250503540039
3_27931.615_256_0.13555455207824707
4_27407.629_320_0.17476558685302734
5_27155.659_384_0.22888684272766113
6_26874.999_448_0.30594587326049805
7_26654.702_512_0.4264826774597168
8_26334.455_576_0.7694246768951416
9_26312.762_640_0.9949359893798828
10_25840.645_704_1.3212730884552002
11_25625.47_767_1.7384827136993408
12_25525.409_825_2.4364418983459473
13_25516.598_883_3.1672139167785645
14_25480.801_940_4.0826637744903564
15_25224.996_992_5.098614692687988
16_25224.996_1042_5.991489887237549
17_25219.379_1092_6.9810872077941895
18_25219.379_1144_7.9791200160980225
19_25200.859_1197_9.063587427139282
20_25200.859_1247_10.01190447807312
21_25172.042_1299_11.059101819992065
22_25172.042_1350_12.114560842514038
23_25087.507_1400_13.242011547088623
24_25087.507_1448_14.290398597717285
25_25083.128_1500_15.250551223754883
26_24930.134_1552_16.349214553833008
27_24930.134_1603_17.43006706237793
28_24930.134_1649_18.54201865196228
29_24912.577_1701_19.405970811843872
30_24820.499_1751_20.389028787612915
Function found (87nodes ):
	[+[ 0.49671415 -0.1382643   0.64768854  1.52302986], +[ 0.49671415 -0.1382643   0.64768854  1.52302986], +[ 0.49671415 -0.1382643   0.64768854  1.52302986], -[-0.23415337 -0.23413696  1.57921282  0.76743473], -3.067, -3.067, +[ 0.49671415 -0.1382643   0.64768854  1.52302986], -[-0.23415337 -0.23413696  1.57921282  0.76743473], -3.067, -3.067, +[ 0.49671415 -0.1382643   0.64768854  1.52302986], -[-0.23415337 -0.23413696  1.57921282  0.76743473], -3.067, -3.067, +[ 0.49671415 -0.1382643   0.64768854  1.52302986], 3.686, -[-0.23415337 -0.23413696  1.57921282  0.76743473], -3.067, -3.067, +[ 0.49671415 -0.1382643   0.64768854  1.52302986], -[-0.23415337 -0.23413696  1.57921282  0.76743473], -3.067, -3.067, +[ 0.49671415 -0.1382643   0.64768854  1.52302986], -[-0.23415337 -0.23413696  1.57921282  0.76743473], -3.067, -3.067, +[ 0.49671415 -0.1382643   0.64768854  1.52302986], -[-0.23415337 -0.23413696  1.57921282  0.76743473], -3.067, -3.067, +[ 0.49671415 -0.1382643   0.64768854  1.52302986], 3.686, -[-0.23415337 -0.23413696  1.57921282  0.76743473], -3.067, -3.067, +[ 0.49671415 -0.1382643   0.64768854  1.52302986], +[ 0.49671415 -0.1382643   0.64768854  1.52302986], +[ 0.49671415 -0.1382643   0.64768854  1.52302986], -[-0.23415337 -0.23413696  1.57921282  0.76743473], -3.067, -3.067, +[ 0.49671415 -0.1382643   0.64768854  1.52302986], -[-0.23415337 -0.23413696  1.57921282  0.76743473], -3.067, -3.067, +[ 0.49671415 -0.1382643   0.64768854  1.52302986], -[-0.23415337 -0.23413696  1.57921282  0.76743473], -3.067, -3.067, +[ 0.49671415 -0.1382643   0.64768854  1.52302986], 3.686, -[-0.23415337 -0.23413696  1.57921282  0.76743473], -3.067, -3.067, +[ 0.49671415 -0.1382643   0.64768854  1.52302986], -[-0.23415337 -0.23413696  1.57921282  0.76743473], -3.067, -3.067, +[ 0.49671415 -0.1382643   0.64768854  1.52302986], -[-0.23415337 -0.23413696  1.57921282  0.76743473], -3.067, -3.067, +[ 0.49671415 -0.1382643   0.64768854  1.52302986], 1.865, +[ 0.49671415 -0.1382643   0.64768854  1.52302986], -[-0.23415337 -0.23413696  1.57921282  0.76743473], -3.067, -3.067, x1, +[ 0.49671415 -0.1382643   0.64768854  1.52302986], -[-0.23415337 -0.23413696  1.57921282  0.76743473], -3.067, -3.067, +[ 0.49671415 -0.1382643   0.64768854  1.52302986], -[-0.23415337 -0.23413696  1.57921282  0.76743473], -3.067, -3.067, +[ 0.49671415 -0.1382643   0.64768854  1.52302986], -[-0.23415337 -0.23413696  1.57921282  0.76743473], -3.067, -3.067, +[ 0.49671415 -0.1382643   0.64768854  1.52302986], 3.686, -[-0.23415337 -0.23413696  1.57921282  0.76743473], -3.067, -3.067]
Training
	MSE:24820.499
	Rsquared:-3.024
Test:
	MSE:24289.23
	Rsquared:-3.267
20.389148473739624