generations_elite-fitness_number-of-evaluations_time
0_28125.127_64_0.02046489715576172
1_28125.127_128_0.06576848030090332
2_28125.127_192_0.11434698104858398
3_27643.979_256_0.14694666862487793
4_27550.714_320_0.17290544509887695
5_27545.084_384_0.21463656425476074
6_27259.855_448_0.2627882957458496
7_26796.579_512_0.31585144996643066
8_26598.769_576_0.3782186508178711
9_26584.01_640_0.4620473384857178
10_26399.531_704_0.5650312900543213
11_26073.229_768_0.8240823745727539
12_26039.79_832_0.9850599765777588
13_25570.629_896_1.195946455001831
14_25456.983_960_1.4702770709991455
15_25163.82_1024_1.8222160339355469
16_24925.094_1088_2.317551612854004
17_24925.094_1149_2.77602219581604
18_24728.54_1210_3.258493661880493
19_24563.227_1273_3.9197797775268555
20_24449.666_1334_4.5975446701049805
21_24449.666_1396_5.417072296142578
22_24449.666_1452_6.223438262939453
23_24399.164_1508_7.193575620651245
24_24399.164_1563_8.207543849945068
25_24399.164_1618_9.050618886947632
26_24399.164_1666_10.073118686676025
Function found (99nodes ):
	[+[ 0.49671415 -0.1382643   0.64768854  1.52302986], +[ 0.49671415 -0.1382643   0.64768854  1.52302986], 4.055, +[ 0.49671415 -0.1382643   0.64768854  1.52302986], +[ 0.49671415 -0.1382643   0.64768854  1.52302986], +[ 0.49671415 -0.1382643   0.64768854  1.52302986], 4.055, 4.055, +[ 0.49671415 -0.1382643   0.64768854  1.52302986], +[ 0.49671415 -0.1382643   0.64768854  1.52302986], 4.055, 4.055, 4.055, +[ 0.49671415 -0.1382643   0.64768854  1.52302986], 4.055, +[ 0.49671415 -0.1382643   0.64768854  1.52302986], +[ 0.49671415 -0.1382643   0.64768854  1.52302986], 4.055, 4.055, 4.055, +[ 0.49671415 -0.1382643   0.64768854  1.52302986], +[ 0.49671415 -0.1382643   0.64768854  1.52302986], +[ 0.49671415 -0.1382643   0.64768854  1.52302986], 4.055, +[ 0.49671415 -0.1382643   0.64768854  1.52302986], +[ 0.49671415 -0.1382643   0.64768854  1.52302986], 4.055, 4.055, 4.055, +[ 0.49671415 -0.1382643   0.64768854  1.52302986], +[ 0.49671415 -0.1382643   0.64768854  1.52302986], 4.055, 4.055, +[ 0.49671415 -0.1382643   0.64768854  1.52302986], +[ 0.49671415 -0.1382643   0.64768854  1.52302986], 4.055, 4.055, +[ 0.49671415 -0.1382643   0.64768854  1.52302986], 4.055, +[ 0.49671415 -0.1382643   0.64768854  1.52302986], +[ 0.49671415 -0.1382643   0.64768854  1.52302986], 4.055, 4.055, 4.055, +[ 0.49671415 -0.1382643   0.64768854  1.52302986], +[ 0.49671415 -0.1382643   0.64768854  1.52302986], 4.055, +[ 0.49671415 -0.1382643   0.64768854  1.52302986], 4.055, +[ 0.49671415 -0.1382643   0.64768854  1.52302986], +[ 0.49671415 -0.1382643   0.64768854  1.52302986], +[ 0.49671415 -0.1382643   0.64768854  1.52302986], 4.055, 4.055, +[ 0.49671415 -0.1382643   0.64768854  1.52302986], +[ 0.49671415 -0.1382643   0.64768854  1.52302986], 4.055, 4.055, 4.055, +[ 0.49671415 -0.1382643   0.64768854  1.52302986], 4.055, +[ 0.49671415 -0.1382643   0.64768854  1.52302986], +[ 0.49671415 -0.1382643   0.64768854  1.52302986], 4.055, 4.055, 4.055, +[ 0.49671415 -0.1382643   0.64768854  1.52302986], +[ 0.49671415 -0.1382643   0.64768854  1.52302986], 4.055, 4.055, +[ 0.49671415 -0.1382643   0.64768854  1.52302986], /[ 0.24196227 -1.91328024 -1.72491783 -0.56228753], x9, x5, +[ 0.49671415 -0.1382643   0.64768854  1.52302986], +[ 0.49671415 -0.1382643   0.64768854  1.52302986], 4.055, +[ 0.49671415 -0.1382643   0.64768854  1.52302986], +[ 0.49671415 -0.1382643   0.64768854  1.52302986], 4.055, 4.055, 4.055, +[ 0.49671415 -0.1382643   0.64768854  1.52302986], +[ 0.49671415 -0.1382643   0.64768854  1.52302986], 4.055, 4.055, +[ 0.49671415 -0.1382643   0.64768854  1.52302986], +[ 0.49671415 -0.1382643   0.64768854  1.52302986], 4.055, 4.055, +[ 0.49671415 -0.1382643   0.64768854  1.52302986], /[ 0.24196227 -1.91328024 -1.72491783 -0.56228753], x9, x5, +[ 0.49671415 -0.1382643   0.64768854  1.52302986], +[ 0.49671415 -0.1382643   0.64768854  1.52302986], 4.055, 4.055, 4.055]
Training
	MSE:24399.164
	Rsquared:-2.956
Test:
	MSE:23869.181
	Rsquared:-3.193
10.073234558105469