generations_elite-fitness_number-of-evaluations_time
0_27933.505_64_0.014306306838989258
1_27933.505_128_0.04959726333618164
2_27881.31_192_0.0865788459777832
3_27269.893_256_0.11444449424743652
4_27269.893_320_0.14401936531066895
5_26640.786_384_0.1823410987854004
6_26640.786_448_0.22941803932189941
7_26389.267_512_0.29233717918395996
8_26082.231_576_0.3692362308502197
9_25713.682_640_0.6362559795379639
10_25713.682_704_0.7623648643493652
11_25203.137_768_0.9206185340881348
12_24871.743_832_1.1395223140716553
13_24687.65_896_1.4600448608398438
14_24339.052_958_2.0434844493865967
15_24339.052_1016_2.6842832565307617
16_24207.313_1074_3.5459108352661133
17_24207.313_1135_4.31637167930603
18_24193.985_1197_5.216362237930298
19_24032.691_1256_6.020555019378662
20_24031.361_1311_7.0586159229278564
21_23942.415_1371_8.014396667480469
22_23862.462_1427_8.854512929916382
23_23819.032_1484_9.888857126235962
24_23816.567_1538_10.896379709243774
25_23813.039_1598_11.731420040130615
26_23748.597_1650_12.87475872039795
27_23748.597_1701_13.995482921600342
28_23748.597_1753_15.128050565719604
29_23748.597_1808_16.014201164245605
30_23745.939_1847_17.164414405822754
31_23745.939_1900_18.252193927764893
32_23745.664_1950_19.378382921218872
33_23745.664_2001_20.307962894439697
Function found (99nodes ):
	[+[ 0.49671415 -0.1382643   0.64768854  1.52302986], +[ 0.49671415 -0.1382643   0.64768854  1.52302986], +[ 0.49671415 -0.1382643   0.64768854  1.52302986], +[ 0.49671415 -0.1382643   0.64768854  1.52302986], 4.88, 4.88, 4.88, +[ 0.49671415 -0.1382643   0.64768854  1.52302986], +[ 0.49671415 -0.1382643   0.64768854  1.52302986], +[ 0.49671415 -0.1382643   0.64768854  1.52302986], 4.88, 4.88, +[ 0.49671415 -0.1382643   0.64768854  1.52302986], +[ 0.49671415 -0.1382643   0.64768854  1.52302986], 4.88, 4.88, 4.88, +[ 0.49671415 -0.1382643   0.64768854  1.52302986], +[ 0.49671415 -0.1382643   0.64768854  1.52302986], 4.88, 4.88, 4.88, +[ 0.49671415 -0.1382643   0.64768854  1.52302986], +[ 0.49671415 -0.1382643   0.64768854  1.52302986], +[ 0.49671415 -0.1382643   0.64768854  1.52302986], +[ 0.49671415 -0.1382643   0.64768854  1.52302986], 4.88, +[ 0.49671415 -0.1382643   0.64768854  1.52302986], 4.88, +[ 0.49671415 -0.1382643   0.64768854  1.52302986], 4.88, 4.703, +[ 0.49671415 -0.1382643   0.64768854  1.52302986], +[ 0.49671415 -0.1382643   0.64768854  1.52302986], 4.88, 4.88, +[ 0.49671415 -0.1382643   0.64768854  1.52302986], +[ 0.49671415 -0.1382643   0.64768854  1.52302986], 4.88, 4.88, 4.88, +[ 0.49671415 -0.1382643   0.64768854  1.52302986], +[ 0.49671415 -0.1382643   0.64768854  1.52302986], 4.88, +[ 0.49671415 -0.1382643   0.64768854  1.52302986], 4.88, +[ 0.49671415 -0.1382643   0.64768854  1.52302986], 4.88, 4.703, +[ 0.49671415 -0.1382643   0.64768854  1.52302986], 4.88, +[ 0.49671415 -0.1382643   0.64768854  1.52302986], +[ 0.49671415 -0.1382643   0.64768854  1.52302986], +[ 0.49671415 -0.1382643   0.64768854  1.52302986], 4.88, +[ 0.49671415 -0.1382643   0.64768854  1.52302986], 4.88, +[ 0.49671415 -0.1382643   0.64768854  1.52302986], 4.88, 4.88, +[ 0.49671415 -0.1382643   0.64768854  1.52302986], +[ 0.49671415 -0.1382643   0.64768854  1.52302986], 4.88, 4.88, +[ 0.49671415 -0.1382643   0.64768854  1.52302986], +[ 0.49671415 -0.1382643   0.64768854  1.52302986], 4.88, 4.88, 4.88, +[ 0.49671415 -0.1382643   0.64768854  1.52302986], +[ 0.49671415 -0.1382643   0.64768854  1.52302986], 4.88, 4.88, +[ 0.49671415 -0.1382643   0.64768854  1.52302986], +[ 0.49671415 -0.1382643   0.64768854  1.52302986], 4.88, 4.88, 4.88, +[ 0.49671415 -0.1382643   0.64768854  1.52302986], +[ 0.49671415 -0.1382643   0.64768854  1.52302986], +[ 0.49671415 -0.1382643   0.64768854  1.52302986], 4.88, 4.88, +[ 0.49671415 -0.1382643   0.64768854  1.52302986], +[ 0.49671415 -0.1382643   0.64768854  1.52302986], 4.88, 4.88, 4.88, +[ 0.49671415 -0.1382643   0.64768854  1.52302986], +[ 0.49671415 -0.1382643   0.64768854  1.52302986], 4.88, +[ 0.49671415 -0.1382643   0.64768854  1.52302986], 4.88, 4.88, +[ 0.49671415 -0.1382643   0.64768854  1.52302986], +[ 0.49671415 -0.1382643   0.64768854  1.52302986], 4.88, 4.88, 4.88]
Training
	MSE:23745.664
	Rsquared:-2.85
Test:
	MSE:23216.007
	Rsquared:-3.079
20.308096647262573