generations_elite-fitness_number-of-evaluations_time
0_27848.904_128_0.06499719619750977
1_27848.904_256_0.22688913345336914
2_27848.904_384_0.38820314407348633
3_27555.36_512_0.47179675102233887
4_27253.123_640_0.5583012104034424
5_27042.819_768_0.6805047988891602
6_26552.49_896_0.8037517070770264
7_26330.246_1024_1.0882141590118408
8_26214.958_1152_1.3199644088745117
9_25739.783_1280_1.6598339080810547
10_25581.074_1408_2.0959606170654297
11_25341.405_1536_2.684537172317505
12_25123.124_1664_3.287349224090576
13_24872.872_1792_4.213129997253418
14_24872.872_1911_5.3862385749816895
Function found (97nodes ):
	[+[ 0.49671415 -0.1382643   0.64768854  1.52302986], +[ 0.49671415 -0.1382643   0.64768854  1.52302986], +[ 0.49671415 -0.1382643   0.64768854  1.52302986], +[ 0.49671415 -0.1382643   0.64768854  1.52302986], 4.99, +[ 0.49671415 -0.1382643   0.64768854  1.52302986], 3.716, +[ 0.49671415 -0.1382643   0.64768854  1.52302986], +[ 0.49671415 -0.1382643   0.64768854  1.52302986], 4.99, +[ 0.49671415 -0.1382643   0.64768854  1.52302986], x4, x0, 4.99, +[ 0.49671415 -0.1382643   0.64768854  1.52302986], 4.99, +[ 0.49671415 -0.1382643   0.64768854  1.52302986], +[ 0.49671415 -0.1382643   0.64768854  1.52302986], +[ 0.49671415 -0.1382643   0.64768854  1.52302986], +[ 0.49671415 -0.1382643   0.64768854  1.52302986], +[ 0.49671415 -0.1382643   0.64768854  1.52302986], 3.716, 4.99, +[ 0.49671415 -0.1382643   0.64768854  1.52302986], 3.716, +[ 0.49671415 -0.1382643   0.64768854  1.52302986], x1, 4.99, 4.439, +[ 0.49671415 -0.1382643   0.64768854  1.52302986], 4.99, +[ 0.49671415 -0.1382643   0.64768854  1.52302986], 4.99, +[ 0.49671415 -0.1382643   0.64768854  1.52302986], 3.716, +[ 0.49671415 -0.1382643   0.64768854  1.52302986], +[ 0.49671415 -0.1382643   0.64768854  1.52302986], 4.99, +[ 0.49671415 -0.1382643   0.64768854  1.52302986], x4, x0, 4.99, +[ 0.49671415 -0.1382643   0.64768854  1.52302986], 4.99, +[ 0.49671415 -0.1382643   0.64768854  1.52302986], 3.716, +[ 0.49671415 -0.1382643   0.64768854  1.52302986], +[ 0.49671415 -0.1382643   0.64768854  1.52302986], +[ 0.49671415 -0.1382643   0.64768854  1.52302986], 3.716, +[ 0.49671415 -0.1382643   0.64768854  1.52302986], +[ 0.49671415 -0.1382643   0.64768854  1.52302986], 4.99, +[ 0.49671415 -0.1382643   0.64768854  1.52302986], x4, x0, 4.99, +[ 0.49671415 -0.1382643   0.64768854  1.52302986], x4, x0, 4.99, +[ 0.49671415 -0.1382643   0.64768854  1.52302986], +[ 0.49671415 -0.1382643   0.64768854  1.52302986], 3.716, +[ 0.49671415 -0.1382643   0.64768854  1.52302986], 4.99, +[ 0.49671415 -0.1382643   0.64768854  1.52302986], +[ 0.49671415 -0.1382643   0.64768854  1.52302986], 4.99, +[ 0.49671415 -0.1382643   0.64768854  1.52302986], x4, 4.99, 4.99, +[ 0.49671415 -0.1382643   0.64768854  1.52302986], 4.99, +[ 0.49671415 -0.1382643   0.64768854  1.52302986], 3.716, +[ 0.49671415 -0.1382643   0.64768854  1.52302986], +[ 0.49671415 -0.1382643   0.64768854  1.52302986], 4.99, +[ 0.49671415 -0.1382643   0.64768854  1.52302986], x4, x0, 4.99, +[ 0.49671415 -0.1382643   0.64768854  1.52302986], 4.99, +[ 0.49671415 -0.1382643   0.64768854  1.52302986], 4.99, +[ 0.49671415 -0.1382643   0.64768854  1.52302986], 3.716, +[ 0.49671415 -0.1382643   0.64768854  1.52302986], +[ 0.49671415 -0.1382643   0.64768854  1.52302986], 4.99, +[ 0.49671415 -0.1382643   0.64768854  1.52302986], x4, x0, 4.99]
Training
	MSE:24872.872
	Rsquared:-3.033
Test:
	MSE:24341.427
	Rsquared:-3.276
5.386338949203491