generations_elite-fitness_number-of-evaluations_time
0_27820.002_128_0.046410560607910156
1_27820.002_256_0.13716602325439453
2_27758.219_384_0.21407413482666016
3_27540.293_512_0.28450751304626465
4_27439.018_640_0.3718113899230957
5_27141.238_768_0.4832723140716553
6_27131.057_896_0.6115691661834717
7_26803.016_1024_0.7585177421569824
8_26549.057_1152_0.9454360008239746
9_26417.355_1280_1.185840368270874
10_25923.022_1408_1.6140601634979248
11_25923.022_1536_1.9718382358551025
12_25701.912_1664_2.428004503250122
13_25453.477_1792_3.1625895500183105
14_25208.666_1920_3.963456869125366
15_25135.259_2046_5.020376682281494
16_25135.259_2171_6.246409893035889
17_24772.781_2296_7.551923990249634
18_24772.229_2416_9.086429834365845
19_24771.038_2534_10.761051177978516
20_24653.948_2654_12.528144836425781
21_24653.948_2773_14.577625274658203
22_24653.948_2890_16.40135359764099
Function found (97nodes ):
	[+[ 0.49671415 -0.1382643   0.64768854  1.52302986], +[ 0.49671415 -0.1382643   0.64768854  1.52302986], +[ 0.49671415 -0.1382643   0.64768854  1.52302986], +[ 0.49671415 -0.1382643   0.64768854  1.52302986], +[ 0.49671415 -0.1382643   0.64768854  1.52302986], 3.165, +[ 0.49671415 -0.1382643   0.64768854  1.52302986], 3.165, 3.615, 3.615, +[ 0.49671415 -0.1382643   0.64768854  1.52302986], 3.165, 3.615, +[ 0.49671415 -0.1382643   0.64768854  1.52302986], +[ 0.49671415 -0.1382643   0.64768854  1.52302986], /[ 0.24196227 -1.91328024 -1.72491783 -0.56228753], 1.35, x7, 3.615, +[ 0.49671415 -0.1382643   0.64768854  1.52302986], +[ 0.49671415 -0.1382643   0.64768854  1.52302986], +[ 0.49671415 -0.1382643   0.64768854  1.52302986], 3.165, +[ 0.49671415 -0.1382643   0.64768854  1.52302986], 3.165, 3.615, +[ 0.49671415 -0.1382643   0.64768854  1.52302986], 3.165, 3.615, +[ 0.49671415 -0.1382643   0.64768854  1.52302986], +[ 0.49671415 -0.1382643   0.64768854  1.52302986], 4.179, +[ 0.49671415 -0.1382643   0.64768854  1.52302986], 3.165, +[ 0.49671415 -0.1382643   0.64768854  1.52302986], +[ 0.49671415 -0.1382643   0.64768854  1.52302986], /[ 0.24196227 -1.91328024 -1.72491783 -0.56228753], 1.35, x7, 3.615, +[ 0.49671415 -0.1382643   0.64768854  1.52302986], +[ 0.49671415 -0.1382643   0.64768854  1.52302986], 3.165, +[ 0.49671415 -0.1382643   0.64768854  1.52302986], 3.165, 3.615, 3.615, 3.615, +[ 0.49671415 -0.1382643   0.64768854  1.52302986], +[ 0.49671415 -0.1382643   0.64768854  1.52302986], +[ 0.49671415 -0.1382643   0.64768854  1.52302986], +[ 0.49671415 -0.1382643   0.64768854  1.52302986], /[ 0.24196227 -1.91328024 -1.72491783 -0.56228753], 1.35, x7, 3.615, +[ 0.49671415 -0.1382643   0.64768854  1.52302986], +[ 0.49671415 -0.1382643   0.64768854  1.52302986], 3.165, +[ 0.49671415 -0.1382643   0.64768854  1.52302986], 3.165, 3.615, 3.615, +[ 0.49671415 -0.1382643   0.64768854  1.52302986], +[ 0.49671415 -0.1382643   0.64768854  1.52302986], /[ 0.24196227 -1.91328024 -1.72491783 -0.56228753], 1.35, x7, 3.615, +[ 0.49671415 -0.1382643   0.64768854  1.52302986], +[ 0.49671415 -0.1382643   0.64768854  1.52302986], +[ 0.49671415 -0.1382643   0.64768854  1.52302986], 3.165, 3.615, +[ 0.49671415 -0.1382643   0.64768854  1.52302986], 3.165, 3.615, +[ 0.49671415 -0.1382643   0.64768854  1.52302986], /[ 0.24196227 -1.91328024 -1.72491783 -0.56228753], x4, x0, 3.615, +[ 0.49671415 -0.1382643   0.64768854  1.52302986], +[ 0.49671415 -0.1382643   0.64768854  1.52302986], +[ 0.49671415 -0.1382643   0.64768854  1.52302986], 3.165, 3.615, +[ 0.49671415 -0.1382643   0.64768854  1.52302986], 3.165, 3.615, +[ 0.49671415 -0.1382643   0.64768854  1.52302986], +[ 0.49671415 -0.1382643   0.64768854  1.52302986], 3.615, +[ 0.49671415 -0.1382643   0.64768854  1.52302986], 3.165, 3.615, 3.615]
Training
	MSE:24653.948
	Rsquared:-2.997
Test:
	MSE:24123.698
	Rsquared:-3.238
16.401477098464966