generations_elite-fitness_number-of-evaluations_time
0_27852.438_64_0.016666889190673828
1_27852.438_128_0.05686330795288086
2_27773.081_192_0.10476851463317871
3_27237.322_256_0.1545398235321045
4_27146.412_320_0.21319365501403809
5_26843.64_384_0.29714393615722656
6_26416.448_448_0.39031076431274414
7_26291.628_512_0.4954822063446045
8_25882.143_576_0.637991189956665
9_25441.536_640_0.822272539138794
10_25054.014_704_1.2419404983520508
11_24759.049_768_1.6420300006866455
12_24418.087_828_2.25114369392395
13_24394.308_884_3.1004598140716553
14_24293.195_939_4.1113176345825195
15_23905.664_992_5.08067512512207
Function found (89nodes ):
	[+[ 0.49671415 -0.1382643   0.64768854  1.52302986], +[ 0.49671415 -0.1382643   0.64768854  1.52302986], +[ 0.49671415 -0.1382643   0.64768854  1.52302986], +[ 0.49671415 -0.1382643   0.64768854  1.52302986], +[ 0.49671415 -0.1382643   0.64768854  1.52302986], 4.978, +[ 0.49671415 -0.1382643   0.64768854  1.52302986], 4.978, 4.978, +[ 0.49671415 -0.1382643   0.64768854  1.52302986], 4.978, 4.978, +[ 0.49671415 -0.1382643   0.64768854  1.52302986], +[ 0.49671415 -0.1382643   0.64768854  1.52302986], 4.978, 4.978, +[ 0.49671415 -0.1382643   0.64768854  1.52302986], 4.978, 4.978, +[ 0.49671415 -0.1382643   0.64768854  1.52302986], +[ 0.49671415 -0.1382643   0.64768854  1.52302986], 4.978, 4.978, +[ 0.49671415 -0.1382643   0.64768854  1.52302986], 4.978, 4.978, +[ 0.49671415 -0.1382643   0.64768854  1.52302986], +[ 0.49671415 -0.1382643   0.64768854  1.52302986], +[ 0.49671415 -0.1382643   0.64768854  1.52302986], +[ 0.49671415 -0.1382643   0.64768854  1.52302986], +[ 0.49671415 -0.1382643   0.64768854  1.52302986], 4.978, +[ 0.49671415 -0.1382643   0.64768854  1.52302986], 4.978, 4.978, +[ 0.49671415 -0.1382643   0.64768854  1.52302986], 4.978, 4.978, +[ 0.49671415 -0.1382643   0.64768854  1.52302986], +[ 0.49671415 -0.1382643   0.64768854  1.52302986], 4.978, 4.978, +[ 0.49671415 -0.1382643   0.64768854  1.52302986], 4.978, 4.978, +[ 0.49671415 -0.1382643   0.64768854  1.52302986], +[ 0.49671415 -0.1382643   0.64768854  1.52302986], 4.978, 4.978, +[ 0.49671415 -0.1382643   0.64768854  1.52302986], 4.978, 4.978, +[ 0.49671415 -0.1382643   0.64768854  1.52302986], 4.978, +[ 0.49671415 -0.1382643   0.64768854  1.52302986], +[ 0.49671415 -0.1382643   0.64768854  1.52302986], +[ 0.49671415 -0.1382643   0.64768854  1.52302986], +[ 0.49671415 -0.1382643   0.64768854  1.52302986], 4.978, 4.978, +[ 0.49671415 -0.1382643   0.64768854  1.52302986], 4.978, 4.978, 4.978, +[ 0.49671415 -0.1382643   0.64768854  1.52302986], +[ 0.49671415 -0.1382643   0.64768854  1.52302986], +[ 0.49671415 -0.1382643   0.64768854  1.52302986], 4.978, +[ 0.49671415 -0.1382643   0.64768854  1.52302986], +[ 0.49671415 -0.1382643   0.64768854  1.52302986], 4.978, 4.978, +[ 0.49671415 -0.1382643   0.64768854  1.52302986], 4.978, 4.978, +[ 0.49671415 -0.1382643   0.64768854  1.52302986], /[ 0.24196227 -1.91328024 -1.72491783 -0.56228753], x8, x2, +[ 0.49671415 -0.1382643   0.64768854  1.52302986], 4.978, +[ 0.49671415 -0.1382643   0.64768854  1.52302986], 4.978, 4.978, +[ 0.49671415 -0.1382643   0.64768854  1.52302986], 4.978, +[ 0.49671415 -0.1382643   0.64768854  1.52302986], 4.978, 4.978]
Training
	MSE:23905.664
	Rsquared:-2.876
Test:
	MSE:23375.149
	Rsquared:-3.107
5.0808000564575195