generations_elite-fitness_number-of-evaluations_time
0_28208.52_64_0.03422141075134277
1_28208.52_128_0.11802887916564941
2_27903.124_192_0.21837139129638672
3_27489.276_256_0.29162144660949707
4_27294.504_320_0.3484771251678467
5_27294.504_384_0.39228343963623047
6_26904.919_448_0.44931769371032715
7_26654.524_512_0.5051636695861816
8_26449.978_576_0.581031322479248
9_26337.337_640_0.6755456924438477
10_26122.768_704_0.7980303764343262
11_25673.249_768_1.141984462738037
12_25673.249_832_1.3144123554229736
13_25315.896_896_1.5250096321105957
14_25012.4_960_1.779038667678833
15_24469.673_1024_2.1504828929901123
16_24186.445_1088_2.710796594619751
17_24137.695_1148_3.3020949363708496
18_24137.695_1209_4.1650378704071045
19_24113.505_1270_4.94462251663208
20_24094.836_1323_5.924782991409302
21_24075.989_1381_6.907480478286743
22_23917.765_1441_7.731154680252075
23_23917.765_1497_8.71207308769226
24_23913.215_1548_9.731975317001343
25_23910.5_1601_10.591458797454834
26_23899.89_1653_11.545064449310303
27_23855.939_1712_12.496500730514526
28_23834.879_1766_13.372249841690063
29_23831.268_1824_14.366512298583984
30_23800.504_1877_15.398311138153076
Function found (99nodes ):
	[+[ 0.49671415 -0.1382643   0.64768854  1.52302986], +[ 0.49671415 -0.1382643   0.64768854  1.52302986], +[ 0.49671415 -0.1382643   0.64768854  1.52302986], +[ 0.49671415 -0.1382643   0.64768854  1.52302986], 4.806, 4.806, 4.806, +[ 0.49671415 -0.1382643   0.64768854  1.52302986], +[ 0.49671415 -0.1382643   0.64768854  1.52302986], +[ 0.49671415 -0.1382643   0.64768854  1.52302986], +[ 0.49671415 -0.1382643   0.64768854  1.52302986], 4.806, +[ 0.49671415 -0.1382643   0.64768854  1.52302986], +[ 0.49671415 -0.1382643   0.64768854  1.52302986], +[ 0.49671415 -0.1382643   0.64768854  1.52302986], 4.806, 4.806, +[ 0.49671415 -0.1382643   0.64768854  1.52302986], 4.806, 4.806, +[ 0.49671415 -0.1382643   0.64768854  1.52302986], 4.806, +[ 0.49671415 -0.1382643   0.64768854  1.52302986], 4.806, +[ 0.49671415 -0.1382643   0.64768854  1.52302986], 4.806, +[ 0.49671415 -0.1382643   0.64768854  1.52302986], /[ 0.24196227 -1.91328024 -1.72491783 -0.56228753], x3, x4, 1.871, 4.806, +[ 0.49671415 -0.1382643   0.64768854  1.52302986], 4.806, 4.806, +[ 0.49671415 -0.1382643   0.64768854  1.52302986], +[ 0.49671415 -0.1382643   0.64768854  1.52302986], +[ 0.49671415 -0.1382643   0.64768854  1.52302986], 4.806, 4.806, 4.806, +[ 0.49671415 -0.1382643   0.64768854  1.52302986], 4.806, 4.806, +[ 0.49671415 -0.1382643   0.64768854  1.52302986], +[ 0.49671415 -0.1382643   0.64768854  1.52302986], +[ 0.49671415 -0.1382643   0.64768854  1.52302986], +[ 0.49671415 -0.1382643   0.64768854  1.52302986], 4.806, 4.806, +[ 0.49671415 -0.1382643   0.64768854  1.52302986], 4.806, 4.806, +[ 0.49671415 -0.1382643   0.64768854  1.52302986], +[ 0.49671415 -0.1382643   0.64768854  1.52302986], +[ 0.49671415 -0.1382643   0.64768854  1.52302986], +[ 0.49671415 -0.1382643   0.64768854  1.52302986], 4.806, 4.806, 4.806, +[ 0.49671415 -0.1382643   0.64768854  1.52302986], 4.806, 4.806, +[ 0.49671415 -0.1382643   0.64768854  1.52302986], +[ 0.49671415 -0.1382643   0.64768854  1.52302986], +[ 0.49671415 -0.1382643   0.64768854  1.52302986], 4.806, 4.806, 4.806, +[ 0.49671415 -0.1382643   0.64768854  1.52302986], 4.806, 4.806, +[ 0.49671415 -0.1382643   0.64768854  1.52302986], +[ 0.49671415 -0.1382643   0.64768854  1.52302986], +[ 0.49671415 -0.1382643   0.64768854  1.52302986], +[ 0.49671415 -0.1382643   0.64768854  1.52302986], 4.806, 4.806, +[ 0.49671415 -0.1382643   0.64768854  1.52302986], +[ 0.49671415 -0.1382643   0.64768854  1.52302986], 4.806, 4.806, 4.806, +[ 0.49671415 -0.1382643   0.64768854  1.52302986], 4.806, 4.806, +[ 0.49671415 -0.1382643   0.64768854  1.52302986], +[ 0.49671415 -0.1382643   0.64768854  1.52302986], +[ 0.49671415 -0.1382643   0.64768854  1.52302986], 4.806, 4.806, 4.806, +[ 0.49671415 -0.1382643   0.64768854  1.52302986], +[ 0.49671415 -0.1382643   0.64768854  1.52302986], +[ 0.49671415 -0.1382643   0.64768854  1.52302986], 4.806, 4.806, 4.806, 4.806]
Training
	MSE:23800.504
	Rsquared:-2.859
Test:
	MSE:23270.768
	Rsquared:-3.088
15.398444175720215