generations_elite-fitness_number-of-evaluations_time
0_27005.093_64_0.02331256866455078
1_27005.093_128_0.08213281631469727
2_27005.093_192_0.15695881843566895
3_26689.392_256_0.25446343421936035
4_26304.057_320_0.3691139221191406
5_26304.057_384_0.6506383419036865
6_25667.283_448_0.8478550910949707
7_25653.903_512_1.0964643955230713
8_25548.853_576_1.4017224311828613
9_25102.749_640_1.7635760307312012
10_25102.749_700_2.3677189350128174
11_24886.937_760_2.9423165321350098
12_24875.068_819_3.656193494796753
13_24875.068_878_4.283698797225952
14_24517.783_937_5.09825325012207
Function found (87nodes ):
	[+[ 0.49671415 -0.1382643   0.64768854  1.52302986], +[ 0.49671415 -0.1382643   0.64768854  1.52302986], +[ 0.49671415 -0.1382643   0.64768854  1.52302986], +[ 0.49671415 -0.1382643   0.64768854  1.52302986], +[ 0.49671415 -0.1382643   0.64768854  1.52302986], 0.29, -[-0.23415337 -0.23413696  1.57921282  0.76743473], x0, -4.696, +[ 0.49671415 -0.1382643   0.64768854  1.52302986], 0.29, -[-0.23415337 -0.23413696  1.57921282  0.76743473], x0, -4.696, -[-0.23415337 -0.23413696  1.57921282  0.76743473], x0, -4.696, +[ 0.49671415 -0.1382643   0.64768854  1.52302986], +[ 0.49671415 -0.1382643   0.64768854  1.52302986], +[ 0.49671415 -0.1382643   0.64768854  1.52302986], +[ 0.49671415 -0.1382643   0.64768854  1.52302986], +[ 0.49671415 -0.1382643   0.64768854  1.52302986], 0.29, -[-0.23415337 -0.23413696  1.57921282  0.76743473], -4.696, -4.696, +[ 0.49671415 -0.1382643   0.64768854  1.52302986], 0.29, -[-0.23415337 -0.23413696  1.57921282  0.76743473], x0, -4.696, -[-0.23415337 -0.23413696  1.57921282  0.76743473], x0, -4.696, -[-0.23415337 -0.23413696  1.57921282  0.76743473], x0, -4.696, +[ 0.49671415 -0.1382643   0.64768854  1.52302986], +[ 0.49671415 -0.1382643   0.64768854  1.52302986], +[ 0.49671415 -0.1382643   0.64768854  1.52302986], 0.29, -[-0.23415337 -0.23413696  1.57921282  0.76743473], x0, -4.696, +[ 0.49671415 -0.1382643   0.64768854  1.52302986], 0.29, -[-0.23415337 -0.23413696  1.57921282  0.76743473], -4.696, -4.696, -[-0.23415337 -0.23413696  1.57921282  0.76743473], x0, -4.696, +[ 0.49671415 -0.1382643   0.64768854  1.52302986], +[ 0.49671415 -0.1382643   0.64768854  1.52302986], +[ 0.49671415 -0.1382643   0.64768854  1.52302986], +[ 0.49671415 -0.1382643   0.64768854  1.52302986], +[ 0.49671415 -0.1382643   0.64768854  1.52302986], 0.29, -[-0.23415337 -0.23413696  1.57921282  0.76743473], x0, -4.696, +[ 0.49671415 -0.1382643   0.64768854  1.52302986], 0.29, -[-0.23415337 -0.23413696  1.57921282  0.76743473], x0, -4.696, -[-0.23415337 -0.23413696  1.57921282  0.76743473], x0, -4.696, -[-0.23415337 -0.23413696  1.57921282  0.76743473], x0, -4.696, +[ 0.49671415 -0.1382643   0.64768854  1.52302986], +[ 0.49671415 -0.1382643   0.64768854  1.52302986], +[ 0.49671415 -0.1382643   0.64768854  1.52302986], 0.29, -[-0.23415337 -0.23413696  1.57921282  0.76743473], x0, -4.696, +[ 0.49671415 -0.1382643   0.64768854  1.52302986], 0.29, -[-0.23415337 -0.23413696  1.57921282  0.76743473], -4.696, -4.696, -[-0.23415337 -0.23413696  1.57921282  0.76743473], x0, -4.696]
Training
	MSE:24517.783
	Rsquared:-2.975
Test:
	MSE:23987.254
	Rsquared:-3.214
5.0983726978302