generations_elite-fitness_number-of-evaluations_time
0_26680.179_64_0.02102971076965332
1_26680.179_128_0.07196164131164551
2_26680.179_192_0.1347806453704834
3_26679.594_256_0.1983928680419922
4_26256.226_320_0.2594318389892578
5_24441.157_384_0.3239929676055908
6_22738.52_448_0.3996012210845947
7_22358.213_512_0.4903378486633301
8_20423.325_576_0.5876216888427734
9_20423.325_640_0.7074885368347168
10_17861.845_704_0.8600254058837891
11_17598.375_768_1.0546231269836426
12_17162.16_832_1.4294078350067139
13_15957.93_896_1.7504796981811523
14_15957.93_960_2.119328737258911
15_15653.149_1024_2.6341309547424316
16_15461.286_1088_3.3170504570007324
17_15444.918_1150_3.969855308532715
18_15307.959_1212_4.877283811569214
19_15292.65_1271_5.74766731262207
20_15292.397_1326_6.823421239852905
21_15284.746_1380_7.977299213409424
22_15284.746_1431_9.022594213485718
23_15281.739_1483_10.212094783782959
24_15255.537_1536_11.535823106765747
25_15245.114_1582_12.806787252426147
26_15245.114_1633_13.937289476394653
27_15245.114_1683_15.22230863571167
Function found (99nodes ):
	[-[-0.23415337 -0.23413696  1.57921282  0.76743473], /[ 0.24196227 -1.91328024 -1.72491783 -0.56228753], /[ 0.24196227 -1.91328024 -1.72491783 -0.56228753], /[ 0.24196227 -1.91328024 -1.72491783 -0.56228753], /[ 0.24196227 -1.91328024 -1.72491783 -0.56228753], /[ 0.24196227 -1.91328024 -1.72491783 -0.56228753], /[ 0.24196227 -1.91328024 -1.72491783 -0.56228753], /[ 0.24196227 -1.91328024 -1.72491783 -0.56228753], /[ 0.24196227 -1.91328024 -1.72491783 -0.56228753], /[ 0.24196227 -1.91328024 -1.72491783 -0.56228753], /[ 0.24196227 -1.91328024 -1.72491783 -0.56228753], /[ 0.24196227 -1.91328024 -1.72491783 -0.56228753], /[ 0.24196227 -1.91328024 -1.72491783 -0.56228753], /[ 0.24196227 -1.91328024 -1.72491783 -0.56228753], /[ 0.24196227 -1.91328024 -1.72491783 -0.56228753], /[ 0.24196227 -1.91328024 -1.72491783 -0.56228753], /[ 0.24196227 -1.91328024 -1.72491783 -0.56228753], x1, -0.495, -0.495, -0.495, -0.495, -0.495, -0.495, -0.495, -0.495, -0.495, -0.495, -0.495, -0.495, -0.495, -0.495, -0.495, -0.495, /[ 0.24196227 -1.91328024 -1.72491783 -0.56228753], /[ 0.24196227 -1.91328024 -1.72491783 -0.56228753], /[ 0.24196227 -1.91328024 -1.72491783 -0.56228753], /[ 0.24196227 -1.91328024 -1.72491783 -0.56228753], /[ 0.24196227 -1.91328024 -1.72491783 -0.56228753], /[ 0.24196227 -1.91328024 -1.72491783 -0.56228753], /[ 0.24196227 -1.91328024 -1.72491783 -0.56228753], /[ 0.24196227 -1.91328024 -1.72491783 -0.56228753], /[ 0.24196227 -1.91328024 -1.72491783 -0.56228753], /[ 0.24196227 -1.91328024 -1.72491783 -0.56228753], /[ 0.24196227 -1.91328024 -1.72491783 -0.56228753], /[ 0.24196227 -1.91328024 -1.72491783 -0.56228753], /[ 0.24196227 -1.91328024 -1.72491783 -0.56228753], /[ 0.24196227 -1.91328024 -1.72491783 -0.56228753], /[ 0.24196227 -1.91328024 -1.72491783 -0.56228753], /[ 0.24196227 -1.91328024 -1.72491783 -0.56228753], /[ 0.24196227 -1.91328024 -1.72491783 -0.56228753], /[ 0.24196227 -1.91328024 -1.72491783 -0.56228753], /[ 0.24196227 -1.91328024 -1.72491783 -0.56228753], /[ 0.24196227 -1.91328024 -1.72491783 -0.56228753], /[ 0.24196227 -1.91328024 -1.72491783 -0.56228753], /[ 0.24196227 -1.91328024 -1.72491783 -0.56228753], /[ 0.24196227 -1.91328024 -1.72491783 -0.56228753], /[ 0.24196227 -1.91328024 -1.72491783 -0.56228753], /[ 0.24196227 -1.91328024 -1.72491783 -0.56228753], /[ 0.24196227 -1.91328024 -1.72491783 -0.56228753], /[ 0.24196227 -1.91328024 -1.72491783 -0.56228753], /[ 0.24196227 -1.91328024 -1.72491783 -0.56228753], /[ 0.24196227 -1.91328024 -1.72491783 -0.56228753], /[ 0.24196227 -1.91328024 -1.72491783 -0.56228753], /[ 0.24196227 -1.91328024 -1.72491783 -0.56228753], /[ 0.24196227 -1.91328024 -1.72491783 -0.56228753], x1, -0.495, -0.495, -0.495, -0.495, -0.495, -0.495, -0.495, -0.495, -0.495, -0.495, -0.495, -0.495, -0.495, -0.495, -0.495, -0.495, -0.495, -0.495, -0.495, -0.495, -0.495, -0.495, -0.495, -0.495, -0.495, -0.495, -0.495, -0.495, -0.495, -0.495, -0.495, -0.495]
Training
	MSE:15245.114
	Rsquared:-1.472
Test:
	MSE:14730.647
	Rsquared:-1.588
15.222412109375