generations_elite-fitness_number-of-evaluations_time
0_27931.44_64_0.025135517120361328
1_27931.44_128_0.07743430137634277
2_27529.583_192_0.12505650520324707
3_27529.414_256_0.16295671463012695
4_27326.453_320_0.2202901840209961
5_27326.453_384_0.29153919219970703
6_27129.161_448_0.34062838554382324
7_26939.16_512_0.38349223136901855
8_26690.224_576_0.44534730911254883
9_26454.887_640_0.5172550678253174
10_26216.465_704_0.5956621170043945
11_26202.306_768_0.6972582340240479
12_26094.804_832_0.8114669322967529
13_26094.804_896_0.9399886131286621
14_25897.428_960_1.0719273090362549
15_25316.784_1024_1.2364928722381592
16_25316.784_1088_1.5835587978363037
17_25094.871_1152_1.8232932090759277
18_25094.871_1216_2.130235433578491
19_24738.285_1280_2.4804701805114746
20_24738.285_1343_2.959857225418091
21_24516.539_1407_3.425149440765381
22_24181.391_1470_3.995382308959961
23_24181.391_1530_4.808735132217407
24_24157.029_1585_5.575706243515015
Function found (93nodes ):
	[+[ 0.49671415 -0.1382643   0.64768854  1.52302986], +[ 0.49671415 -0.1382643   0.64768854  1.52302986], +[ 0.49671415 -0.1382643   0.64768854  1.52302986], 4.71, +[ 0.49671415 -0.1382643   0.64768854  1.52302986], 4.71, 4.71, +[ 0.49671415 -0.1382643   0.64768854  1.52302986], +[ 0.49671415 -0.1382643   0.64768854  1.52302986], +[ 0.49671415 -0.1382643   0.64768854  1.52302986], 4.71, +[ 0.49671415 -0.1382643   0.64768854  1.52302986], 4.71, 4.71, +[ 0.49671415 -0.1382643   0.64768854  1.52302986], 4.71, +[ 0.49671415 -0.1382643   0.64768854  1.52302986], 4.71, +[ 0.49671415 -0.1382643   0.64768854  1.52302986], +[ 0.49671415 -0.1382643   0.64768854  1.52302986], 4.71, +[ 0.49671415 -0.1382643   0.64768854  1.52302986], 4.71, 4.71, +[ 0.49671415 -0.1382643   0.64768854  1.52302986], 4.71, +[ 0.49671415 -0.1382643   0.64768854  1.52302986], 4.71, 4.71, +[ 0.49671415 -0.1382643   0.64768854  1.52302986], +[ 0.49671415 -0.1382643   0.64768854  1.52302986], +[ 0.49671415 -0.1382643   0.64768854  1.52302986], 4.71, +[ 0.49671415 -0.1382643   0.64768854  1.52302986], 4.71, 4.71, +[ 0.49671415 -0.1382643   0.64768854  1.52302986], 4.71, +[ 0.49671415 -0.1382643   0.64768854  1.52302986], 4.71, 4.71, +[ 0.49671415 -0.1382643   0.64768854  1.52302986], 4.71, 4.71, +[ 0.49671415 -0.1382643   0.64768854  1.52302986], +[ 0.49671415 -0.1382643   0.64768854  1.52302986], +[ 0.49671415 -0.1382643   0.64768854  1.52302986], 4.71, +[ 0.49671415 -0.1382643   0.64768854  1.52302986], 4.71, 4.71, +[ 0.49671415 -0.1382643   0.64768854  1.52302986], 4.71, +[ 0.49671415 -0.1382643   0.64768854  1.52302986], 4.71, 4.71, +[ 0.49671415 -0.1382643   0.64768854  1.52302986], 4.71, +[ 0.49671415 -0.1382643   0.64768854  1.52302986], +[ 0.49671415 -0.1382643   0.64768854  1.52302986], 4.71, +[ 0.49671415 -0.1382643   0.64768854  1.52302986], 4.71, 4.71, +[ 0.49671415 -0.1382643   0.64768854  1.52302986], 4.71, +[ 0.49671415 -0.1382643   0.64768854  1.52302986], 4.71, +[ 0.49671415 -0.1382643   0.64768854  1.52302986], +[ 0.49671415 -0.1382643   0.64768854  1.52302986], 4.71, +[ 0.49671415 -0.1382643   0.64768854  1.52302986], 4.71, 4.71, +[ 0.49671415 -0.1382643   0.64768854  1.52302986], 4.71, +[ 0.49671415 -0.1382643   0.64768854  1.52302986], +[ 0.49671415 -0.1382643   0.64768854  1.52302986], 4.71, +[ 0.49671415 -0.1382643   0.64768854  1.52302986], 4.71, +[ 0.49671415 -0.1382643   0.64768854  1.52302986], +[ 0.49671415 -0.1382643   0.64768854  1.52302986], 4.71, +[ 0.49671415 -0.1382643   0.64768854  1.52302986], 4.71, 4.71, +[ 0.49671415 -0.1382643   0.64768854  1.52302986], 4.71, +[ 0.49671415 -0.1382643   0.64768854  1.52302986], 4.71, 4.71, 4.71]
Training
	MSE:24157.029
	Rsquared:-2.917
Test:
	MSE:23626.744
	Rsquared:-3.151
5.5758216381073