generations_elite-fitness_number-of-evaluations_time
0_28076.499_128_0.027890920639038086
1_27916.985_256_0.08472943305969238
2_27391.212_384_0.15802788734436035
3_27391.212_512_0.23448944091796875
4_27391.212_640_0.29782938957214355
5_26973.685_768_0.35936570167541504
6_26973.685_896_0.42925095558166504
7_26590.815_1024_0.515059232711792
8_26408.384_1152_0.6285789012908936
9_26048.384_1280_0.7970855236053467
10_25795.129_1408_1.1124615669250488
11_25540.299_1536_1.3707640171051025
12_25159.667_1664_1.7028205394744873
13_25159.667_1792_2.127150297164917
14_24774.975_1920_2.8250460624694824
15_24566.279_2048_3.5788486003875732
16_24566.279_2175_4.576248645782471
17_24468.08_2299_5.838274955749512
18_24460.633_2419_7.4294843673706055
19_24443.723_2539_9.161428451538086
20_24345.268_2654_11.2438805103302
Function found (99nodes ):
	[+[ 0.49671415 -0.1382643   0.64768854  1.52302986], +[ 0.49671415 -0.1382643   0.64768854  1.52302986], +[ 0.49671415 -0.1382643   0.64768854  1.52302986], +[ 0.49671415 -0.1382643   0.64768854  1.52302986], +[ 0.49671415 -0.1382643   0.64768854  1.52302986], 4.759, 4.329, +[ 0.49671415 -0.1382643   0.64768854  1.52302986], 4.759, +[ 0.49671415 -0.1382643   0.64768854  1.52302986], +[ 0.49671415 -0.1382643   0.64768854  1.52302986], 4.759, +[ 0.49671415 -0.1382643   0.64768854  1.52302986], 4.759, 4.329, +[ 0.49671415 -0.1382643   0.64768854  1.52302986], 4.759, 4.329, +[ 0.49671415 -0.1382643   0.64768854  1.52302986], +[ 0.49671415 -0.1382643   0.64768854  1.52302986], +[ 0.49671415 -0.1382643   0.64768854  1.52302986], 4.759, 4.329, +[ 0.49671415 -0.1382643   0.64768854  1.52302986], 4.759, +[ 0.49671415 -0.1382643   0.64768854  1.52302986], +[ 0.49671415 -0.1382643   0.64768854  1.52302986], 4.759, +[ 0.49671415 -0.1382643   0.64768854  1.52302986], 4.759, 4.329, +[ 0.49671415 -0.1382643   0.64768854  1.52302986], 4.759, 4.329, +[ 0.49671415 -0.1382643   0.64768854  1.52302986], 4.759, +[ 0.49671415 -0.1382643   0.64768854  1.52302986], +[ 0.49671415 -0.1382643   0.64768854  1.52302986], 4.759, 4.329, +[ 0.49671415 -0.1382643   0.64768854  1.52302986], 4.759, 4.329, +[ 0.49671415 -0.1382643   0.64768854  1.52302986], 4.759, +[ 0.49671415 -0.1382643   0.64768854  1.52302986], +[ 0.49671415 -0.1382643   0.64768854  1.52302986], 4.759, +[ 0.49671415 -0.1382643   0.64768854  1.52302986], +[ 0.49671415 -0.1382643   0.64768854  1.52302986], 4.759, +[ 0.49671415 -0.1382643   0.64768854  1.52302986], 4.759, 4.329, +[ 0.49671415 -0.1382643   0.64768854  1.52302986], 4.759, 4.329, +[ 0.49671415 -0.1382643   0.64768854  1.52302986], +[ 0.49671415 -0.1382643   0.64768854  1.52302986], 4.759, 4.329, +[ 0.49671415 -0.1382643   0.64768854  1.52302986], 4.759, +[ 0.49671415 -0.1382643   0.64768854  1.52302986], +[ 0.49671415 -0.1382643   0.64768854  1.52302986], 4.759, +[ 0.49671415 -0.1382643   0.64768854  1.52302986], 4.759, 4.329, +[ 0.49671415 -0.1382643   0.64768854  1.52302986], 4.759, 4.329, +[ 0.49671415 -0.1382643   0.64768854  1.52302986], 4.759, +[ 0.49671415 -0.1382643   0.64768854  1.52302986], +[ 0.49671415 -0.1382643   0.64768854  1.52302986], 4.759, 4.329, +[ 0.49671415 -0.1382643   0.64768854  1.52302986], 4.759, +[ 0.49671415 -0.1382643   0.64768854  1.52302986], +[ 0.49671415 -0.1382643   0.64768854  1.52302986], +[ 0.49671415 -0.1382643   0.64768854  1.52302986], 4.759, 4.329, +[ 0.49671415 -0.1382643   0.64768854  1.52302986], 4.759, 4.329, +[ 0.49671415 -0.1382643   0.64768854  1.52302986], 4.759, +[ 0.49671415 -0.1382643   0.64768854  1.52302986], +[ 0.49671415 -0.1382643   0.64768854  1.52302986], +[ 0.49671415 -0.1382643   0.64768854  1.52302986], 4.759, 4.329, 4.329, +[ 0.49671415 -0.1382643   0.64768854  1.52302986], 4.759, 4.329]
Training
	MSE:24345.268
	Rsquared:-2.947
Test:
	MSE:23814.698
	Rsquared:-3.184
11.244097709655762