generations_elite-fitness_number-of-evaluations_time
0_28112.385_64_0.016102075576782227
1_28112.385_128_0.053960323333740234
2_28112.385_192_0.09632253646850586
3_27617.996_256_0.359804630279541
4_27539.877_320_0.40333032608032227
5_27538.265_384_0.4514288902282715
6_27244.669_448_0.5129501819610596
7_27165.606_512_0.5830605030059814
8_26691.998_576_0.6603190898895264
9_26554.725_640_0.7442312240600586
10_26235.006_704_0.8550786972045898
11_26108.601_768_0.9945099353790283
12_26021.643_832_1.1696007251739502
13_25567.132_896_1.3924736976623535
14_25220.605_960_1.6695497035980225
15_25220.605_1024_2.0951249599456787
16_24972.821_1088_2.5383660793304443
17_24972.821_1151_3.047205686569214
18_24972.634_1213_3.7634165287017822
19_24536.584_1272_4.50934362411499
20_24536.584_1327_5.464146375656128
Function found (93nodes ):
	[+[ 0.49671415 -0.1382643   0.64768854  1.52302986], +[ 0.49671415 -0.1382643   0.64768854  1.52302986], +[ 0.49671415 -0.1382643   0.64768854  1.52302986], +[ 0.49671415 -0.1382643   0.64768854  1.52302986], x6, 4.098, 4.098, +[ 0.49671415 -0.1382643   0.64768854  1.52302986], +[ 0.49671415 -0.1382643   0.64768854  1.52302986], +[ 0.49671415 -0.1382643   0.64768854  1.52302986], +[ 0.49671415 -0.1382643   0.64768854  1.52302986], 4.098, 4.098, +[ 0.49671415 -0.1382643   0.64768854  1.52302986], +[ 0.49671415 -0.1382643   0.64768854  1.52302986], 4.098, 4.098, 4.098, +[ 0.49671415 -0.1382643   0.64768854  1.52302986], 4.098, +[ 0.49671415 -0.1382643   0.64768854  1.52302986], +[ 0.49671415 -0.1382643   0.64768854  1.52302986], 4.098, +[ 0.49671415 -0.1382643   0.64768854  1.52302986], 4.098, +[ 0.49671415 -0.1382643   0.64768854  1.52302986], +[ 0.49671415 -0.1382643   0.64768854  1.52302986], 4.098, 4.098, +[ 0.49671415 -0.1382643   0.64768854  1.52302986], +[ 0.49671415 -0.1382643   0.64768854  1.52302986], 4.098, 4.098, 4.098, 4.098, +[ 0.49671415 -0.1382643   0.64768854  1.52302986], +[ 0.49671415 -0.1382643   0.64768854  1.52302986], 4.098, 4.098, +[ 0.49671415 -0.1382643   0.64768854  1.52302986], +[ 0.49671415 -0.1382643   0.64768854  1.52302986], x6, 4.098, 4.098, +[ 0.49671415 -0.1382643   0.64768854  1.52302986], +[ 0.49671415 -0.1382643   0.64768854  1.52302986], +[ 0.49671415 -0.1382643   0.64768854  1.52302986], +[ 0.49671415 -0.1382643   0.64768854  1.52302986], x6, 4.098, 4.098, +[ 0.49671415 -0.1382643   0.64768854  1.52302986], +[ 0.49671415 -0.1382643   0.64768854  1.52302986], +[ 0.49671415 -0.1382643   0.64768854  1.52302986], +[ 0.49671415 -0.1382643   0.64768854  1.52302986], x6, 4.098, 4.098, 4.098, +[ 0.49671415 -0.1382643   0.64768854  1.52302986], +[ 0.49671415 -0.1382643   0.64768854  1.52302986], 4.098, 4.098, +[ 0.49671415 -0.1382643   0.64768854  1.52302986], 4.098, 4.098, +[ 0.49671415 -0.1382643   0.64768854  1.52302986], +[ 0.49671415 -0.1382643   0.64768854  1.52302986], +[ 0.49671415 -0.1382643   0.64768854  1.52302986], 4.098, 4.098, 4.098, +[ 0.49671415 -0.1382643   0.64768854  1.52302986], +[ 0.49671415 -0.1382643   0.64768854  1.52302986], +[ 0.49671415 -0.1382643   0.64768854  1.52302986], +[ 0.49671415 -0.1382643   0.64768854  1.52302986], x6, 4.098, 4.098, +[ 0.49671415 -0.1382643   0.64768854  1.52302986], +[ 0.49671415 -0.1382643   0.64768854  1.52302986], +[ 0.49671415 -0.1382643   0.64768854  1.52302986], 4.098, 4.098, 4.098, +[ 0.49671415 -0.1382643   0.64768854  1.52302986], +[ 0.49671415 -0.1382643   0.64768854  1.52302986], 4.098, 4.098, +[ 0.49671415 -0.1382643   0.64768854  1.52302986], 4.098, 4.098, 4.098]
Training
	MSE:24536.584
	Rsquared:-2.978
Test:
	MSE:24005.851
	Rsquared:-3.217
5.464262008666992