generations_elite-fitness_number-of-evaluations_time
0_27872.764_64_0.038275718688964844
1_27872.764_128_0.12136387825012207
2_27872.764_192_0.20187926292419434
3_27549.694_256_0.2362227439880371
4_27308.744_320_0.2795674800872803
5_27166.88_384_0.37535667419433594
6_26794.512_448_0.534661054611206
7_26613.529_512_0.7290606498718262
8_25643.467_576_0.9306755065917969
9_25132.208_640_1.1817398071289062
10_24569.118_704_1.7214291095733643
11_23155.799_768_2.3169875144958496
12_19343.887_832_3.097715139389038
13_18811.217_896_4.016796112060547
14_15521.64_960_4.908249139785767
15_15521.64_1022_6.068562269210815
Function found (77nodes ):
	[/[ 0.24196227 -1.91328024 -1.72491783 -0.56228753], -[-0.23415337 -0.23413696  1.57921282  0.76743473], 4.909, *[-0.46947439  0.54256004 -0.46341769 -0.46572975], /[ 0.24196227 -1.91328024 -1.72491783 -0.56228753], -[-0.23415337 -0.23413696  1.57921282  0.76743473], 4.909, *[-0.46947439  0.54256004 -0.46341769 -0.46572975], +[ 0.49671415 -0.1382643   0.64768854  1.52302986], 4.909, /[ 0.24196227 -1.91328024 -1.72491783 -0.56228753], -[-0.23415337 -0.23413696  1.57921282  0.76743473], x6, *[-0.46947439  0.54256004 -0.46341769 -0.46572975], 4.909, 4.909, x4, +[ 0.49671415 -0.1382643   0.64768854  1.52302986], 4.909, *[-0.46947439  0.54256004 -0.46341769 -0.46572975], +[ 0.49671415 -0.1382643   0.64768854  1.52302986], 4.909, +[ 0.49671415 -0.1382643   0.64768854  1.52302986], 4.909, /[ 0.24196227 -1.91328024 -1.72491783 -0.56228753], -[-0.23415337 -0.23413696  1.57921282  0.76743473], 4.909, *[-0.46947439  0.54256004 -0.46341769 -0.46572975], +[ 0.49671415 -0.1382643   0.64768854  1.52302986], 4.909, +[ 0.49671415 -0.1382643   0.64768854  1.52302986], 4.909, 4.909, +[ 0.49671415 -0.1382643   0.64768854  1.52302986], 4.909, 4.909, x4, +[ 0.49671415 -0.1382643   0.64768854  1.52302986], 4.909, *[-0.46947439  0.54256004 -0.46341769 -0.46572975], /[ 0.24196227 -1.91328024 -1.72491783 -0.56228753], -[-0.23415337 -0.23413696  1.57921282  0.76743473], 4.909, *[-0.46947439  0.54256004 -0.46341769 -0.46572975], +[ 0.49671415 -0.1382643   0.64768854  1.52302986], 4.909, +[ 0.49671415 -0.1382643   0.64768854  1.52302986], 4.909, 4.909, +[ 0.49671415 -0.1382643   0.64768854  1.52302986], 4.909, 4.909, x4, +[ 0.49671415 -0.1382643   0.64768854  1.52302986], 4.909, +[ 0.49671415 -0.1382643   0.64768854  1.52302986], 4.909, /[ 0.24196227 -1.91328024 -1.72491783 -0.56228753], -[-0.23415337 -0.23413696  1.57921282  0.76743473], x6, *[-0.46947439  0.54256004 -0.46341769 -0.46572975], 4.909, 4.909, x4, x4, +[ 0.49671415 -0.1382643   0.64768854  1.52302986], 4.909, +[ 0.49671415 -0.1382643   0.64768854  1.52302986], 4.909, /[ 0.24196227 -1.91328024 -1.72491783 -0.56228753], -[-0.23415337 -0.23413696  1.57921282  0.76743473], x6, *[-0.46947439  0.54256004 -0.46341769 -0.46572975], 4.909, 4.909, x4, x4]
Training
	MSE:15521.64
	Rsquared:-1.517
Test:
	MSE:15460.911
	Rsquared:-1.716
6.068674325942993