generations_elite-fitness_number-of-evaluations_time
0_27901.945_128_0.028142929077148438
1_27901.945_256_0.11329030990600586
2_27532.551_384_0.21585345268249512
3_27083.029_512_0.3055088520050049
4_26637.747_640_0.41713714599609375
5_26409.212_768_0.5982201099395752
6_26304.065_896_1.0932955741882324
7_25714.487_1024_1.414703607559204
8_25547.226_1152_1.8596680164337158
9_25183.228_1280_2.660374879837036
10_25095.103_1405_3.6658878326416016
11_24693.784_1523_5.02093243598938
12_24658.738_1634_6.592016220092773
13_24398.444_1742_8.494104146957397
14_24355.345_1843_10.371784687042236
15_24355.345_1938_12.660991907119751
16_24080.373_2031_14.776148319244385
17_24071.327_2122_17.277465343475342
18_23978.302_2212_19.392683267593384
19_23839.949_2302_21.82130193710327
Function found (99nodes ):
	[+[ 0.49671415 -0.1382643   0.64768854  1.52302986], +[ 0.49671415 -0.1382643   0.64768854  1.52302986], +[ 0.49671415 -0.1382643   0.64768854  1.52302986], 4.81, +[ 0.49671415 -0.1382643   0.64768854  1.52302986], +[ 0.49671415 -0.1382643   0.64768854  1.52302986], 4.368, 4.81, +[ 0.49671415 -0.1382643   0.64768854  1.52302986], x4, 4.81, +[ 0.49671415 -0.1382643   0.64768854  1.52302986], +[ 0.49671415 -0.1382643   0.64768854  1.52302986], +[ 0.49671415 -0.1382643   0.64768854  1.52302986], 4.368, 4.81, +[ 0.49671415 -0.1382643   0.64768854  1.52302986], 4.81, +[ 0.49671415 -0.1382643   0.64768854  1.52302986], x4, 4.81, +[ 0.49671415 -0.1382643   0.64768854  1.52302986], +[ 0.49671415 -0.1382643   0.64768854  1.52302986], +[ 0.49671415 -0.1382643   0.64768854  1.52302986], 4.368, 4.81, +[ 0.49671415 -0.1382643   0.64768854  1.52302986], +[ 0.49671415 -0.1382643   0.64768854  1.52302986], 4.368, 4.368, 4.81, +[ 0.49671415 -0.1382643   0.64768854  1.52302986], +[ 0.49671415 -0.1382643   0.64768854  1.52302986], 4.368, 4.368, +[ 0.49671415 -0.1382643   0.64768854  1.52302986], +[ 0.49671415 -0.1382643   0.64768854  1.52302986], 4.368, +[ 0.49671415 -0.1382643   0.64768854  1.52302986], +[ 0.49671415 -0.1382643   0.64768854  1.52302986], 4.368, 4.81, 4.81, +[ 0.49671415 -0.1382643   0.64768854  1.52302986], +[ 0.49671415 -0.1382643   0.64768854  1.52302986], 4.81, 4.368, 4.81, +[ 0.49671415 -0.1382643   0.64768854  1.52302986], +[ 0.49671415 -0.1382643   0.64768854  1.52302986], 4.368, +[ 0.49671415 -0.1382643   0.64768854  1.52302986], +[ 0.49671415 -0.1382643   0.64768854  1.52302986], 4.368, 4.81, +[ 0.49671415 -0.1382643   0.64768854  1.52302986], 4.81, +[ 0.49671415 -0.1382643   0.64768854  1.52302986], 4.81, 4.81, +[ 0.49671415 -0.1382643   0.64768854  1.52302986], +[ 0.49671415 -0.1382643   0.64768854  1.52302986], +[ 0.49671415 -0.1382643   0.64768854  1.52302986], 4.368, 4.81, +[ 0.49671415 -0.1382643   0.64768854  1.52302986], +[ 0.49671415 -0.1382643   0.64768854  1.52302986], 4.368, 4.368, +[ 0.49671415 -0.1382643   0.64768854  1.52302986], +[ 0.49671415 -0.1382643   0.64768854  1.52302986], 4.368, +[ 0.49671415 -0.1382643   0.64768854  1.52302986], +[ 0.49671415 -0.1382643   0.64768854  1.52302986], 4.368, 4.81, 4.81, +[ 0.49671415 -0.1382643   0.64768854  1.52302986], +[ 0.49671415 -0.1382643   0.64768854  1.52302986], 4.81, 4.368, 4.81, +[ 0.49671415 -0.1382643   0.64768854  1.52302986], +[ 0.49671415 -0.1382643   0.64768854  1.52302986], 4.368, 4.368, +[ 0.49671415 -0.1382643   0.64768854  1.52302986], +[ 0.49671415 -0.1382643   0.64768854  1.52302986], 4.368, +[ 0.49671415 -0.1382643   0.64768854  1.52302986], +[ 0.49671415 -0.1382643   0.64768854  1.52302986], 4.368, 4.81, 4.81, +[ 0.49671415 -0.1382643   0.64768854  1.52302986], +[ 0.49671415 -0.1382643   0.64768854  1.52302986], 4.368, 4.368, 4.81]
Training
	MSE:23839.949
	Rsquared:-2.865
Test:
	MSE:23310.133
	Rsquared:-3.095
21.821430921554565