generations_elite-fitness_number-of-evaluations_time
0_28050.508_128_0.08622956275939941
1_28050.508_256_0.29261016845703125
2_26882.964_384_0.6877520084381104
3_26882.964_512_1.0001981258392334
4_26882.964_639_1.2092502117156982
5_26882.964_767_1.2938745021820068
6_26882.964_895_1.3761966228485107
7_26882.964_1023_1.491070032119751
8_26567.38_1151_1.607440710067749
9_26564.447_1279_1.7416656017303467
10_26564.447_1407_1.9065194129943848
11_25982.279_1535_2.2171504497528076
12_25982.279_1663_2.4597203731536865
13_25761.586_1791_2.7740259170532227
14_25404.806_1919_3.174455165863037
15_25136.096_2047_3.7778899669647217
16_24529.424_2175_4.470497131347656
17_24529.424_2303_5.412379503250122
18_24305.893_2430_6.594631910324097
19_24305.893_2550_8.07564091682434
20_24238.398_2656_9.814269781112671
21_24238.398_2760_11.61670994758606
22_24238.398_2858_13.80103588104248
23_24227.535_2964_15.730652332305908
Function found (97nodes ):
	[+[ 0.49671415 -0.1382643   0.64768854  1.52302986], +[ 0.49671415 -0.1382643   0.64768854  1.52302986], +[ 0.49671415 -0.1382643   0.64768854  1.52302986], +[ 0.49671415 -0.1382643   0.64768854  1.52302986], +[ 0.49671415 -0.1382643   0.64768854  1.52302986], 4.307, 4.307, +[ 0.49671415 -0.1382643   0.64768854  1.52302986], +[ 0.49671415 -0.1382643   0.64768854  1.52302986], 4.307, 4.307, 4.307, 4.307, +[ 0.49671415 -0.1382643   0.64768854  1.52302986], +[ 0.49671415 -0.1382643   0.64768854  1.52302986], +[ 0.49671415 -0.1382643   0.64768854  1.52302986], 4.307, 4.307, 4.307, +[ 0.49671415 -0.1382643   0.64768854  1.52302986], +[ 0.49671415 -0.1382643   0.64768854  1.52302986], +[ 0.49671415 -0.1382643   0.64768854  1.52302986], 4.307, 4.307, +[ 0.49671415 -0.1382643   0.64768854  1.52302986], +[ 0.49671415 -0.1382643   0.64768854  1.52302986], x6, 4.307, +[ 0.49671415 -0.1382643   0.64768854  1.52302986], 4.307, 4.307, +[ 0.49671415 -0.1382643   0.64768854  1.52302986], +[ 0.49671415 -0.1382643   0.64768854  1.52302986], +[ 0.49671415 -0.1382643   0.64768854  1.52302986], 4.307, 4.307, 4.307, +[ 0.49671415 -0.1382643   0.64768854  1.52302986], +[ 0.49671415 -0.1382643   0.64768854  1.52302986], +[ 0.49671415 -0.1382643   0.64768854  1.52302986], 4.307, 4.307, +[ 0.49671415 -0.1382643   0.64768854  1.52302986], +[ 0.49671415 -0.1382643   0.64768854  1.52302986], x6, 4.307, +[ 0.49671415 -0.1382643   0.64768854  1.52302986], 4.307, 4.307, 4.307, +[ 0.49671415 -0.1382643   0.64768854  1.52302986], +[ 0.49671415 -0.1382643   0.64768854  1.52302986], +[ 0.49671415 -0.1382643   0.64768854  1.52302986], 4.307, 4.307, +[ 0.49671415 -0.1382643   0.64768854  1.52302986], +[ 0.49671415 -0.1382643   0.64768854  1.52302986], +[ 0.49671415 -0.1382643   0.64768854  1.52302986], 4.307, 4.307, 4.307, 4.307, +[ 0.49671415 -0.1382643   0.64768854  1.52302986], +[ 0.49671415 -0.1382643   0.64768854  1.52302986], 4.307, +[ 0.49671415 -0.1382643   0.64768854  1.52302986], +[ 0.49671415 -0.1382643   0.64768854  1.52302986], +[ 0.49671415 -0.1382643   0.64768854  1.52302986], +[ 0.49671415 -0.1382643   0.64768854  1.52302986], x6, 4.307, 4.307, +[ 0.49671415 -0.1382643   0.64768854  1.52302986], 4.307, 4.307, 4.307, +[ 0.49671415 -0.1382643   0.64768854  1.52302986], +[ 0.49671415 -0.1382643   0.64768854  1.52302986], +[ 0.49671415 -0.1382643   0.64768854  1.52302986], x6, 4.307, 4.307, +[ 0.49671415 -0.1382643   0.64768854  1.52302986], 4.307, +[ 0.49671415 -0.1382643   0.64768854  1.52302986], +[ 0.49671415 -0.1382643   0.64768854  1.52302986], 4.307, +[ 0.49671415 -0.1382643   0.64768854  1.52302986], +[ 0.49671415 -0.1382643   0.64768854  1.52302986], 4.307, 4.307, +[ 0.49671415 -0.1382643   0.64768854  1.52302986], +[ 0.49671415 -0.1382643   0.64768854  1.52302986], 4.307, 4.307, 4.307, 4.307]
Training
	MSE:24227.535
	Rsquared:-2.928
Test:
	MSE:23697.192
	Rsquared:-3.163
15.730781078338623