generations_elite-fitness_number-of-evaluations_time
0_25009.849_128_0.029342174530029297
1_24750.764_256_0.10241365432739258
2_24750.764_384_0.18011832237243652
3_24750.764_512_0.2685532569885254
4_24750.764_640_0.37490415573120117
5_24750.764_768_0.479215145111084
6_24750.764_896_0.5698060989379883
7_24750.764_1024_0.6548840999603271
8_24750.764_1152_0.8616757392883301
9_24750.764_1280_0.9611515998840332
10_24750.764_1408_1.0562000274658203
11_24750.764_1536_1.1558136940002441
12_24750.764_1664_1.2682266235351562
13_24750.764_1792_1.389819622039795
14_24750.764_1920_1.5293805599212646
15_24750.764_2048_1.6862123012542725
16_24750.764_2176_1.876685380935669
17_24750.764_2304_2.1080007553100586
18_24750.764_2432_2.4635932445526123
19_24750.764_2560_2.7793474197387695
20_24750.764_2688_3.157796621322632
21_24750.764_2816_3.589348316192627
22_24750.764_2944_4.216833829879761
23_24750.764_3072_4.827574253082275
24_24750.764_3199_5.686062812805176
25_24750.764_3325_6.565753698348999
26_24750.764_3450_7.66973090171814
27_24750.764_3572_8.83328104019165
28_24750.764_3691_10.11390495300293
29_24750.764_3814_11.37614130973816
30_24497.294_3932_12.800214767456055
31_24497.294_4046_14.372616291046143
32_24497.294_4156_16.120805978775024
33_24496.154_4271_17.91182255744934
34_24496.154_4386_20.062514066696167
Function found (99nodes ):
	[+[ 0.49671415 -0.1382643   0.64768854  1.52302986], +[ 0.49671415 -0.1382643   0.64768854  1.52302986], +[ 0.49671415 -0.1382643   0.64768854  1.52302986], +[ 0.49671415 -0.1382643   0.64768854  1.52302986], 4.063, 3.67, +[ 0.49671415 -0.1382643   0.64768854  1.52302986], +[ 0.49671415 -0.1382643   0.64768854  1.52302986], +[ 0.49671415 -0.1382643   0.64768854  1.52302986], +[ 0.49671415 -0.1382643   0.64768854  1.52302986], 4.063, 3.67, +[ 0.49671415 -0.1382643   0.64768854  1.52302986], 4.063, +[ 0.49671415 -0.1382643   0.64768854  1.52302986], 3.67, 3.67, +[ 0.49671415 -0.1382643   0.64768854  1.52302986], +[ 0.49671415 -0.1382643   0.64768854  1.52302986], 4.063, 4.833, +[ 0.49671415 -0.1382643   0.64768854  1.52302986], +[ 0.49671415 -0.1382643   0.64768854  1.52302986], +[ 0.49671415 -0.1382643   0.64768854  1.52302986], +[ 0.49671415 -0.1382643   0.64768854  1.52302986], +[ 0.49671415 -0.1382643   0.64768854  1.52302986], 4.063, 4.063, +[ 0.49671415 -0.1382643   0.64768854  1.52302986], 4.833, 3.67, +[ 0.49671415 -0.1382643   0.64768854  1.52302986], 4.063, 4.833, 4.063, +[ 0.49671415 -0.1382643   0.64768854  1.52302986], +[ 0.49671415 -0.1382643   0.64768854  1.52302986], 4.063, 4.833, +[ 0.49671415 -0.1382643   0.64768854  1.52302986], 4.063, 3.67, +[ 0.49671415 -0.1382643   0.64768854  1.52302986], 3.67, 3.67, +[ 0.49671415 -0.1382643   0.64768854  1.52302986], +[ 0.49671415 -0.1382643   0.64768854  1.52302986], 4.063, 4.833, +[ 0.49671415 -0.1382643   0.64768854  1.52302986], +[ 0.49671415 -0.1382643   0.64768854  1.52302986], +[ 0.49671415 -0.1382643   0.64768854  1.52302986], +[ 0.49671415 -0.1382643   0.64768854  1.52302986], +[ 0.49671415 -0.1382643   0.64768854  1.52302986], 4.063, 4.833, +[ 0.49671415 -0.1382643   0.64768854  1.52302986], 4.833, 4.063, +[ 0.49671415 -0.1382643   0.64768854  1.52302986], 4.063, 4.833, 4.063, +[ 0.49671415 -0.1382643   0.64768854  1.52302986], +[ 0.49671415 -0.1382643   0.64768854  1.52302986], 4.063, 4.833, +[ 0.49671415 -0.1382643   0.64768854  1.52302986], 4.063, 3.67, +[ 0.49671415 -0.1382643   0.64768854  1.52302986], +[ 0.49671415 -0.1382643   0.64768854  1.52302986], 4.063, +[ 0.49671415 -0.1382643   0.64768854  1.52302986], 3.67, 3.67, +[ 0.49671415 -0.1382643   0.64768854  1.52302986], +[ 0.49671415 -0.1382643   0.64768854  1.52302986], +[ 0.49671415 -0.1382643   0.64768854  1.52302986], +[ 0.49671415 -0.1382643   0.64768854  1.52302986], +[ 0.49671415 -0.1382643   0.64768854  1.52302986], 4.063, 4.833, +[ 0.49671415 -0.1382643   0.64768854  1.52302986], 4.063, 3.67, +[ 0.49671415 -0.1382643   0.64768854  1.52302986], 4.063, 3.67, 4.063, +[ 0.49671415 -0.1382643   0.64768854  1.52302986], +[ 0.49671415 -0.1382643   0.64768854  1.52302986], 4.063, 4.833, +[ 0.49671415 -0.1382643   0.64768854  1.52302986], +[ 0.49671415 -0.1382643   0.64768854  1.52302986], 4.063, 4.833, 3.67]
Training
	MSE:24496.154
	Rsquared:-2.972
Test:
	MSE:23965.357
	Rsquared:-3.21
20.062650203704834