generations_elite-fitness_number-of-evaluations_time
0_28195.876_64_0.018883705139160156
1_27904.009_128_0.05370283126831055
2_27904.009_192_0.09719371795654297
3_27904.009_256_0.14337778091430664
4_27600.82_320_0.1870260238647461
5_27299.256_384_0.2146909236907959
6_27299.256_448_0.2429800033569336
7_27105.398_512_0.2891805171966553
8_26912.118_576_0.3451385498046875
9_26613.951_640_0.4083859920501709
10_26399.765_704_0.48315954208374023
11_26375.952_768_0.5793607234954834
12_26015.413_832_0.6905150413513184
13_25723.786_896_1.3863985538482666
14_25697.072_960_1.5418164730072021
15_25184.707_1024_1.7352111339569092
16_25109.942_1088_1.9678618907928467
17_25043.785_1152_2.2348873615264893
18_24551.124_1216_2.542304515838623
19_24389.565_1280_3.0116095542907715
20_24389.565_1344_3.4160268306732178
21_24387.36_1407_3.9553585052490234
22_23986.616_1462_4.70940899848938
23_23875.631_1521_5.415262699127197
Function found (85nodes ):
	[+[ 0.49671415 -0.1382643   0.64768854  1.52302986], +[ 0.49671415 -0.1382643   0.64768854  1.52302986], +[ 0.49671415 -0.1382643   0.64768854  1.52302986], +[ 0.49671415 -0.1382643   0.64768854  1.52302986], +[ 0.49671415 -0.1382643   0.64768854  1.52302986], 4.777, +[ 0.49671415 -0.1382643   0.64768854  1.52302986], 4.777, 4.803, +[ 0.49671415 -0.1382643   0.64768854  1.52302986], 4.777, +[ 0.49671415 -0.1382643   0.64768854  1.52302986], 4.777, 4.803, +[ 0.49671415 -0.1382643   0.64768854  1.52302986], +[ 0.49671415 -0.1382643   0.64768854  1.52302986], +[ 0.49671415 -0.1382643   0.64768854  1.52302986], 4.777, +[ 0.49671415 -0.1382643   0.64768854  1.52302986], 4.777, 4.803, +[ 0.49671415 -0.1382643   0.64768854  1.52302986], 4.777, +[ 0.49671415 -0.1382643   0.64768854  1.52302986], 4.777, 4.803, +[ 0.49671415 -0.1382643   0.64768854  1.52302986], +[ 0.49671415 -0.1382643   0.64768854  1.52302986], +[ 0.49671415 -0.1382643   0.64768854  1.52302986], 4.777, 4.803, +[ 0.49671415 -0.1382643   0.64768854  1.52302986], 4.777, 4.803, +[ 0.49671415 -0.1382643   0.64768854  1.52302986], 4.777, +[ 0.49671415 -0.1382643   0.64768854  1.52302986], +[ 0.49671415 -0.1382643   0.64768854  1.52302986], 4.777, 4.803, 4.803, +[ 0.49671415 -0.1382643   0.64768854  1.52302986], +[ 0.49671415 -0.1382643   0.64768854  1.52302986], +[ 0.49671415 -0.1382643   0.64768854  1.52302986], +[ 0.49671415 -0.1382643   0.64768854  1.52302986], 4.777, 4.803, 4.803, +[ 0.49671415 -0.1382643   0.64768854  1.52302986], 4.777, 4.803, +[ 0.49671415 -0.1382643   0.64768854  1.52302986], 4.777, +[ 0.49671415 -0.1382643   0.64768854  1.52302986], +[ 0.49671415 -0.1382643   0.64768854  1.52302986], 4.777, 4.803, 4.803, +[ 0.49671415 -0.1382643   0.64768854  1.52302986], +[ 0.49671415 -0.1382643   0.64768854  1.52302986], +[ 0.49671415 -0.1382643   0.64768854  1.52302986], 4.777, +[ 0.49671415 -0.1382643   0.64768854  1.52302986], 4.777, 4.803, +[ 0.49671415 -0.1382643   0.64768854  1.52302986], 4.777, +[ 0.49671415 -0.1382643   0.64768854  1.52302986], 4.777, 4.803, +[ 0.49671415 -0.1382643   0.64768854  1.52302986], +[ 0.49671415 -0.1382643   0.64768854  1.52302986], +[ 0.49671415 -0.1382643   0.64768854  1.52302986], 4.777, 4.803, +[ 0.49671415 -0.1382643   0.64768854  1.52302986], 4.777, 4.803, +[ 0.49671415 -0.1382643   0.64768854  1.52302986], 4.777, +[ 0.49671415 -0.1382643   0.64768854  1.52302986], +[ 0.49671415 -0.1382643   0.64768854  1.52302986], 4.777, 4.803, 4.803]
Training
	MSE:23875.631
	Rsquared:-2.871
Test:
	MSE:23345.775
	Rsquared:-3.101
5.415379762649536