generations_elite-fitness_number-of-evaluations_time
0_27875.041_128_0.04645895957946777
1_27875.041_256_0.4881131649017334
2_27875.041_384_0.5957779884338379
3_27585.95_512_0.7314896583557129
4_27510.64_640_0.8702189922332764
5_27510.64_768_1.0193068981170654
6_27319.892_896_1.168348789215088
7_27273.8_1024_1.3445546627044678
8_26612.186_1152_1.5524826049804688
9_26227.184_1280_1.7826881408691406
10_26227.184_1408_2.1461617946624756
11_25965.074_1536_2.4767704010009766
12_25958.231_1664_2.880963087081909
13_25800.074_1792_3.5204474925994873
14_25592.636_1920_4.1483800411224365
15_25214.672_2047_4.956489562988281
16_25214.078_2173_5.72162389755249
17_25175.031_2301_6.6874823570251465
18_24898.445_2425_7.842395782470703
19_24752.512_2547_9.137212753295898
20_24752.512_2667_10.554301500320435
Function found (83nodes ):
	[+[ 0.49671415 -0.1382643   0.64768854  1.52302986], +[ 0.49671415 -0.1382643   0.64768854  1.52302986], +[ 0.49671415 -0.1382643   0.64768854  1.52302986], +[ 0.49671415 -0.1382643   0.64768854  1.52302986], 4.6, 4.6, 4.6, +[ 0.49671415 -0.1382643   0.64768854  1.52302986], +[ 0.49671415 -0.1382643   0.64768854  1.52302986], +[ 0.49671415 -0.1382643   0.64768854  1.52302986], x1, 4.6, 4.6, +[ 0.49671415 -0.1382643   0.64768854  1.52302986], +[ 0.49671415 -0.1382643   0.64768854  1.52302986], x1, +[ 0.49671415 -0.1382643   0.64768854  1.52302986], +[ 0.49671415 -0.1382643   0.64768854  1.52302986], 4.6, x9, 4.307, 4.6, +[ 0.49671415 -0.1382643   0.64768854  1.52302986], +[ 0.49671415 -0.1382643   0.64768854  1.52302986], +[ 0.49671415 -0.1382643   0.64768854  1.52302986], 4.6, 4.6, 4.6, +[ 0.49671415 -0.1382643   0.64768854  1.52302986], +[ 0.49671415 -0.1382643   0.64768854  1.52302986], +[ 0.49671415 -0.1382643   0.64768854  1.52302986], +[ 0.49671415 -0.1382643   0.64768854  1.52302986], 4.6, 4.6, 4.6, 4.6, +[ 0.49671415 -0.1382643   0.64768854  1.52302986], +[ 0.49671415 -0.1382643   0.64768854  1.52302986], x1, +[ 0.49671415 -0.1382643   0.64768854  1.52302986], +[ 0.49671415 -0.1382643   0.64768854  1.52302986], 4.6, x9, 4.307, +[ 0.49671415 -0.1382643   0.64768854  1.52302986], +[ 0.49671415 -0.1382643   0.64768854  1.52302986], +[ 0.49671415 -0.1382643   0.64768854  1.52302986], +[ 0.49671415 -0.1382643   0.64768854  1.52302986], 4.6, 4.6, 4.6, +[ 0.49671415 -0.1382643   0.64768854  1.52302986], +[ 0.49671415 -0.1382643   0.64768854  1.52302986], +[ 0.49671415 -0.1382643   0.64768854  1.52302986], x1, 4.6, 4.6, +[ 0.49671415 -0.1382643   0.64768854  1.52302986], +[ 0.49671415 -0.1382643   0.64768854  1.52302986], x1, +[ 0.49671415 -0.1382643   0.64768854  1.52302986], +[ 0.49671415 -0.1382643   0.64768854  1.52302986], -[-0.23415337 -0.23413696  1.57921282  0.76743473], 4.307, -4.654, x9, 4.307, 4.6, +[ 0.49671415 -0.1382643   0.64768854  1.52302986], +[ 0.49671415 -0.1382643   0.64768854  1.52302986], +[ 0.49671415 -0.1382643   0.64768854  1.52302986], x1, 4.6, 4.6, +[ 0.49671415 -0.1382643   0.64768854  1.52302986], +[ 0.49671415 -0.1382643   0.64768854  1.52302986], x1, +[ 0.49671415 -0.1382643   0.64768854  1.52302986], +[ 0.49671415 -0.1382643   0.64768854  1.52302986], 4.6, x9, 4.6, 4.6]
Training
	MSE:24752.512
	Rsquared:-3.013
Test:
	MSE:24221.452
	Rsquared:-3.255
10.554430484771729