generations_elite-fitness_number-of-evaluations_time
0_27779.59_64_0.013078689575195312
1_27779.59_128_0.04948067665100098
2_27779.59_192_0.0905904769897461
3_27779.59_256_0.14000248908996582
4_27530.72_320_0.18601560592651367
5_26947.314_384_0.24586129188537598
6_26818.678_448_0.3267664909362793
7_26800.409_512_0.4242732524871826
8_26697.663_576_0.5360736846923828
9_26349.502_640_0.6612694263458252
10_26212.158_704_0.8096458911895752
11_25981.905_768_0.9882385730743408
12_25639.176_832_1.196418046951294
13_25365.903_896_1.4527852535247803
14_25247.034_960_1.7901239395141602
15_24956.267_1024_2.251455545425415
16_24904.783_1088_2.831885576248169
17_24732.653_1146_3.526642322540283
18_24713.745_1200_4.361881732940674
19_24311.011_1252_6.459758758544922
20_24311.011_1301_7.557772874832153
21_24311.011_1343_8.546858310699463
22_24311.011_1387_9.71703577041626
23_24309.863_1430_10.940174102783203
24_24309.863_1474_12.189197540283203
25_24304.487_1518_13.455079317092896
26_24304.487_1560_14.759692192077637
27_24304.487_1592_16.029705286026
28_24303.339_1629_17.296746492385864
29_24199.829_1663_18.57819890975952
30_24199.829_1696_19.864867210388184
31_24199.829_1731_21.00932741165161
Function found (97nodes ):
	[+[ 0.49671415 -0.1382643   0.64768854  1.52302986], +[ 0.49671415 -0.1382643   0.64768854  1.52302986], +[ 0.49671415 -0.1382643   0.64768854  1.52302986], -[-0.23415337 -0.23413696  1.57921282  0.76743473], -2.699, -3.543, +[ 0.49671415 -0.1382643   0.64768854  1.52302986], -[-0.23415337 -0.23413696  1.57921282  0.76743473], -2.699, -3.543, 4.702, +[ 0.49671415 -0.1382643   0.64768854  1.52302986], +[ 0.49671415 -0.1382643   0.64768854  1.52302986], -[-0.23415337 -0.23413696  1.57921282  0.76743473], -2.699, -3.543, +[ 0.49671415 -0.1382643   0.64768854  1.52302986], -[-0.23415337 -0.23413696  1.57921282  0.76743473], -2.699, -3.543, +[ 0.49671415 -0.1382643   0.64768854  1.52302986], -[-0.23415337 -0.23413696  1.57921282  0.76743473], -2.699, -3.543, 4.702, +[ 0.49671415 -0.1382643   0.64768854  1.52302986], +[ 0.49671415 -0.1382643   0.64768854  1.52302986], -[-0.23415337 -0.23413696  1.57921282  0.76743473], -2.699, -3.543, +[ 0.49671415 -0.1382643   0.64768854  1.52302986], -[-0.23415337 -0.23413696  1.57921282  0.76743473], -2.699, -3.543, 4.702, +[ 0.49671415 -0.1382643   0.64768854  1.52302986], -[-0.23415337 -0.23413696  1.57921282  0.76743473], -2.699, -3.543, 4.702, +[ 0.49671415 -0.1382643   0.64768854  1.52302986], +[ 0.49671415 -0.1382643   0.64768854  1.52302986], +[ 0.49671415 -0.1382643   0.64768854  1.52302986], +[ 0.49671415 -0.1382643   0.64768854  1.52302986], +[ 0.49671415 -0.1382643   0.64768854  1.52302986], -[-0.23415337 -0.23413696  1.57921282  0.76743473], -2.699, -3.543, +[ 0.49671415 -0.1382643   0.64768854  1.52302986], x4, 4.702, +[ 0.49671415 -0.1382643   0.64768854  1.52302986], -[-0.23415337 -0.23413696  1.57921282  0.76743473], -2.699, -3.543, 4.702, +[ 0.49671415 -0.1382643   0.64768854  1.52302986], -[-0.23415337 -0.23413696  1.57921282  0.76743473], -2.699, -3.543, 4.702, +[ 0.49671415 -0.1382643   0.64768854  1.52302986], +[ 0.49671415 -0.1382643   0.64768854  1.52302986], -[-0.23415337 -0.23413696  1.57921282  0.76743473], -2.699, -3.543, +[ 0.49671415 -0.1382643   0.64768854  1.52302986], -[-0.23415337 -0.23413696  1.57921282  0.76743473], -2.699, -3.543, 4.702, +[ 0.49671415 -0.1382643   0.64768854  1.52302986], -[-0.23415337 -0.23413696  1.57921282  0.76743473], -3.543, -3.543, -[-0.23415337 -0.23413696  1.57921282  0.76743473], -2.699, -3.543, +[ 0.49671415 -0.1382643   0.64768854  1.52302986], +[ 0.49671415 -0.1382643   0.64768854  1.52302986], -[-0.23415337 -0.23413696  1.57921282  0.76743473], -2.699, -3.543, +[ 0.49671415 -0.1382643   0.64768854  1.52302986], -[-0.23415337 -0.23413696  1.57921282  0.76743473], -2.699, -3.543, +[ 0.49671415 -0.1382643   0.64768854  1.52302986], -[-0.23415337 -0.23413696  1.57921282  0.76743473], -3.543, -3.543, 4.702, +[ 0.49671415 -0.1382643   0.64768854  1.52302986], -[-0.23415337 -0.23413696  1.57921282  0.76743473], -2.699, -3.543, 4.702]
Training
	MSE:24199.829
	Rsquared:-2.924
Test:
	MSE:23669.477
	Rsquared:-3.158
21.00947904586792