generations_elite-fitness_number-of-evaluations_time
0_28154.18_64_0.02549147605895996
1_28154.18_128_0.11391949653625488
2_28154.18_192_0.4070734977722168
3_28154.157_256_0.5421559810638428
4_27577.892_320_0.6324717998504639
5_27577.892_384_0.6877779960632324
6_27208.721_448_0.7460789680480957
7_26790.18_512_0.8074226379394531
8_26643.842_576_0.8852429389953613
9_26348.155_640_0.9865744113922119
10_26100.58_704_1.1117022037506104
11_25896.322_768_1.2753596305847168
12_25713.784_832_1.502983808517456
13_25092.386_896_1.9202969074249268
14_24919.632_960_2.3301453590393066
15_24919.632_1020_2.856102466583252
16_24825.409_1079_3.5982635021209717
17_24281.189_1138_4.295604944229126
18_24281.189_1193_5.204248428344727
19_24243.273_1244_6.091261386871338
20_24243.273_1298_7.136049747467041
21_24243.273_1348_8.173591613769531
22_24060.834_1395_9.312540292739868
23_24060.834_1442_10.31362009048462
24_24060.834_1490_11.48697543144226
25_24060.834_1528_12.728552103042603
26_24060.834_1573_13.988418817520142
27_24048.633_1611_15.293650150299072
28_24048.633_1647_16.62657380104065
29_24048.633_1690_17.96689534187317
30_24048.633_1730_19.23715329170227
31_24048.633_1762_20.519031286239624
Function found (99nodes ):
	[+[ 0.49671415 -0.1382643   0.64768854  1.52302986], +[ 0.49671415 -0.1382643   0.64768854  1.52302986], +[ 0.49671415 -0.1382643   0.64768854  1.52302986], 3.957, +[ 0.49671415 -0.1382643   0.64768854  1.52302986], +[ 0.49671415 -0.1382643   0.64768854  1.52302986], 3.957, 3.957, +[ 0.49671415 -0.1382643   0.64768854  1.52302986], +[ 0.49671415 -0.1382643   0.64768854  1.52302986], 3.957, 3.957, +[ 0.49671415 -0.1382643   0.64768854  1.52302986], 3.957, 3.957, +[ 0.49671415 -0.1382643   0.64768854  1.52302986], +[ 0.49671415 -0.1382643   0.64768854  1.52302986], 3.957, 3.957, +[ 0.49671415 -0.1382643   0.64768854  1.52302986], 3.957, +[ 0.49671415 -0.1382643   0.64768854  1.52302986], +[ 0.49671415 -0.1382643   0.64768854  1.52302986], 3.957, 3.957, +[ 0.49671415 -0.1382643   0.64768854  1.52302986], +[ 0.49671415 -0.1382643   0.64768854  1.52302986], 3.957, 3.957, +[ 0.49671415 -0.1382643   0.64768854  1.52302986], 3.957, 3.957, +[ 0.49671415 -0.1382643   0.64768854  1.52302986], +[ 0.49671415 -0.1382643   0.64768854  1.52302986], +[ 0.49671415 -0.1382643   0.64768854  1.52302986], 3.957, 3.957, +[ 0.49671415 -0.1382643   0.64768854  1.52302986], +[ 0.49671415 -0.1382643   0.64768854  1.52302986], +[ 0.49671415 -0.1382643   0.64768854  1.52302986], +[ 0.49671415 -0.1382643   0.64768854  1.52302986], 3.957, 3.957, +[ 0.49671415 -0.1382643   0.64768854  1.52302986], 3.957, 3.957, +[ 0.49671415 -0.1382643   0.64768854  1.52302986], 3.957, 3.957, +[ 0.49671415 -0.1382643   0.64768854  1.52302986], +[ 0.49671415 -0.1382643   0.64768854  1.52302986], 3.957, 3.957, +[ 0.49671415 -0.1382643   0.64768854  1.52302986], 3.957, 3.957, +[ 0.49671415 -0.1382643   0.64768854  1.52302986], +[ 0.49671415 -0.1382643   0.64768854  1.52302986], +[ 0.49671415 -0.1382643   0.64768854  1.52302986], 3.957, 3.957, +[ 0.49671415 -0.1382643   0.64768854  1.52302986], +[ 0.49671415 -0.1382643   0.64768854  1.52302986], +[ 0.49671415 -0.1382643   0.64768854  1.52302986], +[ 0.49671415 -0.1382643   0.64768854  1.52302986], 3.957, 3.957, +[ 0.49671415 -0.1382643   0.64768854  1.52302986], 3.957, 3.957, +[ 0.49671415 -0.1382643   0.64768854  1.52302986], 3.957, 3.957, +[ 0.49671415 -0.1382643   0.64768854  1.52302986], +[ 0.49671415 -0.1382643   0.64768854  1.52302986], 3.957, 3.957, +[ 0.49671415 -0.1382643   0.64768854  1.52302986], 3.957, 3.957, +[ 0.49671415 -0.1382643   0.64768854  1.52302986], +[ 0.49671415 -0.1382643   0.64768854  1.52302986], +[ 0.49671415 -0.1382643   0.64768854  1.52302986], +[ 0.49671415 -0.1382643   0.64768854  1.52302986], 3.957, 3.957, +[ 0.49671415 -0.1382643   0.64768854  1.52302986], 3.957, 3.957, +[ 0.49671415 -0.1382643   0.64768854  1.52302986], 3.957, 3.957, +[ 0.49671415 -0.1382643   0.64768854  1.52302986], +[ 0.49671415 -0.1382643   0.64768854  1.52302986], 3.957, 3.957, +[ 0.49671415 -0.1382643   0.64768854  1.52302986], 3.957, 3.957]
Training
	MSE:24048.633
	Rsquared:-2.899
Test:
	MSE:23518.513
	Rsquared:-3.132
20.519168376922607