generations_elite-fitness_number-of-evaluations_time
0_28181.472_64_0.034757137298583984
1_28181.472_128_0.1137850284576416
2_27978.674_192_0.1889338493347168
3_27714.07_256_0.23982858657836914
4_27608.714_320_0.2893242835998535
5_27309.51_384_0.340864896774292
6_27241.775_448_0.39124298095703125
7_26815.97_512_0.45046234130859375
8_26474.163_576_0.5306158065795898
9_26200.493_640_0.6581556797027588
10_25975.172_704_1.0090069770812988
11_25788.866_768_1.239288568496704
12_25316.555_832_1.5452847480773926
13_25286.128_896_1.9120125770568848
14_25145.687_960_2.452890634536743
15_24743.112_1024_3.0405123233795166
16_24655.437_1084_3.8998754024505615
17_24292.984_1139_4.77949595451355
18_24292.984_1192_5.7616941928863525
Function found (93nodes ):
	[+[ 0.49671415 -0.1382643   0.64768854  1.52302986], +[ 0.49671415 -0.1382643   0.64768854  1.52302986], +[ 0.49671415 -0.1382643   0.64768854  1.52302986], +[ 0.49671415 -0.1382643   0.64768854  1.52302986], 3.865, 3.865, +[ 0.49671415 -0.1382643   0.64768854  1.52302986], 3.865, +[ 0.49671415 -0.1382643   0.64768854  1.52302986], 3.865, +[ 0.49671415 -0.1382643   0.64768854  1.52302986], +[ 0.49671415 -0.1382643   0.64768854  1.52302986], 3.865, +[ 0.49671415 -0.1382643   0.64768854  1.52302986], 3.865, /[ 0.24196227 -1.91328024 -1.72491783 -0.56228753], x7, x3, +[ 0.49671415 -0.1382643   0.64768854  1.52302986], 3.865, 3.865, +[ 0.49671415 -0.1382643   0.64768854  1.52302986], +[ 0.49671415 -0.1382643   0.64768854  1.52302986], 3.865, +[ 0.49671415 -0.1382643   0.64768854  1.52302986], 3.865, /[ 0.24196227 -1.91328024 -1.72491783 -0.56228753], x7, x3, +[ 0.49671415 -0.1382643   0.64768854  1.52302986], +[ 0.49671415 -0.1382643   0.64768854  1.52302986], 3.865, 3.865, +[ 0.49671415 -0.1382643   0.64768854  1.52302986], +[ 0.49671415 -0.1382643   0.64768854  1.52302986], 3.865, +[ 0.49671415 -0.1382643   0.64768854  1.52302986], 3.865, /[ 0.24196227 -1.91328024 -1.72491783 -0.56228753], x7, x3, +[ 0.49671415 -0.1382643   0.64768854  1.52302986], 3.865, 3.865, +[ 0.49671415 -0.1382643   0.64768854  1.52302986], +[ 0.49671415 -0.1382643   0.64768854  1.52302986], +[ 0.49671415 -0.1382643   0.64768854  1.52302986], 3.865, 3.865, +[ 0.49671415 -0.1382643   0.64768854  1.52302986], 3.865, +[ 0.49671415 -0.1382643   0.64768854  1.52302986], 3.865, +[ 0.49671415 -0.1382643   0.64768854  1.52302986], +[ 0.49671415 -0.1382643   0.64768854  1.52302986], 3.865, +[ 0.49671415 -0.1382643   0.64768854  1.52302986], 3.865, /[ 0.24196227 -1.91328024 -1.72491783 -0.56228753], x7, x3, +[ 0.49671415 -0.1382643   0.64768854  1.52302986], 3.865, 3.865, +[ 0.49671415 -0.1382643   0.64768854  1.52302986], +[ 0.49671415 -0.1382643   0.64768854  1.52302986], +[ 0.49671415 -0.1382643   0.64768854  1.52302986], 3.865, 3.865, +[ 0.49671415 -0.1382643   0.64768854  1.52302986], +[ 0.49671415 -0.1382643   0.64768854  1.52302986], 3.865, +[ 0.49671415 -0.1382643   0.64768854  1.52302986], 3.865, /[ 0.24196227 -1.91328024 -1.72491783 -0.56228753], x7, x3, +[ 0.49671415 -0.1382643   0.64768854  1.52302986], 3.865, 3.865, +[ 0.49671415 -0.1382643   0.64768854  1.52302986], +[ 0.49671415 -0.1382643   0.64768854  1.52302986], 3.865, 3.865, +[ 0.49671415 -0.1382643   0.64768854  1.52302986], +[ 0.49671415 -0.1382643   0.64768854  1.52302986], 3.865, +[ 0.49671415 -0.1382643   0.64768854  1.52302986], 3.865, 3.865, +[ 0.49671415 -0.1382643   0.64768854  1.52302986], 3.865, 3.865]
Training
	MSE:24292.984
	Rsquared:-2.939
Test:
	MSE:23763.455
	Rsquared:-3.175
5.761804819107056