generations_elite-fitness_number-of-evaluations_time
0_27911.086_128_0.028411865234375
1_27817.077_256_0.10274195671081543
2_27367.519_384_0.19111299514770508
3_27367.519_512_0.2843048572540283
4_27367.519_640_0.39806056022644043
5_26977.162_768_0.6678164005279541
6_26773.092_896_0.8476409912109375
7_26542.195_1024_1.0447769165039062
8_26198.329_1152_1.3028159141540527
9_25645.514_1280_1.6432108879089355
10_25635.109_1408_2.1831142902374268
11_25059.498_1536_2.812037706375122
12_24744.662_1664_3.8000776767730713
13_24744.662_1783_5.1289942264556885
14_24680.19_1899_6.7530107498168945
15_24581.281_2007_8.599904537200928
16_24581.281_2118_10.59226942062378
17_24562.942_2212_12.902198314666748
18_24532.413_2314_15.262197971343994
19_24532.413_2417_17.338163137435913
20_24425.446_2526_19.624578714370728
21_24425.446_2621_21.821742296218872
Function found (97nodes ):
	[+[ 0.49671415 -0.1382643   0.64768854  1.52302986], +[ 0.49671415 -0.1382643   0.64768854  1.52302986], +[ 0.49671415 -0.1382643   0.64768854  1.52302986], 3.92, +[ 0.49671415 -0.1382643   0.64768854  1.52302986], 3.92, +[ 0.49671415 -0.1382643   0.64768854  1.52302986], 3.92, +[ 0.49671415 -0.1382643   0.64768854  1.52302986], 3.92, /[ 0.24196227 -1.91328024 -1.72491783 -0.56228753], -4.02, x5, +[ 0.49671415 -0.1382643   0.64768854  1.52302986], +[ 0.49671415 -0.1382643   0.64768854  1.52302986], 3.92, +[ 0.49671415 -0.1382643   0.64768854  1.52302986], 3.92, +[ 0.49671415 -0.1382643   0.64768854  1.52302986], 3.92, +[ 0.49671415 -0.1382643   0.64768854  1.52302986], 3.92, +[ 0.49671415 -0.1382643   0.64768854  1.52302986], 3.92, +[ 0.49671415 -0.1382643   0.64768854  1.52302986], 3.92, +[ 0.49671415 -0.1382643   0.64768854  1.52302986], 3.92, /[ 0.24196227 -1.91328024 -1.72491783 -0.56228753], -4.02, x5, +[ 0.49671415 -0.1382643   0.64768854  1.52302986], +[ 0.49671415 -0.1382643   0.64768854  1.52302986], 3.92, 4.779, +[ 0.49671415 -0.1382643   0.64768854  1.52302986], 3.92, +[ 0.49671415 -0.1382643   0.64768854  1.52302986], 3.92, /[ 0.24196227 -1.91328024 -1.72491783 -0.56228753], -4.02, x5, +[ 0.49671415 -0.1382643   0.64768854  1.52302986], +[ 0.49671415 -0.1382643   0.64768854  1.52302986], +[ 0.49671415 -0.1382643   0.64768854  1.52302986], 3.92, /[ 0.24196227 -1.91328024 -1.72491783 -0.56228753], -4.026, x5, +[ 0.49671415 -0.1382643   0.64768854  1.52302986], +[ 0.49671415 -0.1382643   0.64768854  1.52302986], 3.92, /[ 0.24196227 -1.91328024 -1.72491783 -0.56228753], -4.026, x5, /[ 0.24196227 -1.91328024 -1.72491783 -0.56228753], -4.026, x5, +[ 0.49671415 -0.1382643   0.64768854  1.52302986], +[ 0.49671415 -0.1382643   0.64768854  1.52302986], +[ 0.49671415 -0.1382643   0.64768854  1.52302986], 3.92, /[ 0.24196227 -1.91328024 -1.72491783 -0.56228753], -4.026, x5, +[ 0.49671415 -0.1382643   0.64768854  1.52302986], 3.92, +[ 0.49671415 -0.1382643   0.64768854  1.52302986], 3.92, +[ 0.49671415 -0.1382643   0.64768854  1.52302986], 3.92, +[ 0.49671415 -0.1382643   0.64768854  1.52302986], +[ 0.49671415 -0.1382643   0.64768854  1.52302986], +[ 0.49671415 -0.1382643   0.64768854  1.52302986], 3.92, /[ 0.24196227 -1.91328024 -1.72491783 -0.56228753], -4.026, x5, /[ 0.24196227 -1.91328024 -1.72491783 -0.56228753], -4.026, x5, +[ 0.49671415 -0.1382643   0.64768854  1.52302986], 3.92, +[ 0.49671415 -0.1382643   0.64768854  1.52302986], 3.92, +[ 0.49671415 -0.1382643   0.64768854  1.52302986], 3.92, /[ 0.24196227 -1.91328024 -1.72491783 -0.56228753], 3.92, x5, +[ 0.49671415 -0.1382643   0.64768854  1.52302986], 3.92, +[ 0.49671415 -0.1382643   0.64768854  1.52302986], 3.92, /[ 0.24196227 -1.91328024 -1.72491783 -0.56228753], -4.02, x5]
Training
	MSE:24425.446
	Rsquared:-2.96
Test:
	MSE:23901.082
	Rsquared:-3.199
21.821864366531372