generations_elite-fitness_number-of-evaluations_time
0_28150.561_64_0.014152050018310547
1_28150.561_128_0.05523824691772461
2_28021.782_192_0.09644699096679688
3_27632.059_256_0.14045047760009766
4_27316.495_320_0.20232748985290527
5_27027.322_384_0.25935888290405273
6_26602.116_448_0.3426952362060547
7_26551.837_512_0.4628124237060547
8_26153.167_576_0.6152510643005371
9_25911.308_640_0.8224301338195801
10_25744.402_704_1.1144847869873047
11_25351.278_768_1.6068317890167236
12_25232.739_832_2.1002578735351562
13_24919.036_889_2.892364025115967
14_24917.627_939_3.780367612838745
15_24858.79_978_4.847503185272217
16_24825.038_1025_5.852339029312134
17_24759.433_1077_6.941447019577026
18_24756.109_1123_7.933008432388306
19_24573.979_1171_9.072516202926636
20_24573.979_1214_10.242196083068848
Function found (93nodes ):
	[+[ 0.49671415 -0.1382643   0.64768854  1.52302986], +[ 0.49671415 -0.1382643   0.64768854  1.52302986], +[ 0.49671415 -0.1382643   0.64768854  1.52302986], +[ 0.49671415 -0.1382643   0.64768854  1.52302986], 3.552, 3.982, +[ 0.49671415 -0.1382643   0.64768854  1.52302986], +[ 0.49671415 -0.1382643   0.64768854  1.52302986], +[ 0.49671415 -0.1382643   0.64768854  1.52302986], +[ 0.49671415 -0.1382643   0.64768854  1.52302986], 3.552, 3.982, +[ 0.49671415 -0.1382643   0.64768854  1.52302986], 3.982, 3.982, 3.982, +[ 0.49671415 -0.1382643   0.64768854  1.52302986], +[ 0.49671415 -0.1382643   0.64768854  1.52302986], 3.552, 3.481, 3.982, +[ 0.49671415 -0.1382643   0.64768854  1.52302986], +[ 0.49671415 -0.1382643   0.64768854  1.52302986], 3.552, 3.982, +[ 0.49671415 -0.1382643   0.64768854  1.52302986], +[ 0.49671415 -0.1382643   0.64768854  1.52302986], 3.552, +[ 0.49671415 -0.1382643   0.64768854  1.52302986], +[ 0.49671415 -0.1382643   0.64768854  1.52302986], 3.552, 3.982, +[ 0.49671415 -0.1382643   0.64768854  1.52302986], +[ 0.49671415 -0.1382643   0.64768854  1.52302986], 3.552, 3.982, +[ 0.49671415 -0.1382643   0.64768854  1.52302986], +[ 0.49671415 -0.1382643   0.64768854  1.52302986], -[-0.23415337 -0.23413696  1.57921282  0.76743473], x5, x4, 3.982, 3.982, 3.982, +[ 0.49671415 -0.1382643   0.64768854  1.52302986], +[ 0.49671415 -0.1382643   0.64768854  1.52302986], +[ 0.49671415 -0.1382643   0.64768854  1.52302986], 3.552, 3.982, +[ 0.49671415 -0.1382643   0.64768854  1.52302986], 3.982, 3.982, +[ 0.49671415 -0.1382643   0.64768854  1.52302986], +[ 0.49671415 -0.1382643   0.64768854  1.52302986], +[ 0.49671415 -0.1382643   0.64768854  1.52302986], 3.552, 3.982, +[ 0.49671415 -0.1382643   0.64768854  1.52302986], +[ 0.49671415 -0.1382643   0.64768854  1.52302986], 3.552, 3.982, +[ 0.49671415 -0.1382643   0.64768854  1.52302986], +[ 0.49671415 -0.1382643   0.64768854  1.52302986], +[ 0.49671415 -0.1382643   0.64768854  1.52302986], -[-0.23415337 -0.23413696  1.57921282  0.76743473], x5, x4, 3.481, 3.982, 3.982, +[ 0.49671415 -0.1382643   0.64768854  1.52302986], +[ 0.49671415 -0.1382643   0.64768854  1.52302986], 3.552, 3.982, +[ 0.49671415 -0.1382643   0.64768854  1.52302986], +[ 0.49671415 -0.1382643   0.64768854  1.52302986], 3.552, +[ 0.49671415 -0.1382643   0.64768854  1.52302986], +[ 0.49671415 -0.1382643   0.64768854  1.52302986], 3.552, 3.982, +[ 0.49671415 -0.1382643   0.64768854  1.52302986], +[ 0.49671415 -0.1382643   0.64768854  1.52302986], 3.552, 3.982, +[ 0.49671415 -0.1382643   0.64768854  1.52302986], +[ 0.49671415 -0.1382643   0.64768854  1.52302986], -[-0.23415337 -0.23413696  1.57921282  0.76743473], x5, x4, 3.982, 3.982, 3.982]
Training
	MSE:24573.979
	Rsquared:-2.984
Test:
	MSE:24043.075
	Rsquared:-3.224
10.242321252822876