generations_elite-fitness_number-of-evaluations_time
0_27895.164_256_0.05824112892150879
1_27895.164_512_0.4584207534790039
2_27718.516_768_0.6480629444122314
3_27500.348_1024_0.8071794509887695
4_26988.918_1280_0.9985654354095459
5_26664.962_1536_1.3012802600860596
6_26404.109_1792_1.7218966484069824
7_25935.975_2048_2.382122755050659
8_25766.165_2304_3.148329734802246
9_25523.659_2560_4.238661527633667
10_25269.213_2816_5.712895631790161
11_24689.844_3069_7.76753306388855
12_24289.662_3314_10.484654903411865
13_24205.347_3532_13.808758020401001
14_24152.464_3751_17.41491961479187
15_24035.551_3961_21.451141595840454
Function found (93nodes ):
	[+[ 0.49671415 -0.1382643   0.64768854  1.52302986], +[ 0.49671415 -0.1382643   0.64768854  1.52302986], +[ 0.49671415 -0.1382643   0.64768854  1.52302986], 4.833, +[ 0.49671415 -0.1382643   0.64768854  1.52302986], 4.495, 4.318, +[ 0.49671415 -0.1382643   0.64768854  1.52302986], +[ 0.49671415 -0.1382643   0.64768854  1.52302986], 3.525, +[ 0.49671415 -0.1382643   0.64768854  1.52302986], 4.833, +[ 0.49671415 -0.1382643   0.64768854  1.52302986], 4.495, 4.833, +[ 0.49671415 -0.1382643   0.64768854  1.52302986], 4.318, 4.495, +[ 0.49671415 -0.1382643   0.64768854  1.52302986], +[ 0.49671415 -0.1382643   0.64768854  1.52302986], +[ 0.49671415 -0.1382643   0.64768854  1.52302986], 4.833, +[ 0.49671415 -0.1382643   0.64768854  1.52302986], +[ 0.49671415 -0.1382643   0.64768854  1.52302986], 4.833, 4.495, +[ 0.49671415 -0.1382643   0.64768854  1.52302986], 3.525, +[ 0.49671415 -0.1382643   0.64768854  1.52302986], 4.833, +[ 0.49671415 -0.1382643   0.64768854  1.52302986], 4.495, 4.318, +[ 0.49671415 -0.1382643   0.64768854  1.52302986], +[ 0.49671415 -0.1382643   0.64768854  1.52302986], 4.318, /[ 0.24196227 -1.91328024 -1.72491783 -0.56228753], -4.876, x4, +[ 0.49671415 -0.1382643   0.64768854  1.52302986], 4.318, +[ 0.49671415 -0.1382643   0.64768854  1.52302986], +[ 0.49671415 -0.1382643   0.64768854  1.52302986], 4.318, 3.329, -[-0.23415337 -0.23413696  1.57921282  0.76743473], x2, -2.939, +[ 0.49671415 -0.1382643   0.64768854  1.52302986], +[ 0.49671415 -0.1382643   0.64768854  1.52302986], +[ 0.49671415 -0.1382643   0.64768854  1.52302986], +[ 0.49671415 -0.1382643   0.64768854  1.52302986], 4.833, +[ 0.49671415 -0.1382643   0.64768854  1.52302986], 4.495, 4.318, 4.495, +[ 0.49671415 -0.1382643   0.64768854  1.52302986], +[ 0.49671415 -0.1382643   0.64768854  1.52302986], +[ 0.49671415 -0.1382643   0.64768854  1.52302986], +[ 0.49671415 -0.1382643   0.64768854  1.52302986], 4.833, +[ 0.49671415 -0.1382643   0.64768854  1.52302986], 4.833, 4.318, 4.495, 3.329, +[ 0.49671415 -0.1382643   0.64768854  1.52302986], 3.525, +[ 0.49671415 -0.1382643   0.64768854  1.52302986], 4.833, +[ 0.49671415 -0.1382643   0.64768854  1.52302986], +[ 0.49671415 -0.1382643   0.64768854  1.52302986], 4.495, 4.318, 4.318, +[ 0.49671415 -0.1382643   0.64768854  1.52302986], +[ 0.49671415 -0.1382643   0.64768854  1.52302986], 4.833, +[ 0.49671415 -0.1382643   0.64768854  1.52302986], 4.495, 4.318, +[ 0.49671415 -0.1382643   0.64768854  1.52302986], +[ 0.49671415 -0.1382643   0.64768854  1.52302986], 3.525, +[ 0.49671415 -0.1382643   0.64768854  1.52302986], 4.833, +[ 0.49671415 -0.1382643   0.64768854  1.52302986], 4.495, 4.833, +[ 0.49671415 -0.1382643   0.64768854  1.52302986], 4.318, 4.495]
Training
	MSE:24035.551
	Rsquared:-2.897
Test:
	MSE:23505.663
	Rsquared:-3.13
21.451251745224