generations_elite-fitness_number-of-evaluations_time
0_27872.764_64_0.037043094635009766
1_27872.764_128_0.1371610164642334
2_27872.764_192_0.272723913192749
3_27622.482_256_0.3745136260986328
4_27260.252_320_0.41065001487731934
5_27260.252_384_0.43724584579467773
6_26868.212_448_0.4759984016418457
7_26868.212_512_0.5216848850250244
8_26550.092_576_0.5758004188537598
9_26448.271_640_0.6376650333404541
10_26013.707_704_0.7309660911560059
11_25812.081_768_0.862572431564331
12_25445.746_832_1.2234339714050293
13_25308.119_896_1.4663827419281006
14_25018.564_960_1.789369821548462
15_24874.849_1023_2.177152633666992
16_24633.399_1083_2.7671985626220703
17_24633.399_1144_3.3880233764648438
18_24632.719_1203_4.205420255661011
19_24581.981_1257_5.07491660118103
Function found (87nodes ):
	[+[ 0.49671415 -0.1382643   0.64768854  1.52302986], +[ 0.49671415 -0.1382643   0.64768854  1.52302986], +[ 0.49671415 -0.1382643   0.64768854  1.52302986], +[ 0.49671415 -0.1382643   0.64768854  1.52302986], +[ 0.49671415 -0.1382643   0.64768854  1.52302986], 4.909, 4.909, +[ 0.49671415 -0.1382643   0.64768854  1.52302986], 4.909, 4.909, +[ 0.49671415 -0.1382643   0.64768854  1.52302986], 4.909, 4.909, +[ 0.49671415 -0.1382643   0.64768854  1.52302986], +[ 0.49671415 -0.1382643   0.64768854  1.52302986], +[ 0.49671415 -0.1382643   0.64768854  1.52302986], 4.909, 4.909, +[ 0.49671415 -0.1382643   0.64768854  1.52302986], 4.909, +[ 0.49671415 -0.1382643   0.64768854  1.52302986], +[ 0.49671415 -0.1382643   0.64768854  1.52302986], +[ 0.49671415 -0.1382643   0.64768854  1.52302986], 4.909, +[ 0.49671415 -0.1382643   0.64768854  1.52302986], 4.909, 4.909, 4.909, +[ 0.49671415 -0.1382643   0.64768854  1.52302986], +[ 0.49671415 -0.1382643   0.64768854  1.52302986], 4.491, +[ 0.49671415 -0.1382643   0.64768854  1.52302986], +[ 0.49671415 -0.1382643   0.64768854  1.52302986], +[ 0.49671415 -0.1382643   0.64768854  1.52302986], 4.909, 4.909, +[ 0.49671415 -0.1382643   0.64768854  1.52302986], 4.909, 4.909, 4.909, +[ 0.49671415 -0.1382643   0.64768854  1.52302986], 4.909, 4.909, +[ 0.49671415 -0.1382643   0.64768854  1.52302986], +[ 0.49671415 -0.1382643   0.64768854  1.52302986], +[ 0.49671415 -0.1382643   0.64768854  1.52302986], +[ 0.49671415 -0.1382643   0.64768854  1.52302986], 4.909, 4.909, /[ 0.24196227 -1.91328024 -1.72491783 -0.56228753], x3, x3, +[ 0.49671415 -0.1382643   0.64768854  1.52302986], 4.909, 4.909, +[ 0.49671415 -0.1382643   0.64768854  1.52302986], 4.909, +[ 0.49671415 -0.1382643   0.64768854  1.52302986], +[ 0.49671415 -0.1382643   0.64768854  1.52302986], +[ 0.49671415 -0.1382643   0.64768854  1.52302986], 4.909, +[ 0.49671415 -0.1382643   0.64768854  1.52302986], 4.909, 4.909, 4.909, +[ 0.49671415 -0.1382643   0.64768854  1.52302986], +[ 0.49671415 -0.1382643   0.64768854  1.52302986], +[ 0.49671415 -0.1382643   0.64768854  1.52302986], +[ 0.49671415 -0.1382643   0.64768854  1.52302986], 4.909, +[ 0.49671415 -0.1382643   0.64768854  1.52302986], 4.909, 4.909, 4.909, 4.909, +[ 0.49671415 -0.1382643   0.64768854  1.52302986], 4.909, 4.909, +[ 0.49671415 -0.1382643   0.64768854  1.52302986], +[ 0.49671415 -0.1382643   0.64768854  1.52302986], 4.909, +[ 0.49671415 -0.1382643   0.64768854  1.52302986], 4.909, 4.909, +[ 0.49671415 -0.1382643   0.64768854  1.52302986], 4.909, 4.909]
Training
	MSE:24581.981
	Rsquared:-2.986
Test:
	MSE:24051.266
	Rsquared:-3.225
5.075027704238892