generations_elite-fitness_number-of-evaluations_time
0_28132.271_64_0.032182931900024414
1_28132.271_128_0.14173054695129395
2_27545.043_192_0.28752803802490234
3_27538.392_256_0.40349340438842773
4_27183.11_320_0.6193652153015137
5_26969.942_384_0.705376148223877
6_26471.69_448_0.8147368431091309
7_26450.252_512_0.9383935928344727
8_25976.7_576_1.1150383949279785
9_25695.447_640_1.3726065158843994
10_25285.214_704_1.7462618350982666
11_25230.07_767_2.311224937438965
12_24952.647_830_2.8920977115631104
13_24952.647_891_3.6615164279937744
14_24809.511_949_4.499095916748047
15_24809.511_995_5.554784297943115
16_24804.246_1035_6.731896638870239
17_24804.246_1074_7.955993413925171
18_24803.757_1115_9.13711166381836
19_24755.74_1167_10.306788206100464
20_24755.74_1209_11.341596364974976
21_24655.673_1259_12.526967287063599
22_24651.855_1303_13.727986812591553
23_24651.855_1338_14.95754885673523
24_24638.576_1376_16.19586491584778
Function found (99nodes ):
	[+[ 0.49671415 -0.1382643   0.64768854  1.52302986], +[ 0.49671415 -0.1382643   0.64768854  1.52302986], +[ 0.49671415 -0.1382643   0.64768854  1.52302986], +[ 0.49671415 -0.1382643   0.64768854  1.52302986], x7, 4.075, +[ 0.49671415 -0.1382643   0.64768854  1.52302986], +[ 0.49671415 -0.1382643   0.64768854  1.52302986], +[ 0.49671415 -0.1382643   0.64768854  1.52302986], 4.075, 4.075, +[ 0.49671415 -0.1382643   0.64768854  1.52302986], +[ 0.49671415 -0.1382643   0.64768854  1.52302986], 4.075, +[ 0.49671415 -0.1382643   0.64768854  1.52302986], /[ 0.24196227 -1.91328024 -1.72491783 -0.56228753], x1, x8, 4.075, 4.075, 4.075, +[ 0.49671415 -0.1382643   0.64768854  1.52302986], +[ 0.49671415 -0.1382643   0.64768854  1.52302986], +[ 0.49671415 -0.1382643   0.64768854  1.52302986], x7, 4.075, +[ 0.49671415 -0.1382643   0.64768854  1.52302986], +[ 0.49671415 -0.1382643   0.64768854  1.52302986], +[ 0.49671415 -0.1382643   0.64768854  1.52302986], 4.075, +[ 0.49671415 -0.1382643   0.64768854  1.52302986], +[ 0.49671415 -0.1382643   0.64768854  1.52302986], 4.075, 4.075, 4.075, 4.075, 4.075, +[ 0.49671415 -0.1382643   0.64768854  1.52302986], +[ 0.49671415 -0.1382643   0.64768854  1.52302986], +[ 0.49671415 -0.1382643   0.64768854  1.52302986], 4.075, 4.075, 4.075, 4.075, +[ 0.49671415 -0.1382643   0.64768854  1.52302986], +[ 0.49671415 -0.1382643   0.64768854  1.52302986], +[ 0.49671415 -0.1382643   0.64768854  1.52302986], +[ 0.49671415 -0.1382643   0.64768854  1.52302986], +[ 0.49671415 -0.1382643   0.64768854  1.52302986], x7, 4.075, +[ 0.49671415 -0.1382643   0.64768854  1.52302986], /[ 0.24196227 -1.91328024 -1.72491783 -0.56228753], x1, x8, 4.075, +[ 0.49671415 -0.1382643   0.64768854  1.52302986], 4.075, +[ 0.49671415 -0.1382643   0.64768854  1.52302986], +[ 0.49671415 -0.1382643   0.64768854  1.52302986], 4.075, 4.075, +[ 0.49671415 -0.1382643   0.64768854  1.52302986], +[ 0.49671415 -0.1382643   0.64768854  1.52302986], +[ 0.49671415 -0.1382643   0.64768854  1.52302986], +[ 0.49671415 -0.1382643   0.64768854  1.52302986], x7, 4.075, +[ 0.49671415 -0.1382643   0.64768854  1.52302986], /[ 0.24196227 -1.91328024 -1.72491783 -0.56228753], x1, x8, 4.075, 4.075, 4.075, +[ 0.49671415 -0.1382643   0.64768854  1.52302986], +[ 0.49671415 -0.1382643   0.64768854  1.52302986], +[ 0.49671415 -0.1382643   0.64768854  1.52302986], 4.075, 4.075, 4.075, 4.075, +[ 0.49671415 -0.1382643   0.64768854  1.52302986], 4.075, +[ 0.49671415 -0.1382643   0.64768854  1.52302986], +[ 0.49671415 -0.1382643   0.64768854  1.52302986], 4.075, 4.075, +[ 0.49671415 -0.1382643   0.64768854  1.52302986], +[ 0.49671415 -0.1382643   0.64768854  1.52302986], +[ 0.49671415 -0.1382643   0.64768854  1.52302986], 4.075, +[ 0.49671415 -0.1382643   0.64768854  1.52302986], /[ 0.24196227 -1.91328024 -1.72491783 -0.56228753], x1, x8, 4.075, 4.075, 4.075]
Training
	MSE:24638.576
	Rsquared:-2.995
Test:
	MSE:24107.648
	Rsquared:-3.235
16.195985317230225