generations_elite-fitness_number-of-evaluations_time
0_27914.035_128_0.030641794204711914
1_27914.035_256_0.10094690322875977
2_27487.12_384_0.1753857135772705
3_27341.158_512_0.2314596176147461
4_27105.661_640_0.288360595703125
5_26863.637_768_0.5239577293395996
6_26581.927_896_0.6365036964416504
7_26402.549_1024_0.7889130115509033
8_26049.165_1152_0.9959859848022461
9_25431.572_1280_1.285750150680542
10_25265.136_1408_1.6981117725372314
11_25265.136_1536_2.3380911350250244
12_24986.318_1664_2.9625399112701416
13_24656.729_1792_3.8068783283233643
14_24178.744_1920_4.7216198444366455
15_24178.744_2035_6.005187511444092
16_24174.277_2155_7.488813400268555
17_24078.537_2274_9.09116506576538
18_23846.324_2387_11.054654836654663
Function found (99nodes ):
	[+[ 0.49671415 -0.1382643   0.64768854  1.52302986], +[ 0.49671415 -0.1382643   0.64768854  1.52302986], +[ 0.49671415 -0.1382643   0.64768854  1.52302986], +[ 0.49671415 -0.1382643   0.64768854  1.52302986], +[ 0.49671415 -0.1382643   0.64768854  1.52302986], 3.582, 4.724, +[ 0.49671415 -0.1382643   0.64768854  1.52302986], +[ 0.49671415 -0.1382643   0.64768854  1.52302986], +[ 0.49671415 -0.1382643   0.64768854  1.52302986], 3.582, +[ 0.49671415 -0.1382643   0.64768854  1.52302986], 3.582, 4.724, 4.724, +[ 0.49671415 -0.1382643   0.64768854  1.52302986], +[ 0.49671415 -0.1382643   0.64768854  1.52302986], +[ 0.49671415 -0.1382643   0.64768854  1.52302986], 3.582, 4.724, 4.724, +[ 0.49671415 -0.1382643   0.64768854  1.52302986], 3.582, 4.724, +[ 0.49671415 -0.1382643   0.64768854  1.52302986], +[ 0.49671415 -0.1382643   0.64768854  1.52302986], +[ 0.49671415 -0.1382643   0.64768854  1.52302986], 3.582, 4.724, 4.724, +[ 0.49671415 -0.1382643   0.64768854  1.52302986], 3.582, 4.724, +[ 0.49671415 -0.1382643   0.64768854  1.52302986], +[ 0.49671415 -0.1382643   0.64768854  1.52302986], +[ 0.49671415 -0.1382643   0.64768854  1.52302986], 3.582, 4.724, 4.724, +[ 0.49671415 -0.1382643   0.64768854  1.52302986], +[ 0.49671415 -0.1382643   0.64768854  1.52302986], +[ 0.49671415 -0.1382643   0.64768854  1.52302986], 3.582, 4.724, 4.724, +[ 0.49671415 -0.1382643   0.64768854  1.52302986], 3.582, 4.724, +[ 0.49671415 -0.1382643   0.64768854  1.52302986], +[ 0.49671415 -0.1382643   0.64768854  1.52302986], +[ 0.49671415 -0.1382643   0.64768854  1.52302986], +[ 0.49671415 -0.1382643   0.64768854  1.52302986], 3.582, 4.724, 4.724, +[ 0.49671415 -0.1382643   0.64768854  1.52302986], +[ 0.49671415 -0.1382643   0.64768854  1.52302986], +[ 0.49671415 -0.1382643   0.64768854  1.52302986], 3.582, 4.724, 4.724, +[ 0.49671415 -0.1382643   0.64768854  1.52302986], 3.582, 4.724, +[ 0.49671415 -0.1382643   0.64768854  1.52302986], +[ 0.49671415 -0.1382643   0.64768854  1.52302986], +[ 0.49671415 -0.1382643   0.64768854  1.52302986], +[ 0.49671415 -0.1382643   0.64768854  1.52302986], 3.582, 4.724, 4.724, +[ 0.49671415 -0.1382643   0.64768854  1.52302986], +[ 0.49671415 -0.1382643   0.64768854  1.52302986], +[ 0.49671415 -0.1382643   0.64768854  1.52302986], 3.582, 4.724, 4.724, +[ 0.49671415 -0.1382643   0.64768854  1.52302986], 3.582, 4.724, +[ 0.49671415 -0.1382643   0.64768854  1.52302986], +[ 0.49671415 -0.1382643   0.64768854  1.52302986], +[ 0.49671415 -0.1382643   0.64768854  1.52302986], +[ 0.49671415 -0.1382643   0.64768854  1.52302986], 3.582, 4.724, 4.724, +[ 0.49671415 -0.1382643   0.64768854  1.52302986], +[ 0.49671415 -0.1382643   0.64768854  1.52302986], +[ 0.49671415 -0.1382643   0.64768854  1.52302986], 3.582, 4.724, 4.724, +[ 0.49671415 -0.1382643   0.64768854  1.52302986], 3.582, 4.724, +[ 0.49671415 -0.1382643   0.64768854  1.52302986], 4.59, 4.724]
Training
	MSE:23846.324
	Rsquared:-2.866
Test:
	MSE:23316.512
	Rsquared:-3.096
11.054784774780273