generations_elite-fitness_number-of-evaluations_time
0_27872.764_64_0.023756980895996094
1_27800.59_128_0.07021212577819824
2_27800.59_192_0.12102603912353516
3_27225.241_256_0.18357539176940918
4_27225.241_320_0.24799561500549316
5_27225.241_384_0.3099358081817627
6_27225.241_448_0.3721916675567627
7_27225.241_512_0.42616796493530273
8_27225.241_576_0.48735976219177246
9_27186.953_640_0.5531039237976074
10_26876.526_704_0.6288619041442871
11_26876.526_768_0.7097725868225098
12_26534.962_832_0.8084235191345215
13_26446.084_896_0.9125261306762695
14_26441.671_960_1.0258617401123047
15_26392.8_1024_1.1529226303100586
16_26371.29_1088_1.3007173538208008
17_26201.444_1152_1.6094474792480469
18_25629.875_1216_1.8121211528778076
19_25276.195_1280_2.0395755767822266
20_25276.195_1344_2.2971270084381104
21_25265.946_1408_2.610151529312134
22_25265.946_1470_3.094433307647705
23_25158.737_1532_3.52500057220459
24_25158.737_1596_3.982018232345581
25_25121.92_1659_4.602144956588745
26_24776.971_1721_5.162813186645508
Function found (89nodes ):
	[+[ 0.49671415 -0.1382643   0.64768854  1.52302986], +[ 0.49671415 -0.1382643   0.64768854  1.52302986], +[ 0.49671415 -0.1382643   0.64768854  1.52302986], +[ 0.49671415 -0.1382643   0.64768854  1.52302986], 3.313, 3.313, 3.279, +[ 0.49671415 -0.1382643   0.64768854  1.52302986], +[ 0.49671415 -0.1382643   0.64768854  1.52302986], +[ 0.49671415 -0.1382643   0.64768854  1.52302986], 3.313, 3.279, +[ 0.49671415 -0.1382643   0.64768854  1.52302986], +[ 0.49671415 -0.1382643   0.64768854  1.52302986], 3.313, +[ 0.49671415 -0.1382643   0.64768854  1.52302986], +[ 0.49671415 -0.1382643   0.64768854  1.52302986], 3.313, 3.279, +[ 0.49671415 -0.1382643   0.64768854  1.52302986], 3.313, 3.279, 3.279, +[ 0.49671415 -0.1382643   0.64768854  1.52302986], +[ 0.49671415 -0.1382643   0.64768854  1.52302986], +[ 0.49671415 -0.1382643   0.64768854  1.52302986], 3.313, 3.279, 3.279, 3.279, +[ 0.49671415 -0.1382643   0.64768854  1.52302986], +[ 0.49671415 -0.1382643   0.64768854  1.52302986], +[ 0.49671415 -0.1382643   0.64768854  1.52302986], +[ 0.49671415 -0.1382643   0.64768854  1.52302986], 3.279, 3.279, +[ 0.49671415 -0.1382643   0.64768854  1.52302986], +[ 0.49671415 -0.1382643   0.64768854  1.52302986], 3.313, +[ 0.49671415 -0.1382643   0.64768854  1.52302986], 3.313, +[ 0.49671415 -0.1382643   0.64768854  1.52302986], 3.313, +[ 0.49671415 -0.1382643   0.64768854  1.52302986], +[ 0.49671415 -0.1382643   0.64768854  1.52302986], 3.313, 3.279, +[ 0.49671415 -0.1382643   0.64768854  1.52302986], 3.313, 3.279, 3.279, +[ 0.49671415 -0.1382643   0.64768854  1.52302986], +[ 0.49671415 -0.1382643   0.64768854  1.52302986], 3.313, 3.279, +[ 0.49671415 -0.1382643   0.64768854  1.52302986], +[ 0.49671415 -0.1382643   0.64768854  1.52302986], +[ 0.49671415 -0.1382643   0.64768854  1.52302986], +[ 0.49671415 -0.1382643   0.64768854  1.52302986], 3.313, 3.279, 3.279, 3.279, +[ 0.49671415 -0.1382643   0.64768854  1.52302986], 3.279, 3.279, +[ 0.49671415 -0.1382643   0.64768854  1.52302986], +[ 0.49671415 -0.1382643   0.64768854  1.52302986], +[ 0.49671415 -0.1382643   0.64768854  1.52302986], 3.313, 3.279, +[ 0.49671415 -0.1382643   0.64768854  1.52302986], +[ 0.49671415 -0.1382643   0.64768854  1.52302986], 3.313, 3.279, +[ 0.49671415 -0.1382643   0.64768854  1.52302986], +[ 0.49671415 -0.1382643   0.64768854  1.52302986], +[ 0.49671415 -0.1382643   0.64768854  1.52302986], 3.313, 3.279, 3.279, 3.279, +[ 0.49671415 -0.1382643   0.64768854  1.52302986], 3.313, +[ 0.49671415 -0.1382643   0.64768854  1.52302986], +[ 0.49671415 -0.1382643   0.64768854  1.52302986], 3.313, 3.279, 3.279]
Training
	MSE:24776.971
	Rsquared:-3.017
Test:
	MSE:24245.753
	Rsquared:-3.26
5.162938117980957