generations_elite-fitness_number-of-evaluations_time
0_27924.064_64_0.030674457550048828
1_27924.064_128_0.25768446922302246
2_27924.064_192_0.33884739875793457
3_27871.612_256_0.37726831436157227
4_27871.612_320_0.3934330940246582
5_27318.131_384_0.41614770889282227
6_27284.628_448_0.4462871551513672
7_26908.738_512_0.48033857345581055
8_26908.738_576_0.5289175510406494
9_26680.924_640_0.5895905494689941
10_26511.316_704_0.6669299602508545
11_26108.333_768_0.7608389854431152
12_25827.212_832_0.8820013999938965
13_25803.167_896_1.0254802703857422
14_25263.922_960_1.2129623889923096
15_25263.922_1024_1.4624981880187988
16_25109.799_1088_1.887794017791748
17_25088.684_1152_2.2322027683258057
18_24719.274_1216_2.6367926597595215
19_24719.274_1277_3.288431167602539
20_24450.329_1340_3.8456532955169678
21_24259.449_1403_4.411680459976196
22_24259.449_1464_5.157246112823486
23_24163.791_1522_6.05708909034729
24_24163.791_1584_6.741394758224487
25_24163.791_1645_7.646633625030518
26_24163.791_1704_8.440979480743408
27_24163.791_1763_9.390728950500488
28_24163.791_1823_10.393795013427734
Function found (99nodes ):
	[+[ 0.49671415 -0.1382643   0.64768854  1.52302986], +[ 0.49671415 -0.1382643   0.64768854  1.52302986], +[ 0.49671415 -0.1382643   0.64768854  1.52302986], +[ 0.49671415 -0.1382643   0.64768854  1.52302986], +[ 0.49671415 -0.1382643   0.64768854  1.52302986], 4.735, 4.735, +[ 0.49671415 -0.1382643   0.64768854  1.52302986], 4.735, +[ 0.49671415 -0.1382643   0.64768854  1.52302986], 4.735, 1.816, +[ 0.49671415 -0.1382643   0.64768854  1.52302986], 4.735, +[ 0.49671415 -0.1382643   0.64768854  1.52302986], 4.735, 4.735, +[ 0.49671415 -0.1382643   0.64768854  1.52302986], 4.735, +[ 0.49671415 -0.1382643   0.64768854  1.52302986], 4.735, +[ 0.49671415 -0.1382643   0.64768854  1.52302986], 4.735, +[ 0.49671415 -0.1382643   0.64768854  1.52302986], 4.735, 1.816, +[ 0.49671415 -0.1382643   0.64768854  1.52302986], +[ 0.49671415 -0.1382643   0.64768854  1.52302986], 4.735, +[ 0.49671415 -0.1382643   0.64768854  1.52302986], +[ 0.49671415 -0.1382643   0.64768854  1.52302986], +[ 0.49671415 -0.1382643   0.64768854  1.52302986], 4.735, 4.735, +[ 0.49671415 -0.1382643   0.64768854  1.52302986], 4.735, +[ 0.49671415 -0.1382643   0.64768854  1.52302986], 4.735, 1.816, +[ 0.49671415 -0.1382643   0.64768854  1.52302986], 4.735, +[ 0.49671415 -0.1382643   0.64768854  1.52302986], 4.735, +[ 0.49671415 -0.1382643   0.64768854  1.52302986], 4.735, +[ 0.49671415 -0.1382643   0.64768854  1.52302986], +[ 0.49671415 -0.1382643   0.64768854  1.52302986], +[ 0.49671415 -0.1382643   0.64768854  1.52302986], 4.735, 4.735, +[ 0.49671415 -0.1382643   0.64768854  1.52302986], 4.735, +[ 0.49671415 -0.1382643   0.64768854  1.52302986], 4.735, 1.816, +[ 0.49671415 -0.1382643   0.64768854  1.52302986], 4.735, +[ 0.49671415 -0.1382643   0.64768854  1.52302986], 4.735, 4.735, +[ 0.49671415 -0.1382643   0.64768854  1.52302986], +[ 0.49671415 -0.1382643   0.64768854  1.52302986], +[ 0.49671415 -0.1382643   0.64768854  1.52302986], +[ 0.49671415 -0.1382643   0.64768854  1.52302986], +[ 0.49671415 -0.1382643   0.64768854  1.52302986], 4.735, 4.735, +[ 0.49671415 -0.1382643   0.64768854  1.52302986], 4.735, +[ 0.49671415 -0.1382643   0.64768854  1.52302986], 4.735, 1.816, +[ 0.49671415 -0.1382643   0.64768854  1.52302986], 4.735, +[ 0.49671415 -0.1382643   0.64768854  1.52302986], 4.735, 4.735, +[ 0.49671415 -0.1382643   0.64768854  1.52302986], +[ 0.49671415 -0.1382643   0.64768854  1.52302986], +[ 0.49671415 -0.1382643   0.64768854  1.52302986], 4.735, 4.735, +[ 0.49671415 -0.1382643   0.64768854  1.52302986], 4.735, +[ 0.49671415 -0.1382643   0.64768854  1.52302986], 4.735, +[ 0.49671415 -0.1382643   0.64768854  1.52302986], 4.735, 4.735, +[ 0.49671415 -0.1382643   0.64768854  1.52302986], 4.735, +[ 0.49671415 -0.1382643   0.64768854  1.52302986], 4.735, 4.735, +[ 0.49671415 -0.1382643   0.64768854  1.52302986], 4.735, +[ 0.49671415 -0.1382643   0.64768854  1.52302986], 4.735, 1.816]
Training
	MSE:24163.791
	Rsquared:-2.918
Test:
	MSE:23633.496
	Rsquared:-3.152
10.394049167633057