generations_elite-fitness_number-of-evaluations_time
0_27775.981_128_0.04664278030395508
1_27775.981_256_0.1577167510986328
2_27775.981_384_0.27857494354248047
3_27760.632_512_0.3921627998352051
4_27312.927_640_0.6800329685211182
5_26979.666_768_0.8687434196472168
6_26861.514_896_1.1108927726745605
7_26558.681_1024_1.3974897861480713
8_26513.272_1152_1.737450122833252
9_26172.252_1280_2.2904765605926514
10_26012.656_1408_2.8668582439422607
11_26012.656_1536_3.684297561645508
12_25816.808_1664_4.517009735107422
13_25580.175_1791_5.576267242431641
14_25427.936_1919_6.84298849105835
15_25427.936_2038_8.336454153060913
16_25246.813_2153_9.91060495376587
17_25134.186_2267_11.6382577419281
18_25089.506_2379_13.384893894195557
19_25089.341_2495_15.307081699371338
Function found (81nodes ):
	[+[ 0.49671415 -0.1382643   0.64768854  1.52302986], +[ 0.49671415 -0.1382643   0.64768854  1.52302986], +[ 0.49671415 -0.1382643   0.64768854  1.52302986], +[ 0.49671415 -0.1382643   0.64768854  1.52302986], +[ 0.49671415 -0.1382643   0.64768854  1.52302986], x9, 3.969, 3.82, +[ 0.49671415 -0.1382643   0.64768854  1.52302986], +[ 0.49671415 -0.1382643   0.64768854  1.52302986], x9, 3.969, +[ 0.49671415 -0.1382643   0.64768854  1.52302986], +[ 0.49671415 -0.1382643   0.64768854  1.52302986], 1.922, 3.969, 3.969, +[ 0.49671415 -0.1382643   0.64768854  1.52302986], 3.969, +[ 0.49671415 -0.1382643   0.64768854  1.52302986], +[ 0.49671415 -0.1382643   0.64768854  1.52302986], +[ 0.49671415 -0.1382643   0.64768854  1.52302986], +[ 0.49671415 -0.1382643   0.64768854  1.52302986], x9, 3.969, 3.82, +[ 0.49671415 -0.1382643   0.64768854  1.52302986], +[ 0.49671415 -0.1382643   0.64768854  1.52302986], x9, 3.969, +[ 0.49671415 -0.1382643   0.64768854  1.52302986], +[ 0.49671415 -0.1382643   0.64768854  1.52302986], 1.922, 3.969, 3.969, +[ 0.49671415 -0.1382643   0.64768854  1.52302986], 3.969, 3.82, +[ 0.49671415 -0.1382643   0.64768854  1.52302986], +[ 0.49671415 -0.1382643   0.64768854  1.52302986], +[ 0.49671415 -0.1382643   0.64768854  1.52302986], +[ 0.49671415 -0.1382643   0.64768854  1.52302986], x9, 3.969, 3.82, +[ 0.49671415 -0.1382643   0.64768854  1.52302986], +[ 0.49671415 -0.1382643   0.64768854  1.52302986], x9, 3.969, +[ 0.49671415 -0.1382643   0.64768854  1.52302986], +[ 0.49671415 -0.1382643   0.64768854  1.52302986], 1.922, 3.969, 3.969, +[ 0.49671415 -0.1382643   0.64768854  1.52302986], +[ 0.49671415 -0.1382643   0.64768854  1.52302986], x9, 3.969, +[ 0.49671415 -0.1382643   0.64768854  1.52302986], +[ 0.49671415 -0.1382643   0.64768854  1.52302986], 1.922, +[ 0.49671415 -0.1382643   0.64768854  1.52302986], +[ 0.49671415 -0.1382643   0.64768854  1.52302986], x9, +[ 0.49671415 -0.1382643   0.64768854  1.52302986], +[ 0.49671415 -0.1382643   0.64768854  1.52302986], +[ 0.49671415 -0.1382643   0.64768854  1.52302986], 1.922, +[ 0.49671415 -0.1382643   0.64768854  1.52302986], +[ 0.49671415 -0.1382643   0.64768854  1.52302986], 3.969, 3.82, 3.82, 3.969, +[ 0.49671415 -0.1382643   0.64768854  1.52302986], +[ 0.49671415 -0.1382643   0.64768854  1.52302986], x9, x2, 3.82, 3.82, 3.969]
Training
	MSE:25089.341
	Rsquared:-3.068
Test:
	MSE:24557.906
	Rsquared:-3.314
15.307222127914429