generations_elite-fitness_number-of-evaluations_time
0_27002.19_64_0.022894859313964844
1_26433.876_128_0.07235217094421387
2_26433.876_192_0.12415909767150879
3_26433.876_256_0.17652678489685059
4_26433.876_320_0.23423433303833008
5_26433.876_384_0.2831559181213379
6_26433.876_448_0.3160831928253174
7_26433.876_512_0.35346317291259766
8_26433.876_576_0.3929440975189209
9_26433.876_640_0.4379308223724365
10_26433.876_704_0.48587822914123535
11_26297.986_768_0.5375046730041504
12_26297.986_832_0.5813741683959961
13_26297.986_896_0.6378121376037598
14_26297.986_960_0.6977474689483643
15_26297.986_1024_0.7643101215362549
16_26061.929_1088_0.8415448665618896
17_25903.293_1152_0.931020975112915
18_25699.077_1216_1.0597929954528809
19_25639.505_1280_1.1968379020690918
20_25330.712_1344_1.3730688095092773
21_25330.712_1408_1.553605079650879
22_25075.936_1472_1.7363369464874268
23_25075.936_1536_1.9648382663726807
24_25027.654_1600_2.248227834701538
25_24205.309_1664_3.355884313583374
26_24205.309_1728_3.7689740657806396
27_24205.309_1792_4.2271506786346436
28_24205.309_1855_4.818870544433594
29_24205.309_1916_5.381047487258911
Function found (85nodes ):
	[+[ 0.49671415 -0.1382643   0.64768854  1.52302986], +[ 0.49671415 -0.1382643   0.64768854  1.52302986], +[ 0.49671415 -0.1382643   0.64768854  1.52302986], 4.772, +[ 0.49671415 -0.1382643   0.64768854  1.52302986], +[ 0.49671415 -0.1382643   0.64768854  1.52302986], 4.772, +[ 0.49671415 -0.1382643   0.64768854  1.52302986], 4.772, 4.772, +[ 0.49671415 -0.1382643   0.64768854  1.52302986], 4.772, +[ 0.49671415 -0.1382643   0.64768854  1.52302986], 4.772, 4.772, +[ 0.49671415 -0.1382643   0.64768854  1.52302986], +[ 0.49671415 -0.1382643   0.64768854  1.52302986], +[ 0.49671415 -0.1382643   0.64768854  1.52302986], 4.772, +[ 0.49671415 -0.1382643   0.64768854  1.52302986], +[ 0.49671415 -0.1382643   0.64768854  1.52302986], 4.772, +[ 0.49671415 -0.1382643   0.64768854  1.52302986], 4.772, 4.772, +[ 0.49671415 -0.1382643   0.64768854  1.52302986], 4.772, +[ 0.49671415 -0.1382643   0.64768854  1.52302986], 4.772, 4.772, 4.772, +[ 0.49671415 -0.1382643   0.64768854  1.52302986], +[ 0.49671415 -0.1382643   0.64768854  1.52302986], 4.772, +[ 0.49671415 -0.1382643   0.64768854  1.52302986], 4.772, +[ 0.49671415 -0.1382643   0.64768854  1.52302986], 4.772, 4.772, +[ 0.49671415 -0.1382643   0.64768854  1.52302986], 4.772, +[ 0.49671415 -0.1382643   0.64768854  1.52302986], 4.772, +[ 0.49671415 -0.1382643   0.64768854  1.52302986], +[ 0.49671415 -0.1382643   0.64768854  1.52302986], 4.772, +[ 0.49671415 -0.1382643   0.64768854  1.52302986], 4.772, +[ 0.49671415 -0.1382643   0.64768854  1.52302986], 4.772, 4.772, +[ 0.49671415 -0.1382643   0.64768854  1.52302986], 4.772, +[ 0.49671415 -0.1382643   0.64768854  1.52302986], 4.772, +[ 0.49671415 -0.1382643   0.64768854  1.52302986], 4.772, 4.772, +[ 0.49671415 -0.1382643   0.64768854  1.52302986], +[ 0.49671415 -0.1382643   0.64768854  1.52302986], 4.772, +[ 0.49671415 -0.1382643   0.64768854  1.52302986], 4.772, +[ 0.49671415 -0.1382643   0.64768854  1.52302986], 4.772, 4.772, +[ 0.49671415 -0.1382643   0.64768854  1.52302986], 4.772, +[ 0.49671415 -0.1382643   0.64768854  1.52302986], 4.772, +[ 0.49671415 -0.1382643   0.64768854  1.52302986], +[ 0.49671415 -0.1382643   0.64768854  1.52302986], 4.772, +[ 0.49671415 -0.1382643   0.64768854  1.52302986], 4.772, +[ 0.49671415 -0.1382643   0.64768854  1.52302986], 4.772, 4.772, +[ 0.49671415 -0.1382643   0.64768854  1.52302986], 4.772, +[ 0.49671415 -0.1382643   0.64768854  1.52302986], 4.772, +[ 0.49671415 -0.1382643   0.64768854  1.52302986], 4.772, 4.772]
Training
	MSE:24205.309
	Rsquared:-2.925
Test:
	MSE:23674.95
	Rsquared:-3.159
5.381171703338623