generations_elite-fitness_number-of-evaluations_time
0_27971.881_64_0.016762495040893555
1_27971.881_128_0.05975961685180664
2_27703.968_192_0.10616493225097656
3_27398.883_256_0.1524653434753418
4_27029.455_320_0.22582054138183594
5_26529.205_384_0.47309303283691406
6_26498.719_448_0.6059343814849854
7_26125.863_512_0.7992663383483887
8_25864.46_576_1.077481746673584
9_25650.022_640_1.452765941619873
10_25501.755_701_2.0618367195129395
11_25363.749_762_2.7010245323181152
12_25363.749_819_3.5206315517425537
13_25023.136_871_4.299796104431152
14_25007.775_922_5.229082345962524
15_24927.963_971_6.298760175704956
16_24905.432_1020_7.438532590866089
17_24869.63_1061_8.474775791168213
18_24862.338_1098_9.660478115081787
19_24844.755_1138_10.831725358963013
Function found (95nodes ):
	[+[ 0.49671415 -0.1382643   0.64768854  1.52302986], +[ 0.49671415 -0.1382643   0.64768854  1.52302986], +[ 0.49671415 -0.1382643   0.64768854  1.52302986], +[ 0.49671415 -0.1382643   0.64768854  1.52302986], +[ 0.49671415 -0.1382643   0.64768854  1.52302986], +[ 0.49671415 -0.1382643   0.64768854  1.52302986], +[ 0.49671415 -0.1382643   0.64768854  1.52302986], +[ 0.49671415 -0.1382643   0.64768854  1.52302986], 2.24, x7, 4.024, 4.024, 4.024, +[ 0.49671415 -0.1382643   0.64768854  1.52302986], x5, 4.024, 3.261, +[ 0.49671415 -0.1382643   0.64768854  1.52302986], +[ 0.49671415 -0.1382643   0.64768854  1.52302986], +[ 0.49671415 -0.1382643   0.64768854  1.52302986], +[ 0.49671415 -0.1382643   0.64768854  1.52302986], +[ 0.49671415 -0.1382643   0.64768854  1.52302986], 4.024, 4.024, 3.261, 4.024, 3.261, +[ 0.49671415 -0.1382643   0.64768854  1.52302986], +[ 0.49671415 -0.1382643   0.64768854  1.52302986], +[ 0.49671415 -0.1382643   0.64768854  1.52302986], 3.871, +[ 0.49671415 -0.1382643   0.64768854  1.52302986], 3.871, /[ 0.24196227 -1.91328024 -1.72491783 -0.56228753], x7, x4, +[ 0.49671415 -0.1382643   0.64768854  1.52302986], 3.871, +[ 0.49671415 -0.1382643   0.64768854  1.52302986], 4.024, +[ 0.49671415 -0.1382643   0.64768854  1.52302986], 3.871, /[ 0.24196227 -1.91328024 -1.72491783 -0.56228753], 4.024, x4, 4.024, +[ 0.49671415 -0.1382643   0.64768854  1.52302986], +[ 0.49671415 -0.1382643   0.64768854  1.52302986], +[ 0.49671415 -0.1382643   0.64768854  1.52302986], 3.871, +[ 0.49671415 -0.1382643   0.64768854  1.52302986], 3.871, /[ 0.24196227 -1.91328024 -1.72491783 -0.56228753], x7, x4, +[ 0.49671415 -0.1382643   0.64768854  1.52302986], 3.871, /[ 0.24196227 -1.91328024 -1.72491783 -0.56228753], x7, x4, +[ 0.49671415 -0.1382643   0.64768854  1.52302986], +[ 0.49671415 -0.1382643   0.64768854  1.52302986], +[ 0.49671415 -0.1382643   0.64768854  1.52302986], +[ 0.49671415 -0.1382643   0.64768854  1.52302986], +[ 0.49671415 -0.1382643   0.64768854  1.52302986], 4.024, 4.024, 3.261, 4.024, 3.261, +[ 0.49671415 -0.1382643   0.64768854  1.52302986], +[ 0.49671415 -0.1382643   0.64768854  1.52302986], +[ 0.49671415 -0.1382643   0.64768854  1.52302986], 3.871, +[ 0.49671415 -0.1382643   0.64768854  1.52302986], 3.871, /[ 0.24196227 -1.91328024 -1.72491783 -0.56228753], x7, x4, +[ 0.49671415 -0.1382643   0.64768854  1.52302986], 3.871, +[ 0.49671415 -0.1382643   0.64768854  1.52302986], 4.024, +[ 0.49671415 -0.1382643   0.64768854  1.52302986], 3.871, +[ 0.49671415 -0.1382643   0.64768854  1.52302986], 3.871, /[ 0.24196227 -1.91328024 -1.72491783 -0.56228753], x7, x4, +[ 0.49671415 -0.1382643   0.64768854  1.52302986], +[ 0.49671415 -0.1382643   0.64768854  1.52302986], 2.24, x7, 4.024]
Training
	MSE:24844.755
	Rsquared:-3.028
Test:
	MSE:24314.047
	Rsquared:-3.272
10.831836700439453