generations_elite-fitness_number-of-evaluations_time
0_27384.711_128_0.08148503303527832
1_27384.711_256_0.43676090240478516
2_27342.003_384_0.6631288528442383
3_27050.617_512_0.8117430210113525
4_26888.385_640_0.962578296661377
5_26647.143_768_1.114271879196167
6_26496.955_896_1.2373175621032715
7_26012.703_1024_1.4114582538604736
8_25736.87_1152_1.6257045269012451
9_25537.779_1280_1.9465835094451904
10_25500.893_1408_2.258650302886963
11_24834.748_1536_2.68269419670105
12_24274.127_1664_3.342042922973633
13_24274.127_1791_4.097978591918945
14_23973.536_1917_5.165278911590576
15_23825.172_2037_6.5100953578948975
16_23744.079_2150_8.140464544296265
17_23744.079_2254_10.007720470428467
Function found (99nodes ):
	[+[ 0.49671415 -0.1382643   0.64768854  1.52302986], +[ 0.49671415 -0.1382643   0.64768854  1.52302986], +[ 0.49671415 -0.1382643   0.64768854  1.52302986], -[-0.23415337 -0.23413696  1.57921282  0.76743473], x0, -4.798, +[ 0.49671415 -0.1382643   0.64768854  1.52302986], -[-0.23415337 -0.23413696  1.57921282  0.76743473], x0, -4.798, +[ 0.49671415 -0.1382643   0.64768854  1.52302986], +[ 0.49671415 -0.1382643   0.64768854  1.52302986], -[-0.23415337 -0.23413696  1.57921282  0.76743473], x0, -4.798, -[-0.23415337 -0.23413696  1.57921282  0.76743473], x8, x6, +[ 0.49671415 -0.1382643   0.64768854  1.52302986], -[-0.23415337 -0.23413696  1.57921282  0.76743473], -4.813, -4.813, +[ 0.49671415 -0.1382643   0.64768854  1.52302986], -[-0.23415337 -0.23413696  1.57921282  0.76743473], -4.813, -4.813, -[-0.23415337 -0.23413696  1.57921282  0.76743473], -4.813, -4.798, +[ 0.49671415 -0.1382643   0.64768854  1.52302986], -[-0.23415337 -0.23413696  1.57921282  0.76743473], -4.813, -4.813, +[ 0.49671415 -0.1382643   0.64768854  1.52302986], -[-0.23415337 -0.23413696  1.57921282  0.76743473], -4.813, -4.813, -[-0.23415337 -0.23413696  1.57921282  0.76743473], -4.813, -4.813, +[ 0.49671415 -0.1382643   0.64768854  1.52302986], -[-0.23415337 -0.23413696  1.57921282  0.76743473], -4.813, -4.813, +[ 0.49671415 -0.1382643   0.64768854  1.52302986], +[ 0.49671415 -0.1382643   0.64768854  1.52302986], +[ 0.49671415 -0.1382643   0.64768854  1.52302986], -[-0.23415337 -0.23413696  1.57921282  0.76743473], -4.813, -4.813, +[ 0.49671415 -0.1382643   0.64768854  1.52302986], -[-0.23415337 -0.23413696  1.57921282  0.76743473], -4.813, -4.813, -[-0.23415337 -0.23413696  1.57921282  0.76743473], -4.813, -4.813, +[ 0.49671415 -0.1382643   0.64768854  1.52302986], +[ 0.49671415 -0.1382643   0.64768854  1.52302986], -[-0.23415337 -0.23413696  1.57921282  0.76743473], x0, -4.798, /[ 0.24196227 -1.91328024 -1.72491783 -0.56228753], -4.798, x6, +[ 0.49671415 -0.1382643   0.64768854  1.52302986], -[-0.23415337 -0.23413696  1.57921282  0.76743473], -4.813, -4.813, +[ 0.49671415 -0.1382643   0.64768854  1.52302986], -[-0.23415337 -0.23413696  1.57921282  0.76743473], -4.813, -4.813, -[-0.23415337 -0.23413696  1.57921282  0.76743473], x0, -4.798, +[ 0.49671415 -0.1382643   0.64768854  1.52302986], -[-0.23415337 -0.23413696  1.57921282  0.76743473], x0, -4.798, +[ 0.49671415 -0.1382643   0.64768854  1.52302986], +[ 0.49671415 -0.1382643   0.64768854  1.52302986], -[-0.23415337 -0.23413696  1.57921282  0.76743473], x0, -4.798, /[ 0.24196227 -1.91328024 -1.72491783 -0.56228753], -4.798, x6, +[ 0.49671415 -0.1382643   0.64768854  1.52302986], -[-0.23415337 -0.23413696  1.57921282  0.76743473], -4.813, -4.813, +[ 0.49671415 -0.1382643   0.64768854  1.52302986], -[-0.23415337 -0.23413696  1.57921282  0.76743473], -4.813, -4.813, -[-0.23415337 -0.23413696  1.57921282  0.76743473], x0, -4.798]
Training
	MSE:23744.079
	Rsquared:-2.85
Test:
	MSE:23213.572
	Rsquared:-3.078
10.007813692092896