generations_elite-fitness_number-of-evaluations_time
0_27864.809_256_0.05340218544006348
1_27864.809_512_0.17157220840454102
2_27601.782_768_0.3138294219970703
3_27212.766_1024_0.42646002769470215
4_27212.766_1280_0.5374279022216797
5_26868.63_1536_0.8865344524383545
6_26592.415_1792_1.1164336204528809
7_26314.436_2048_1.3898282051086426
8_26129.788_2304_1.7243876457214355
9_25905.083_2560_2.1369330883026123
10_25681.722_2816_2.74658465385437
11_25637.352_3072_3.426161050796509
12_25263.767_3328_4.447644472122192
13_25093.132_3584_5.592215299606323
14_25093.132_3840_6.987529754638672
15_24942.055_4093_8.899118423461914
16_24834.451_4340_11.316017389297485
17_24225.146_4587_13.550940752029419
18_24225.146_4831_16.396587371826172
19_24225.146_5075_19.37399387359619
20_24215.754_5309_22.99181604385376
Function found (99nodes ):
	[+[ 0.49671415 -0.1382643   0.64768854  1.52302986], +[ 0.49671415 -0.1382643   0.64768854  1.52302986], 4.936, +[ 0.49671415 -0.1382643   0.64768854  1.52302986], +[ 0.49671415 -0.1382643   0.64768854  1.52302986], 4.936, /[ 0.24196227 -1.91328024 -1.72491783 -0.56228753], -4.698, x2, +[ 0.49671415 -0.1382643   0.64768854  1.52302986], +[ 0.49671415 -0.1382643   0.64768854  1.52302986], 2.971, +[ 0.49671415 -0.1382643   0.64768854  1.52302986], 4.936, 4.936, +[ 0.49671415 -0.1382643   0.64768854  1.52302986], +[ 0.49671415 -0.1382643   0.64768854  1.52302986], 4.936, /[ 0.24196227 -1.91328024 -1.72491783 -0.56228753], -4.698, x2, +[ 0.49671415 -0.1382643   0.64768854  1.52302986], +[ 0.49671415 -0.1382643   0.64768854  1.52302986], 4.936, +[ 0.49671415 -0.1382643   0.64768854  1.52302986], 4.936, 4.936, +[ 0.49671415 -0.1382643   0.64768854  1.52302986], +[ 0.49671415 -0.1382643   0.64768854  1.52302986], 4.936, /[ 0.24196227 -1.91328024 -1.72491783 -0.56228753], -4.698, x2, +[ 0.49671415 -0.1382643   0.64768854  1.52302986], +[ 0.49671415 -0.1382643   0.64768854  1.52302986], 2.971, +[ 0.49671415 -0.1382643   0.64768854  1.52302986], 4.936, 4.936, 4.936, +[ 0.49671415 -0.1382643   0.64768854  1.52302986], +[ 0.49671415 -0.1382643   0.64768854  1.52302986], +[ 0.49671415 -0.1382643   0.64768854  1.52302986], +[ 0.49671415 -0.1382643   0.64768854  1.52302986], 4.936, /[ 0.24196227 -1.91328024 -1.72491783 -0.56228753], -4.698, x2, +[ 0.49671415 -0.1382643   0.64768854  1.52302986], 4.936, +[ 0.49671415 -0.1382643   0.64768854  1.52302986], +[ 0.49671415 -0.1382643   0.64768854  1.52302986], 4.936, /[ 0.24196227 -1.91328024 -1.72491783 -0.56228753], /[ 0.24196227 -1.91328024 -1.72491783 -0.56228753], 4.936, x2, x2, +[ 0.49671415 -0.1382643   0.64768854  1.52302986], +[ 0.49671415 -0.1382643   0.64768854  1.52302986], 2.971, +[ 0.49671415 -0.1382643   0.64768854  1.52302986], 4.936, 4.936, 4.936, +[ 0.49671415 -0.1382643   0.64768854  1.52302986], 4.936, +[ 0.49671415 -0.1382643   0.64768854  1.52302986], +[ 0.49671415 -0.1382643   0.64768854  1.52302986], 4.936, /[ 0.24196227 -1.91328024 -1.72491783 -0.56228753], -4.698, x2, +[ 0.49671415 -0.1382643   0.64768854  1.52302986], +[ 0.49671415 -0.1382643   0.64768854  1.52302986], 2.971, +[ 0.49671415 -0.1382643   0.64768854  1.52302986], 4.936, 4.936, 4.936, +[ 0.49671415 -0.1382643   0.64768854  1.52302986], +[ 0.49671415 -0.1382643   0.64768854  1.52302986], 4.936, /[ 0.24196227 -1.91328024 -1.72491783 -0.56228753], -4.698, x2, +[ 0.49671415 -0.1382643   0.64768854  1.52302986], +[ 0.49671415 -0.1382643   0.64768854  1.52302986], 4.936, /[ 0.24196227 -1.91328024 -1.72491783 -0.56228753], -4.698, x2, +[ 0.49671415 -0.1382643   0.64768854  1.52302986], +[ 0.49671415 -0.1382643   0.64768854  1.52302986], 2.971, +[ 0.49671415 -0.1382643   0.64768854  1.52302986], 4.936, 4.936, 4.936]
Training
	MSE:24215.754
	Rsquared:-2.926
Test:
	MSE:23668.075
	Rsquared:-3.158
22.99194049835205