generations_elite-fitness_number-of-evaluations_time
0_28375.372_64_0.01993417739868164
1_28375.372_128_0.0664522647857666
2_28375.372_192_0.10796475410461426
3_28298.509_256_0.1370992660522461
4_28176.326_320_0.1581742763519287
5_27790.626_384_0.18553829193115234
6_27742.22_448_0.2279207706451416
7_27452.521_512_0.28240251541137695
8_27007.458_576_0.347212553024292
9_27007.458_640_0.4286928176879883
10_26877.632_704_0.5374324321746826
11_26434.243_768_0.6688535213470459
12_26422.673_832_0.8327968120574951
13_26241.444_896_1.0195038318634033
14_26144.513_960_1.246833086013794
15_26019.617_1024_1.6202733516693115
16_25731.874_1088_1.9715392589569092
17_25709.998_1152_2.403709888458252
18_25702.473_1216_3.0223824977874756
19_25686.308_1279_3.6535398960113525
20_25683.959_1336_4.513763189315796
21_25562.984_1393_5.317948818206787
22_25399.531_1451_6.206120014190674
23_25399.531_1511_7.10254693031311
24_25399.344_1566_7.92759108543396
25_25313.689_1626_8.869808435440063
26_25313.689_1681_9.882085800170898
27_25313.689_1739_10.739391803741455
Function found (99nodes ):
	[+[ 0.49671415 -0.1382643   0.64768854  1.52302986], +[ 0.49671415 -0.1382643   0.64768854  1.52302986], +[ 0.49671415 -0.1382643   0.64768854  1.52302986], +[ 0.49671415 -0.1382643   0.64768854  1.52302986], 3.213, +[ 0.49671415 -0.1382643   0.64768854  1.52302986], 3.213, +[ 0.49671415 -0.1382643   0.64768854  1.52302986], +[ 0.49671415 -0.1382643   0.64768854  1.52302986], x0, 3.213, +[ 0.49671415 -0.1382643   0.64768854  1.52302986], 3.213, 3.213, +[ 0.49671415 -0.1382643   0.64768854  1.52302986], +[ 0.49671415 -0.1382643   0.64768854  1.52302986], +[ 0.49671415 -0.1382643   0.64768854  1.52302986], x0, 3.213, +[ 0.49671415 -0.1382643   0.64768854  1.52302986], +[ 0.49671415 -0.1382643   0.64768854  1.52302986], +[ 0.49671415 -0.1382643   0.64768854  1.52302986], 3.213, 3.213, +[ 0.49671415 -0.1382643   0.64768854  1.52302986], +[ 0.49671415 -0.1382643   0.64768854  1.52302986], +[ 0.49671415 -0.1382643   0.64768854  1.52302986], x0, +[ 0.49671415 -0.1382643   0.64768854  1.52302986], +[ 0.49671415 -0.1382643   0.64768854  1.52302986], 3.213, 3.213, +[ 0.49671415 -0.1382643   0.64768854  1.52302986], +[ 0.49671415 -0.1382643   0.64768854  1.52302986], +[ 0.49671415 -0.1382643   0.64768854  1.52302986], x0, 3.213, 3.213, 3.213, 3.213, 3.213, +[ 0.49671415 -0.1382643   0.64768854  1.52302986], 3.213, +[ 0.49671415 -0.1382643   0.64768854  1.52302986], +[ 0.49671415 -0.1382643   0.64768854  1.52302986], x0, 3.213, +[ 0.49671415 -0.1382643   0.64768854  1.52302986], 3.213, 3.213, 3.213, +[ 0.49671415 -0.1382643   0.64768854  1.52302986], +[ 0.49671415 -0.1382643   0.64768854  1.52302986], +[ 0.49671415 -0.1382643   0.64768854  1.52302986], x0, 3.213, 3.213, 3.213, +[ 0.49671415 -0.1382643   0.64768854  1.52302986], +[ 0.49671415 -0.1382643   0.64768854  1.52302986], +[ 0.49671415 -0.1382643   0.64768854  1.52302986], +[ 0.49671415 -0.1382643   0.64768854  1.52302986], 3.213, 3.213, 3.213, +[ 0.49671415 -0.1382643   0.64768854  1.52302986], +[ 0.49671415 -0.1382643   0.64768854  1.52302986], +[ 0.49671415 -0.1382643   0.64768854  1.52302986], x0, 3.213, 3.213, 3.213, +[ 0.49671415 -0.1382643   0.64768854  1.52302986], +[ 0.49671415 -0.1382643   0.64768854  1.52302986], +[ 0.49671415 -0.1382643   0.64768854  1.52302986], +[ 0.49671415 -0.1382643   0.64768854  1.52302986], +[ 0.49671415 -0.1382643   0.64768854  1.52302986], 3.213, 3.213, +[ 0.49671415 -0.1382643   0.64768854  1.52302986], +[ 0.49671415 -0.1382643   0.64768854  1.52302986], +[ 0.49671415 -0.1382643   0.64768854  1.52302986], x0, 3.213, 3.213, 3.213, +[ 0.49671415 -0.1382643   0.64768854  1.52302986], 3.213, +[ 0.49671415 -0.1382643   0.64768854  1.52302986], +[ 0.49671415 -0.1382643   0.64768854  1.52302986], x0, 3.213, +[ 0.49671415 -0.1382643   0.64768854  1.52302986], 3.213, 3.213, 3.213, +[ 0.49671415 -0.1382643   0.64768854  1.52302986], 3.213, 3.213]
Training
	MSE:25313.689
	Rsquared:-3.104
Test:
	MSE:24781.557
	Rsquared:-3.354
10.739501476287842