generations_elite-fitness_number-of-evaluations_time
0_28171.384_128_0.030352354049682617
1_28026.345_256_0.11592864990234375
2_27999.519_384_0.21986722946166992
3_27461.078_512_0.3253211975097656
4_27447.721_640_0.45322465896606445
5_27176.282_768_0.6150641441345215
6_27042.572_896_0.810997486114502
7_26296.071_1024_1.0605192184448242
8_26231.521_1152_1.510103464126587
9_25889.348_1280_1.963068962097168
10_25325.473_1408_2.5811562538146973
11_25296.158_1536_3.5906448364257812
12_25090.191_1659_4.927250623703003
13_24900.521_1771_6.587547063827515
14_24900.521_1877_8.328921794891357
15_24701.715_1988_10.033797264099121
Function found (85nodes ):
	[+[ 0.49671415 -0.1382643   0.64768854  1.52302986], +[ 0.49671415 -0.1382643   0.64768854  1.52302986], +[ 0.49671415 -0.1382643   0.64768854  1.52302986], +[ 0.49671415 -0.1382643   0.64768854  1.52302986], +[ 0.49671415 -0.1382643   0.64768854  1.52302986], /[ 0.24196227 -1.91328024 -1.72491783 -0.56228753], -2.564, x3, 4.244, 4.244, +[ 0.49671415 -0.1382643   0.64768854  1.52302986], +[ 0.49671415 -0.1382643   0.64768854  1.52302986], +[ 0.49671415 -0.1382643   0.64768854  1.52302986], +[ 0.49671415 -0.1382643   0.64768854  1.52302986], /[ 0.24196227 -1.91328024 -1.72491783 -0.56228753], -2.564, x3, 4.244, 4.244, 4.244, +[ 0.49671415 -0.1382643   0.64768854  1.52302986], /[ 0.24196227 -1.91328024 -1.72491783 -0.56228753], -2.564, x3, +[ 0.49671415 -0.1382643   0.64768854  1.52302986], +[ 0.49671415 -0.1382643   0.64768854  1.52302986], +[ 0.49671415 -0.1382643   0.64768854  1.52302986], 4.244, +[ 0.49671415 -0.1382643   0.64768854  1.52302986], /[ 0.24196227 -1.91328024 -1.72491783 -0.56228753], -2.564, x3, 4.244, 4.244, 4.244, +[ 0.49671415 -0.1382643   0.64768854  1.52302986], +[ 0.49671415 -0.1382643   0.64768854  1.52302986], +[ 0.49671415 -0.1382643   0.64768854  1.52302986], /[ 0.24196227 -1.91328024 -1.72491783 -0.56228753], -2.564, x3, 4.244, 4.244, +[ 0.49671415 -0.1382643   0.64768854  1.52302986], /[ 0.24196227 -1.91328024 -1.72491783 -0.56228753], -2.564, x3, +[ 0.49671415 -0.1382643   0.64768854  1.52302986], +[ 0.49671415 -0.1382643   0.64768854  1.52302986], /[ 0.24196227 -1.91328024 -1.72491783 -0.56228753], -2.564, x0, 4.244, 4.244, +[ 0.49671415 -0.1382643   0.64768854  1.52302986], +[ 0.49671415 -0.1382643   0.64768854  1.52302986], +[ 0.49671415 -0.1382643   0.64768854  1.52302986], /[ 0.24196227 -1.91328024 -1.72491783 -0.56228753], -2.564, x3, 4.244, 4.244, +[ 0.49671415 -0.1382643   0.64768854  1.52302986], +[ 0.49671415 -0.1382643   0.64768854  1.52302986], +[ 0.49671415 -0.1382643   0.64768854  1.52302986], /[ 0.24196227 -1.91328024 -1.72491783 -0.56228753], -2.564, x3, 4.244, 4.244, +[ 0.49671415 -0.1382643   0.64768854  1.52302986], /[ 0.24196227 -1.91328024 -1.72491783 -0.56228753], -2.564, x3, +[ 0.49671415 -0.1382643   0.64768854  1.52302986], +[ 0.49671415 -0.1382643   0.64768854  1.52302986], +[ 0.49671415 -0.1382643   0.64768854  1.52302986], 4.244, +[ 0.49671415 -0.1382643   0.64768854  1.52302986], /[ 0.24196227 -1.91328024 -1.72491783 -0.56228753], -2.564, x3, 4.244, 4.244, 4.244]
Training
	MSE:24701.715
	Rsquared:-3.005
Test:
	MSE:24175.229
	Rsquared:-3.247
10.034099817276001