generations_elite-fitness_number-of-evaluations_time
0_27861.274_64_0.013774394989013672
1_27861.274_128_0.048096418380737305
2_27861.274_192_0.09362387657165527
3_27421.16_256_0.13064265251159668
4_27247.29_320_0.15961313247680664
5_27031.247_384_0.20300674438476562
6_26838.913_448_0.2588362693786621
7_26502.287_512_0.32840657234191895
8_26218.43_576_0.41745734214782715
9_25904.438_640_0.5323176383972168
10_25894.2_704_0.6836020946502686
11_25418.72_768_0.8729891777038574
12_25222.318_832_1.2149364948272705
13_24679.727_896_1.5281641483306885
14_24666.123_960_1.9398458003997803
15_24172.01_1023_2.4324848651885986
16_24172.01_1084_3.066331148147583
17_23760.093_1143_3.7760610580444336
18_23737.546_1202_4.668642282485962
19_23737.546_1254_5.633363723754883
20_23729.866_1309_6.487091064453125
21_23705.96_1361_7.494336366653442
22_23705.96_1412_8.504634857177734
23_23705.96_1464_9.590192079544067
24_23699.721_1514_10.478178024291992
25_23699.721_1563_11.531811237335205
26_23695.352_1615_12.546184301376343
27_23695.352_1663_13.614923000335693
28_23689.114_1714_14.544914245605469
29_23681.524_1765_15.609859943389893
30_23681.524_1814_16.653753757476807
31_23678.909_1870_17.695252656936646
32_23672.571_1927_18.573782205581665
33_23672.571_1972_19.658820152282715
34_23668.534_2021_20.735363721847534
Function found (99nodes ):
	[+[ 0.49671415 -0.1382643   0.64768854  1.52302986], +[ 0.49671415 -0.1382643   0.64768854  1.52302986], +[ 0.49671415 -0.1382643   0.64768854  1.52302986], +[ 0.49671415 -0.1382643   0.64768854  1.52302986], +[ 0.49671415 -0.1382643   0.64768854  1.52302986], 3.745, 4.948, +[ 0.49671415 -0.1382643   0.64768854  1.52302986], 3.745, 4.948, +[ 0.49671415 -0.1382643   0.64768854  1.52302986], +[ 0.49671415 -0.1382643   0.64768854  1.52302986], 3.745, 4.948, +[ 0.49671415 -0.1382643   0.64768854  1.52302986], 3.745, 4.948, +[ 0.49671415 -0.1382643   0.64768854  1.52302986], +[ 0.49671415 -0.1382643   0.64768854  1.52302986], 3.745, 4.948, +[ 0.49671415 -0.1382643   0.64768854  1.52302986], +[ 0.49671415 -0.1382643   0.64768854  1.52302986], +[ 0.49671415 -0.1382643   0.64768854  1.52302986], +[ 0.49671415 -0.1382643   0.64768854  1.52302986], 4.948, 4.948, 4.948, +[ 0.49671415 -0.1382643   0.64768854  1.52302986], 3.745, 4.948, +[ 0.49671415 -0.1382643   0.64768854  1.52302986], +[ 0.49671415 -0.1382643   0.64768854  1.52302986], 4.948, 4.948, +[ 0.49671415 -0.1382643   0.64768854  1.52302986], 3.745, +[ 0.49671415 -0.1382643   0.64768854  1.52302986], 4.948, 4.948, +[ 0.49671415 -0.1382643   0.64768854  1.52302986], +[ 0.49671415 -0.1382643   0.64768854  1.52302986], +[ 0.49671415 -0.1382643   0.64768854  1.52302986], +[ 0.49671415 -0.1382643   0.64768854  1.52302986], +[ 0.49671415 -0.1382643   0.64768854  1.52302986], 3.745, 4.948, 4.948, +[ 0.49671415 -0.1382643   0.64768854  1.52302986], +[ 0.49671415 -0.1382643   0.64768854  1.52302986], 3.745, 4.948, +[ 0.49671415 -0.1382643   0.64768854  1.52302986], 3.745, 4.948, +[ 0.49671415 -0.1382643   0.64768854  1.52302986], +[ 0.49671415 -0.1382643   0.64768854  1.52302986], 3.745, 4.948, +[ 0.49671415 -0.1382643   0.64768854  1.52302986], +[ 0.49671415 -0.1382643   0.64768854  1.52302986], +[ 0.49671415 -0.1382643   0.64768854  1.52302986], +[ 0.49671415 -0.1382643   0.64768854  1.52302986], 3.745, 4.948, 4.948, +[ 0.49671415 -0.1382643   0.64768854  1.52302986], 3.745, 4.948, +[ 0.49671415 -0.1382643   0.64768854  1.52302986], +[ 0.49671415 -0.1382643   0.64768854  1.52302986], 3.745, 4.948, +[ 0.49671415 -0.1382643   0.64768854  1.52302986], 3.745, 4.948, +[ 0.49671415 -0.1382643   0.64768854  1.52302986], +[ 0.49671415 -0.1382643   0.64768854  1.52302986], 4.948, 4.948, +[ 0.49671415 -0.1382643   0.64768854  1.52302986], +[ 0.49671415 -0.1382643   0.64768854  1.52302986], +[ 0.49671415 -0.1382643   0.64768854  1.52302986], +[ 0.49671415 -0.1382643   0.64768854  1.52302986], 3.745, +[ 0.49671415 -0.1382643   0.64768854  1.52302986], 3.745, 4.948, 4.948, +[ 0.49671415 -0.1382643   0.64768854  1.52302986], 4.948, 4.948, +[ 0.49671415 -0.1382643   0.64768854  1.52302986], +[ 0.49671415 -0.1382643   0.64768854  1.52302986], 3.745, 4.948, +[ 0.49671415 -0.1382643   0.64768854  1.52302986], 3.745, 4.948]
Training
	MSE:23668.534
	Rsquared:-2.837
Test:
	MSE:23138.995
	Rsquared:-3.065
20.73548913002014