generations_elite-fitness_number-of-evaluations_time
0_28258.384_64_0.018975496292114258
1_27862.158_128_0.06099510192871094
2_27862.158_192_0.10985827445983887
3_27862.158_256_0.17514300346374512
4_27862.158_320_0.24267864227294922
5_27563.938_384_0.3108365535736084
6_27248.287_448_0.3607311248779297
7_27248.287_512_0.4149634838104248
8_27057.656_576_0.4748196601867676
9_26855.39_640_0.5302929878234863
10_26752.432_704_0.5809323787689209
11_26536.582_768_0.6435449123382568
12_26397.386_832_0.7077474594116211
13_26082.14_896_0.7901732921600342
14_25756.704_960_0.8892045021057129
15_25756.704_1024_1.5769329071044922
16_25687.196_1088_1.7222182750701904
17_25627.054_1152_1.900102138519287
18_25253.749_1216_2.0942676067352295
19_25253.749_1280_2.3445661067962646
20_25253.749_1344_2.682774305343628
21_24078.393_1407_3.25016713142395
22_24078.393_1469_3.808739185333252
23_24054.01_1527_4.585670471191406
24_24046.602_1587_5.284161806106567
25_24029.32_1647_6.084688186645508
26_23963.688_1705_6.817127227783203
27_23956.884_1761_7.762254476547241
28_23921.311_1814_8.741316080093384
29_23901.889_1869_9.572027444839478
30_23901.889_1927_10.516225099563599
31_23900.774_1983_11.530312538146973
32_23871.233_2034_12.442333936691284
33_23871.233_2088_13.389336585998535
34_23871.233_2142_14.417760610580444
35_23871.233_2187_15.534026384353638
36_23871.233_2239_16.475633144378662
37_23871.233_2290_17.538594245910645
38_23871.233_2342_18.61381506919861
39_23871.233_2394_19.683181762695312
40_23871.233_2437_20.651885747909546
Function found (99nodes ):
	[+[ 0.49671415 -0.1382643   0.64768854  1.52302986], +[ 0.49671415 -0.1382643   0.64768854  1.52302986], +[ 0.49671415 -0.1382643   0.64768854  1.52302986], +[ 0.49671415 -0.1382643   0.64768854  1.52302986], +[ 0.49671415 -0.1382643   0.64768854  1.52302986], 4.945, +[ 0.49671415 -0.1382643   0.64768854  1.52302986], +[ 0.49671415 -0.1382643   0.64768854  1.52302986], 4.945, +[ 0.49671415 -0.1382643   0.64768854  1.52302986], 4.945, 4.945, 4.945, +[ 0.49671415 -0.1382643   0.64768854  1.52302986], 4.945, +[ 0.49671415 -0.1382643   0.64768854  1.52302986], +[ 0.49671415 -0.1382643   0.64768854  1.52302986], 4.945, +[ 0.49671415 -0.1382643   0.64768854  1.52302986], 4.945, 4.945, 4.945, +[ 0.49671415 -0.1382643   0.64768854  1.52302986], 4.945, +[ 0.49671415 -0.1382643   0.64768854  1.52302986], +[ 0.49671415 -0.1382643   0.64768854  1.52302986], 4.945, +[ 0.49671415 -0.1382643   0.64768854  1.52302986], 4.945, 4.945, 4.945, +[ 0.49671415 -0.1382643   0.64768854  1.52302986], 4.945, +[ 0.49671415 -0.1382643   0.64768854  1.52302986], +[ 0.49671415 -0.1382643   0.64768854  1.52302986], 4.945, +[ 0.49671415 -0.1382643   0.64768854  1.52302986], +[ 0.49671415 -0.1382643   0.64768854  1.52302986], 4.945, +[ 0.49671415 -0.1382643   0.64768854  1.52302986], 4.945, 4.945, 4.945, 4.945, +[ 0.49671415 -0.1382643   0.64768854  1.52302986], +[ 0.49671415 -0.1382643   0.64768854  1.52302986], 4.945, +[ 0.49671415 -0.1382643   0.64768854  1.52302986], 4.945, +[ 0.49671415 -0.1382643   0.64768854  1.52302986], +[ 0.49671415 -0.1382643   0.64768854  1.52302986], 4.945, +[ 0.49671415 -0.1382643   0.64768854  1.52302986], 4.945, 4.945, +[ 0.49671415 -0.1382643   0.64768854  1.52302986], +[ 0.49671415 -0.1382643   0.64768854  1.52302986], 4.945, +[ 0.49671415 -0.1382643   0.64768854  1.52302986], 4.945, 4.945, 4.945, +[ 0.49671415 -0.1382643   0.64768854  1.52302986], +[ 0.49671415 -0.1382643   0.64768854  1.52302986], 4.945, +[ 0.49671415 -0.1382643   0.64768854  1.52302986], +[ 0.49671415 -0.1382643   0.64768854  1.52302986], 4.945, +[ 0.49671415 -0.1382643   0.64768854  1.52302986], 4.945, 4.945, 4.945, +[ 0.49671415 -0.1382643   0.64768854  1.52302986], +[ 0.49671415 -0.1382643   0.64768854  1.52302986], 4.945, +[ 0.49671415 -0.1382643   0.64768854  1.52302986], +[ 0.49671415 -0.1382643   0.64768854  1.52302986], 4.945, +[ 0.49671415 -0.1382643   0.64768854  1.52302986], 4.945, 4.945, +[ 0.49671415 -0.1382643   0.64768854  1.52302986], 4.945, +[ 0.49671415 -0.1382643   0.64768854  1.52302986], +[ 0.49671415 -0.1382643   0.64768854  1.52302986], 4.945, +[ 0.49671415 -0.1382643   0.64768854  1.52302986], 4.945, 4.945, 4.945, +[ 0.49671415 -0.1382643   0.64768854  1.52302986], +[ 0.49671415 -0.1382643   0.64768854  1.52302986], +[ 0.49671415 -0.1382643   0.64768854  1.52302986], 4.945, 4.945, +[ 0.49671415 -0.1382643   0.64768854  1.52302986], 4.945, 4.945, 4.945]
Training
	MSE:23871.233
	Rsquared:-2.87
Test:
	MSE:23341.383
	Rsquared:-3.101
20.652014017105103