generations_elite-fitness_number-of-evaluations_time
0_27911.676_64_0.02846240997314453
1_27911.676_128_0.10126686096191406
2_27911.676_192_0.18955445289611816
3_27905.476_256_0.26997947692871094
4_27571.703_320_0.3194901943206787
5_27304.153_384_0.3608107566833496
6_26915.26_448_0.4348313808441162
7_26619.463_512_0.7409584522247314
8_26429.012_576_0.8545858860015869
9_26273.805_640_0.9888837337493896
10_25995.432_704_1.1504590511322021
11_25536.07_768_1.3250987529754639
12_25231.186_832_1.56880784034729
13_25109.216_896_1.8770935535430908
14_24846.858_960_2.381927013397217
15_24634.722_1022_2.876086950302124
16_24495.87_1084_3.5010783672332764
17_24253.987_1141_4.31397008895874
18_24245.373_1202_5.213196277618408
19_24245.373_1250_6.116040468215942
20_24244.448_1304_7.1684410572052
21_24228.047_1356_8.315086603164673
22_24011.398_1407_9.534558057785034
23_24011.398_1457_10.578810691833496
24_24011.398_1503_11.789177179336548
25_24011.398_1554_13.015591859817505
26_24011.398_1597_14.290535688400269
27_24011.398_1637_15.545174837112427
Function found (91nodes ):
	[+[ 0.49671415 -0.1382643   0.64768854  1.52302986], +[ 0.49671415 -0.1382643   0.64768854  1.52302986], +[ 0.49671415 -0.1382643   0.64768854  1.52302986], +[ 0.49671415 -0.1382643   0.64768854  1.52302986], 4.777, +[ 0.49671415 -0.1382643   0.64768854  1.52302986], 4.777, 4.777, +[ 0.49671415 -0.1382643   0.64768854  1.52302986], +[ 0.49671415 -0.1382643   0.64768854  1.52302986], 4.777, +[ 0.49671415 -0.1382643   0.64768854  1.52302986], 4.777, 4.777, +[ 0.49671415 -0.1382643   0.64768854  1.52302986], 4.777, 4.777, +[ 0.49671415 -0.1382643   0.64768854  1.52302986], +[ 0.49671415 -0.1382643   0.64768854  1.52302986], 4.777, +[ 0.49671415 -0.1382643   0.64768854  1.52302986], 4.777, 4.777, +[ 0.49671415 -0.1382643   0.64768854  1.52302986], 4.777, 4.777, +[ 0.49671415 -0.1382643   0.64768854  1.52302986], +[ 0.49671415 -0.1382643   0.64768854  1.52302986], +[ 0.49671415 -0.1382643   0.64768854  1.52302986], +[ 0.49671415 -0.1382643   0.64768854  1.52302986], 4.777, +[ 0.49671415 -0.1382643   0.64768854  1.52302986], +[ 0.49671415 -0.1382643   0.64768854  1.52302986], +[ 0.49671415 -0.1382643   0.64768854  1.52302986], 4.777, +[ 0.49671415 -0.1382643   0.64768854  1.52302986], 4.777, 4.777, +[ 0.49671415 -0.1382643   0.64768854  1.52302986], 4.777, 4.777, 4.777, +[ 0.49671415 -0.1382643   0.64768854  1.52302986], 4.777, +[ 0.49671415 -0.1382643   0.64768854  1.52302986], +[ 0.49671415 -0.1382643   0.64768854  1.52302986], 4.777, +[ 0.49671415 -0.1382643   0.64768854  1.52302986], +[ 0.49671415 -0.1382643   0.64768854  1.52302986], +[ 0.49671415 -0.1382643   0.64768854  1.52302986], 4.777, 4.777, 4.777, 4.777, +[ 0.49671415 -0.1382643   0.64768854  1.52302986], 4.777, 4.777, +[ 0.49671415 -0.1382643   0.64768854  1.52302986], +[ 0.49671415 -0.1382643   0.64768854  1.52302986], +[ 0.49671415 -0.1382643   0.64768854  1.52302986], 4.456, 4.777, +[ 0.49671415 -0.1382643   0.64768854  1.52302986], +[ 0.49671415 -0.1382643   0.64768854  1.52302986], 4.777, +[ 0.49671415 -0.1382643   0.64768854  1.52302986], 4.777, 4.777, 4.777, +[ 0.49671415 -0.1382643   0.64768854  1.52302986], +[ 0.49671415 -0.1382643   0.64768854  1.52302986], 4.777, +[ 0.49671415 -0.1382643   0.64768854  1.52302986], 4.777, 4.777, +[ 0.49671415 -0.1382643   0.64768854  1.52302986], 4.777, 4.777, +[ 0.49671415 -0.1382643   0.64768854  1.52302986], +[ 0.49671415 -0.1382643   0.64768854  1.52302986], 4.777, +[ 0.49671415 -0.1382643   0.64768854  1.52302986], +[ 0.49671415 -0.1382643   0.64768854  1.52302986], +[ 0.49671415 -0.1382643   0.64768854  1.52302986], 4.777, 4.777, 4.777, 4.777, +[ 0.49671415 -0.1382643   0.64768854  1.52302986], 4.777, 4.777]
Training
	MSE:24011.398
	Rsquared:-2.893
Test:
	MSE:23481.334
	Rsquared:-3.125
15.545300245285034