generations_elite-fitness_number-of-evaluations_time
0_28009.698_64_0.022965431213378906
1_28009.698_128_0.0747685432434082
2_27714.57_192_0.1274552345275879
3_27714.57_256_0.18131017684936523
4_27476.102_320_0.23675084114074707
5_27476.102_384_0.2719898223876953
6_27405.016_448_0.3142836093902588
7_27027.565_512_0.37935304641723633
8_26884.065_576_0.45752620697021484
9_26441.092_640_0.5430188179016113
10_26390.75_704_0.6359109878540039
11_26390.75_768_0.7422888278961182
12_26083.874_832_0.8707590103149414
13_26083.874_896_1.028745412826538
14_26074.181_960_1.7914462089538574
15_25940.72_1024_2.0246458053588867
16_25766.769_1088_2.294440507888794
17_25447.108_1152_2.615074396133423
18_25447.108_1215_3.005347490310669
19_25196.343_1274_3.5939645767211914
20_25196.343_1336_4.199965715408325
21_25152.72_1397_4.954630136489868
22_25080.079_1454_5.680612802505493
Function found (85nodes ):
	[+[ 0.49671415 -0.1382643   0.64768854  1.52302986], +[ 0.49671415 -0.1382643   0.64768854  1.52302986], 3.206, +[ 0.49671415 -0.1382643   0.64768854  1.52302986], +[ 0.49671415 -0.1382643   0.64768854  1.52302986], +[ 0.49671415 -0.1382643   0.64768854  1.52302986], 3.206, +[ 0.49671415 -0.1382643   0.64768854  1.52302986], 3.206, 3.813, +[ 0.49671415 -0.1382643   0.64768854  1.52302986], +[ 0.49671415 -0.1382643   0.64768854  1.52302986], 3.206, 3.813, +[ 0.49671415 -0.1382643   0.64768854  1.52302986], +[ 0.49671415 -0.1382643   0.64768854  1.52302986], 3.206, 3.813, +[ 0.49671415 -0.1382643   0.64768854  1.52302986], 3.206, +[ 0.49671415 -0.1382643   0.64768854  1.52302986], 3.206, 3.813, +[ 0.49671415 -0.1382643   0.64768854  1.52302986], 3.206, +[ 0.49671415 -0.1382643   0.64768854  1.52302986], 3.206, 3.813, +[ 0.49671415 -0.1382643   0.64768854  1.52302986], +[ 0.49671415 -0.1382643   0.64768854  1.52302986], +[ 0.49671415 -0.1382643   0.64768854  1.52302986], 3.206, 3.813, +[ 0.49671415 -0.1382643   0.64768854  1.52302986], +[ 0.49671415 -0.1382643   0.64768854  1.52302986], 3.206, 3.813, +[ 0.49671415 -0.1382643   0.64768854  1.52302986], +[ 0.49671415 -0.1382643   0.64768854  1.52302986], +[ 0.49671415 -0.1382643   0.64768854  1.52302986], 3.206, 3.813, +[ 0.49671415 -0.1382643   0.64768854  1.52302986], 3.206, +[ 0.49671415 -0.1382643   0.64768854  1.52302986], +[ 0.49671415 -0.1382643   0.64768854  1.52302986], 3.206, 3.813, +[ 0.49671415 -0.1382643   0.64768854  1.52302986], 3.206, +[ 0.49671415 -0.1382643   0.64768854  1.52302986], 3.206, 3.813, 3.813, +[ 0.49671415 -0.1382643   0.64768854  1.52302986], 3.206, +[ 0.49671415 -0.1382643   0.64768854  1.52302986], 3.206, +[ 0.49671415 -0.1382643   0.64768854  1.52302986], +[ 0.49671415 -0.1382643   0.64768854  1.52302986], 3.206, +[ 0.49671415 -0.1382643   0.64768854  1.52302986], 3.206, 3.813, +[ 0.49671415 -0.1382643   0.64768854  1.52302986], +[ 0.49671415 -0.1382643   0.64768854  1.52302986], +[ 0.49671415 -0.1382643   0.64768854  1.52302986], 3.206, 3.813, +[ 0.49671415 -0.1382643   0.64768854  1.52302986], +[ 0.49671415 -0.1382643   0.64768854  1.52302986], 3.206, 3.813, +[ 0.49671415 -0.1382643   0.64768854  1.52302986], 3.206, 3.813, +[ 0.49671415 -0.1382643   0.64768854  1.52302986], 3.206, +[ 0.49671415 -0.1382643   0.64768854  1.52302986], 3.206, +[ 0.49671415 -0.1382643   0.64768854  1.52302986], 3.206, +[ 0.49671415 -0.1382643   0.64768854  1.52302986], 3.813, 3.813]
Training
	MSE:25080.079
	Rsquared:-3.066
Test:
	MSE:24548.41
	Rsquared:-3.313
5.680744171142578