generations_elite-fitness_number-of-evaluations_time
0_28072.63_128_0.053148746490478516
1_27885.731_256_0.16771721839904785
2_27885.731_384_0.3195223808288574
3_27501.741_512_0.45932888984680176
4_27108.786_640_0.8489298820495605
5_26950.389_768_0.9966647624969482
6_26586.513_896_1.1500287055969238
7_26248.833_1024_1.3171074390411377
8_25819.69_1152_1.5300383567810059
9_25776.675_1280_1.793184518814087
10_25315.962_1408_2.1457407474517822
11_25013.479_1536_2.6735928058624268
12_24771.547_1664_3.256657123565674
13_24520.883_1792_4.128350019454956
14_24047.967_1918_5.267641544342041
Function found (93nodes ):
	[+[ 0.49671415 -0.1382643   0.64768854  1.52302986], +[ 0.49671415 -0.1382643   0.64768854  1.52302986], +[ 0.49671415 -0.1382643   0.64768854  1.52302986], +[ 0.49671415 -0.1382643   0.64768854  1.52302986], 4.865, 4.865, +[ 0.49671415 -0.1382643   0.64768854  1.52302986], 4.865, 4.865, +[ 0.49671415 -0.1382643   0.64768854  1.52302986], +[ 0.49671415 -0.1382643   0.64768854  1.52302986], +[ 0.49671415 -0.1382643   0.64768854  1.52302986], 4.865, 4.865, +[ 0.49671415 -0.1382643   0.64768854  1.52302986], 4.865, 4.865, +[ 0.49671415 -0.1382643   0.64768854  1.52302986], +[ 0.49671415 -0.1382643   0.64768854  1.52302986], 4.865, +[ 0.49671415 -0.1382643   0.64768854  1.52302986], /[ 0.24196227 -1.91328024 -1.72491783 -0.56228753], x2, x9, +[ 0.49671415 -0.1382643   0.64768854  1.52302986], 4.865, +[ 0.49671415 -0.1382643   0.64768854  1.52302986], /[ 0.24196227 -1.91328024 -1.72491783 -0.56228753], x2, x9, +[ 0.49671415 -0.1382643   0.64768854  1.52302986], +[ 0.49671415 -0.1382643   0.64768854  1.52302986], 4.865, 4.865, +[ 0.49671415 -0.1382643   0.64768854  1.52302986], 4.865, 4.865, +[ 0.49671415 -0.1382643   0.64768854  1.52302986], +[ 0.49671415 -0.1382643   0.64768854  1.52302986], +[ 0.49671415 -0.1382643   0.64768854  1.52302986], /[ 0.24196227 -1.91328024 -1.72491783 -0.56228753], x2, x9, 4.865, +[ 0.49671415 -0.1382643   0.64768854  1.52302986], 4.865, 4.865, 4.865, +[ 0.49671415 -0.1382643   0.64768854  1.52302986], +[ 0.49671415 -0.1382643   0.64768854  1.52302986], +[ 0.49671415 -0.1382643   0.64768854  1.52302986], 4.865, 4.865, +[ 0.49671415 -0.1382643   0.64768854  1.52302986], 4.865, 4.865, +[ 0.49671415 -0.1382643   0.64768854  1.52302986], +[ 0.49671415 -0.1382643   0.64768854  1.52302986], +[ 0.49671415 -0.1382643   0.64768854  1.52302986], 4.865, 4.865, +[ 0.49671415 -0.1382643   0.64768854  1.52302986], 4.865, 4.865, +[ 0.49671415 -0.1382643   0.64768854  1.52302986], +[ 0.49671415 -0.1382643   0.64768854  1.52302986], 4.865, +[ 0.49671415 -0.1382643   0.64768854  1.52302986], /[ 0.24196227 -1.91328024 -1.72491783 -0.56228753], x2, x9, +[ 0.49671415 -0.1382643   0.64768854  1.52302986], 4.865, +[ 0.49671415 -0.1382643   0.64768854  1.52302986], /[ 0.24196227 -1.91328024 -1.72491783 -0.56228753], x2, x9, +[ 0.49671415 -0.1382643   0.64768854  1.52302986], 4.865, +[ 0.49671415 -0.1382643   0.64768854  1.52302986], 4.865, 4.865, +[ 0.49671415 -0.1382643   0.64768854  1.52302986], +[ 0.49671415 -0.1382643   0.64768854  1.52302986], +[ 0.49671415 -0.1382643   0.64768854  1.52302986], /[ 0.24196227 -1.91328024 -1.72491783 -0.56228753], x2, x9, 4.865, +[ 0.49671415 -0.1382643   0.64768854  1.52302986], 4.865, 4.865, 4.865]
Training
	MSE:24047.967
	Rsquared:-2.899
Test:
	MSE:23516.562
	Rsquared:-3.131
5.267799377441406