generations_elite-fitness_number-of-evaluations_time
0_27967.451_64_0.014983415603637695
1_27967.451_128_0.04762768745422363
2_27967.451_192_0.08761310577392578
3_27708.591_256_0.11994671821594238
4_27574.138_320_0.14455628395080566
5_27367.09_384_0.18472623825073242
6_26982.716_448_0.2357637882232666
7_26982.716_512_0.2832009792327881
8_26735.638_576_0.3302156925201416
9_26380.562_640_0.3943629264831543
10_26059.081_704_0.48403310775756836
11_25736.049_768_0.7801222801208496
12_25735.187_832_0.9519667625427246
13_25363.318_896_1.2070274353027344
14_24949.735_960_1.5556347370147705
15_24949.735_1024_2.0093202590942383
16_24535.988_1086_2.6384871006011963
17_24535.988_1147_3.2687978744506836
18_24517.514_1207_4.191121339797974
19_24329.371_1264_5.1912782192230225
20_24329.371_1321_6.070605516433716
21_24329.371_1376_7.1174235343933105
22_24326.891_1425_8.26040244102478
23_24326.891_1482_9.121979236602783
24_24272.303_1533_10.210213422775269
25_24272.303_1588_11.28044581413269
26_24272.303_1649_12.356713771820068
27_24272.303_1707_13.271505355834961
28_24272.303_1759_14.348923683166504
29_24272.303_1808_15.523582935333252
30_24272.303_1860_16.60918688774109
31_24272.303_1913_17.548049926757812
32_24272.303_1962_18.653403997421265
33_24272.303_2016_19.77028775215149
34_24272.303_2070_20.69548988342285
Function found (99nodes ):
	[+[ 0.49671415 -0.1382643   0.64768854  1.52302986], +[ 0.49671415 -0.1382643   0.64768854  1.52302986], 4.588, +[ 0.49671415 -0.1382643   0.64768854  1.52302986], +[ 0.49671415 -0.1382643   0.64768854  1.52302986], 4.588, +[ 0.49671415 -0.1382643   0.64768854  1.52302986], 4.588, +[ 0.49671415 -0.1382643   0.64768854  1.52302986], +[ 0.49671415 -0.1382643   0.64768854  1.52302986], +[ 0.49671415 -0.1382643   0.64768854  1.52302986], 4.588, +[ 0.49671415 -0.1382643   0.64768854  1.52302986], 4.588, +[ 0.49671415 -0.1382643   0.64768854  1.52302986], 4.588, 4.588, +[ 0.49671415 -0.1382643   0.64768854  1.52302986], 4.588, 4.588, +[ 0.49671415 -0.1382643   0.64768854  1.52302986], 4.588, 4.588, +[ 0.49671415 -0.1382643   0.64768854  1.52302986], +[ 0.49671415 -0.1382643   0.64768854  1.52302986], 4.588, 4.588, +[ 0.49671415 -0.1382643   0.64768854  1.52302986], 4.588, +[ 0.49671415 -0.1382643   0.64768854  1.52302986], +[ 0.49671415 -0.1382643   0.64768854  1.52302986], 4.588, +[ 0.49671415 -0.1382643   0.64768854  1.52302986], 4.588, +[ 0.49671415 -0.1382643   0.64768854  1.52302986], 4.588, +[ 0.49671415 -0.1382643   0.64768854  1.52302986], +[ 0.49671415 -0.1382643   0.64768854  1.52302986], 4.588, +[ 0.49671415 -0.1382643   0.64768854  1.52302986], 4.588, +[ 0.49671415 -0.1382643   0.64768854  1.52302986], 4.588, 4.588, +[ 0.49671415 -0.1382643   0.64768854  1.52302986], 4.588, 4.588, +[ 0.49671415 -0.1382643   0.64768854  1.52302986], 4.588, +[ 0.49671415 -0.1382643   0.64768854  1.52302986], 4.588, 4.588, +[ 0.49671415 -0.1382643   0.64768854  1.52302986], +[ 0.49671415 -0.1382643   0.64768854  1.52302986], +[ 0.49671415 -0.1382643   0.64768854  1.52302986], 4.588, +[ 0.49671415 -0.1382643   0.64768854  1.52302986], +[ 0.49671415 -0.1382643   0.64768854  1.52302986], 4.588, +[ 0.49671415 -0.1382643   0.64768854  1.52302986], 4.588, +[ 0.49671415 -0.1382643   0.64768854  1.52302986], 4.588, +[ 0.49671415 -0.1382643   0.64768854  1.52302986], 4.588, 4.588, +[ 0.49671415 -0.1382643   0.64768854  1.52302986], 4.588, +[ 0.49671415 -0.1382643   0.64768854  1.52302986], 4.588, 4.588, +[ 0.49671415 -0.1382643   0.64768854  1.52302986], 4.588, +[ 0.49671415 -0.1382643   0.64768854  1.52302986], 4.588, +[ 0.49671415 -0.1382643   0.64768854  1.52302986], 4.588, +[ 0.49671415 -0.1382643   0.64768854  1.52302986], 4.588, +[ 0.49671415 -0.1382643   0.64768854  1.52302986], 4.588, +[ 0.49671415 -0.1382643   0.64768854  1.52302986], 4.588, 4.588, +[ 0.49671415 -0.1382643   0.64768854  1.52302986], +[ 0.49671415 -0.1382643   0.64768854  1.52302986], 4.588, +[ 0.49671415 -0.1382643   0.64768854  1.52302986], 4.588, +[ 0.49671415 -0.1382643   0.64768854  1.52302986], 4.588, +[ 0.49671415 -0.1382643   0.64768854  1.52302986], 4.588, 4.588, +[ 0.49671415 -0.1382643   0.64768854  1.52302986], 4.588, +[ 0.49671415 -0.1382643   0.64768854  1.52302986], 4.588, 4.588]
Training
	MSE:24272.303
	Rsquared:-2.935
Test:
	MSE:23741.843
	Rsquared:-3.171
20.695624351501465