generations_elite-fitness_number-of-evaluations_time
0_28073.804_64_0.025562763214111328
1_28073.804_128_0.08584117889404297
2_27937.931_192_0.30417680740356445
3_27937.931_256_0.38439154624938965
4_27664.35_320_0.4872260093688965
5_27333.778_384_0.5982186794281006
6_27282.579_448_0.7085444927215576
7_27174.892_512_0.8293540477752686
8_26647.979_576_0.9564175605773926
9_26556.575_640_1.0978658199310303
10_26163.669_704_1.268866777420044
11_25887.566_768_1.4786360263824463
12_25736.286_832_1.849532127380371
13_25623.765_896_2.1413474082946777
14_25538.613_960_2.501703977584839
15_25242.271_1023_2.981024742126465
16_25173.571_1081_3.6890523433685303
17_24903.47_1136_4.398563861846924
18_24859.573_1188_5.316192388534546
19_24600.878_1241_6.2508203983306885
20_24600.878_1296_6.993261337280273
21_24467.725_1352_7.848721265792847
22_24467.725_1407_8.799728870391846
23_24467.725_1457_9.619524717330933
24_24422.588_1507_10.589986562728882
25_24422.588_1561_11.648278951644897
26_24342.907_1617_12.568288564682007
27_24335.623_1669_13.642795085906982
28_24306.683_1725_14.668390035629272
29_24282.578_1778_15.751336812973022
Function found (99nodes ):
	[+[ 0.49671415 -0.1382643   0.64768854  1.52302986], +[ 0.49671415 -0.1382643   0.64768854  1.52302986], +[ 0.49671415 -0.1382643   0.64768854  1.52302986], +[ 0.49671415 -0.1382643   0.64768854  1.52302986], 4.688, +[ 0.49671415 -0.1382643   0.64768854  1.52302986], 4.688, +[ 0.49671415 -0.1382643   0.64768854  1.52302986], 4.688, 4.688, 4.688, +[ 0.49671415 -0.1382643   0.64768854  1.52302986], 4.688, +[ 0.49671415 -0.1382643   0.64768854  1.52302986], +[ 0.49671415 -0.1382643   0.64768854  1.52302986], +[ 0.49671415 -0.1382643   0.64768854  1.52302986], +[ 0.49671415 -0.1382643   0.64768854  1.52302986], x9, 4.688, 4.688, 4.688, +[ 0.49671415 -0.1382643   0.64768854  1.52302986], +[ 0.49671415 -0.1382643   0.64768854  1.52302986], +[ 0.49671415 -0.1382643   0.64768854  1.52302986], 4.688, 4.688, +[ 0.49671415 -0.1382643   0.64768854  1.52302986], 4.688, 4.688, +[ 0.49671415 -0.1382643   0.64768854  1.52302986], +[ 0.49671415 -0.1382643   0.64768854  1.52302986], x9, 4.688, +[ 0.49671415 -0.1382643   0.64768854  1.52302986], +[ 0.49671415 -0.1382643   0.64768854  1.52302986], 4.688, 4.688, 4.688, +[ 0.49671415 -0.1382643   0.64768854  1.52302986], +[ 0.49671415 -0.1382643   0.64768854  1.52302986], +[ 0.49671415 -0.1382643   0.64768854  1.52302986], 4.688, 4.688, +[ 0.49671415 -0.1382643   0.64768854  1.52302986], 4.688, 4.688, +[ 0.49671415 -0.1382643   0.64768854  1.52302986], +[ 0.49671415 -0.1382643   0.64768854  1.52302986], +[ 0.49671415 -0.1382643   0.64768854  1.52302986], x9, 4.688, +[ 0.49671415 -0.1382643   0.64768854  1.52302986], +[ 0.49671415 -0.1382643   0.64768854  1.52302986], 4.688, 4.688, 4.688, +[ 0.49671415 -0.1382643   0.64768854  1.52302986], +[ 0.49671415 -0.1382643   0.64768854  1.52302986], +[ 0.49671415 -0.1382643   0.64768854  1.52302986], 4.688, 4.688, 4.688, +[ 0.49671415 -0.1382643   0.64768854  1.52302986], +[ 0.49671415 -0.1382643   0.64768854  1.52302986], +[ 0.49671415 -0.1382643   0.64768854  1.52302986], +[ 0.49671415 -0.1382643   0.64768854  1.52302986], +[ 0.49671415 -0.1382643   0.64768854  1.52302986], +[ 0.49671415 -0.1382643   0.64768854  1.52302986], +[ 0.49671415 -0.1382643   0.64768854  1.52302986], 4.688, 4.688, 4.688, 4.688, +[ 0.49671415 -0.1382643   0.64768854  1.52302986], 4.688, 4.688, 4.688, x1, +[ 0.49671415 -0.1382643   0.64768854  1.52302986], +[ 0.49671415 -0.1382643   0.64768854  1.52302986], +[ 0.49671415 -0.1382643   0.64768854  1.52302986], 4.688, 4.688, +[ 0.49671415 -0.1382643   0.64768854  1.52302986], 4.688, 4.688, +[ 0.49671415 -0.1382643   0.64768854  1.52302986], +[ 0.49671415 -0.1382643   0.64768854  1.52302986], +[ 0.49671415 -0.1382643   0.64768854  1.52302986], 4.688, 4.688, 4.688, +[ 0.49671415 -0.1382643   0.64768854  1.52302986], +[ 0.49671415 -0.1382643   0.64768854  1.52302986], x9, x1, *[-0.46947439  0.54256004 -0.46341769 -0.46572975], x4, x9]
Training
	MSE:24282.578
	Rsquared:-2.937
Test:
	MSE:23752.193
	Rsquared:-3.173
15.75145435333252