generations_elite-fitness_number-of-evaluations_time
0_27935.508_64_0.013287782669067383
1_27935.508_128_0.042002201080322266
2_27935.508_192_0.08138418197631836
3_27359.303_256_0.12799572944641113
4_27206.283_320_0.18447375297546387
5_27064.034_384_0.26590633392333984
6_27010.301_448_0.36731839179992676
7_26872.721_512_0.4994187355041504
8_26370.284_576_0.6711499691009521
9_26206.718_640_0.8933563232421875
10_25946.737_704_1.1696479320526123
11_25940.498_768_1.5281853675842285
12_25323.564_831_1.994274616241455
13_25311.01_892_2.5363402366638184
14_25120.122_954_3.2098238468170166
15_25120.122_1014_5.035905122756958
Function found (99nodes ):
	[+[ 0.49671415 -0.1382643   0.64768854  1.52302986], +[ 0.49671415 -0.1382643   0.64768854  1.52302986], 2.752, +[ 0.49671415 -0.1382643   0.64768854  1.52302986], 3.07, +[ 0.49671415 -0.1382643   0.64768854  1.52302986], +[ 0.49671415 -0.1382643   0.64768854  1.52302986], 2.752, +[ 0.49671415 -0.1382643   0.64768854  1.52302986], 3.07, +[ 0.49671415 -0.1382643   0.64768854  1.52302986], 3.07, +[ 0.49671415 -0.1382643   0.64768854  1.52302986], 2.752, x7, +[ 0.49671415 -0.1382643   0.64768854  1.52302986], 2.752, +[ 0.49671415 -0.1382643   0.64768854  1.52302986], 3.07, +[ 0.49671415 -0.1382643   0.64768854  1.52302986], 3.07, +[ 0.49671415 -0.1382643   0.64768854  1.52302986], 2.752, x7, +[ 0.49671415 -0.1382643   0.64768854  1.52302986], +[ 0.49671415 -0.1382643   0.64768854  1.52302986], +[ 0.49671415 -0.1382643   0.64768854  1.52302986], 2.752, +[ 0.49671415 -0.1382643   0.64768854  1.52302986], 3.07, +[ 0.49671415 -0.1382643   0.64768854  1.52302986], 3.07, +[ 0.49671415 -0.1382643   0.64768854  1.52302986], 2.752, x7, +[ 0.49671415 -0.1382643   0.64768854  1.52302986], +[ 0.49671415 -0.1382643   0.64768854  1.52302986], 2.752, +[ 0.49671415 -0.1382643   0.64768854  1.52302986], 3.07, +[ 0.49671415 -0.1382643   0.64768854  1.52302986], 2.752, +[ 0.49671415 -0.1382643   0.64768854  1.52302986], 3.07, +[ 0.49671415 -0.1382643   0.64768854  1.52302986], 3.07, +[ 0.49671415 -0.1382643   0.64768854  1.52302986], 2.752, x7, +[ 0.49671415 -0.1382643   0.64768854  1.52302986], 3.07, +[ 0.49671415 -0.1382643   0.64768854  1.52302986], +[ 0.49671415 -0.1382643   0.64768854  1.52302986], 2.752, +[ 0.49671415 -0.1382643   0.64768854  1.52302986], 3.07, +[ 0.49671415 -0.1382643   0.64768854  1.52302986], 3.07, +[ 0.49671415 -0.1382643   0.64768854  1.52302986], 2.752, x7, +[ 0.49671415 -0.1382643   0.64768854  1.52302986], 2.752, +[ 0.49671415 -0.1382643   0.64768854  1.52302986], 3.07, +[ 0.49671415 -0.1382643   0.64768854  1.52302986], 3.07, +[ 0.49671415 -0.1382643   0.64768854  1.52302986], 2.752, x7, +[ 0.49671415 -0.1382643   0.64768854  1.52302986], +[ 0.49671415 -0.1382643   0.64768854  1.52302986], 2.752, +[ 0.49671415 -0.1382643   0.64768854  1.52302986], 3.07, +[ 0.49671415 -0.1382643   0.64768854  1.52302986], 3.07, +[ 0.49671415 -0.1382643   0.64768854  1.52302986], 2.752, x7, +[ 0.49671415 -0.1382643   0.64768854  1.52302986], +[ 0.49671415 -0.1382643   0.64768854  1.52302986], 2.752, +[ 0.49671415 -0.1382643   0.64768854  1.52302986], 3.07, +[ 0.49671415 -0.1382643   0.64768854  1.52302986], 3.07, +[ 0.49671415 -0.1382643   0.64768854  1.52302986], 2.752, x7, +[ 0.49671415 -0.1382643   0.64768854  1.52302986], 2.752, +[ 0.49671415 -0.1382643   0.64768854  1.52302986], 3.07, +[ 0.49671415 -0.1382643   0.64768854  1.52302986], 3.07, +[ 0.49671415 -0.1382643   0.64768854  1.52302986], 2.752, x7]
Training
	MSE:25120.122
	Rsquared:-3.073
Test:
	MSE:24588.347
	Rsquared:-3.32
5.036036491394043