generations_elite-fitness_number-of-evaluations_time
0_27879.247_64_0.018383502960205078
1_27879.247_128_0.0636742115020752
2_27879.247_192_0.11076569557189941
3_27267.565_256_0.13660264015197754
4_27267.565_320_0.15732240676879883
5_26876.05_384_0.18921375274658203
6_26578.279_448_0.23951125144958496
7_26043.641_512_0.3175971508026123
8_25740.959_576_0.440859317779541
9_25135.542_640_0.8331637382507324
10_25007.713_704_1.1345689296722412
11_24698.171_768_1.5237436294555664
12_24295.31_831_2.0418362617492676
13_24279.827_891_2.7874515056610107
14_24176.159_946_3.7247984409332275
15_24086.612_998_4.652740001678467
16_24086.612_1051_5.627841949462891
Function found (69nodes ):
	[+[ 0.49671415 -0.1382643   0.64768854  1.52302986], +[ 0.49671415 -0.1382643   0.64768854  1.52302986], +[ 0.49671415 -0.1382643   0.64768854  1.52302986], 4.887, +[ 0.49671415 -0.1382643   0.64768854  1.52302986], +[ 0.49671415 -0.1382643   0.64768854  1.52302986], 4.887, 4.887, 4.887, +[ 0.49671415 -0.1382643   0.64768854  1.52302986], +[ 0.49671415 -0.1382643   0.64768854  1.52302986], 4.887, 4.887, +[ 0.49671415 -0.1382643   0.64768854  1.52302986], 4.887, +[ 0.49671415 -0.1382643   0.64768854  1.52302986], +[ 0.49671415 -0.1382643   0.64768854  1.52302986], 4.887, +[ 0.49671415 -0.1382643   0.64768854  1.52302986], +[ 0.49671415 -0.1382643   0.64768854  1.52302986], 4.887, 4.887, 4.887, +[ 0.49671415 -0.1382643   0.64768854  1.52302986], +[ 0.49671415 -0.1382643   0.64768854  1.52302986], 4.887, +[ 0.49671415 -0.1382643   0.64768854  1.52302986], 4.887, 4.887, +[ 0.49671415 -0.1382643   0.64768854  1.52302986], 4.887, 4.887, +[ 0.49671415 -0.1382643   0.64768854  1.52302986], +[ 0.49671415 -0.1382643   0.64768854  1.52302986], +[ 0.49671415 -0.1382643   0.64768854  1.52302986], 4.887, +[ 0.49671415 -0.1382643   0.64768854  1.52302986], +[ 0.49671415 -0.1382643   0.64768854  1.52302986], 4.887, 4.887, 4.887, +[ 0.49671415 -0.1382643   0.64768854  1.52302986], +[ 0.49671415 -0.1382643   0.64768854  1.52302986], 4.887, +[ 0.49671415 -0.1382643   0.64768854  1.52302986], 4.887, 4.887, +[ 0.49671415 -0.1382643   0.64768854  1.52302986], 4.887, 4.887, +[ 0.49671415 -0.1382643   0.64768854  1.52302986], +[ 0.49671415 -0.1382643   0.64768854  1.52302986], 4.887, 4.887, +[ 0.49671415 -0.1382643   0.64768854  1.52302986], +[ 0.49671415 -0.1382643   0.64768854  1.52302986], 4.887, +[ 0.49671415 -0.1382643   0.64768854  1.52302986], 4.887, +[ 0.49671415 -0.1382643   0.64768854  1.52302986], 4.887, 4.887, +[ 0.49671415 -0.1382643   0.64768854  1.52302986], +[ 0.49671415 -0.1382643   0.64768854  1.52302986], 4.887, +[ 0.49671415 -0.1382643   0.64768854  1.52302986], 4.887, 4.887, 4.887]
Training
	MSE:24086.612
	Rsquared:-2.905
Test:
	MSE:23556.434
	Rsquared:-3.139
5.627971172332764