generations_elite-fitness_number-of-evaluations_time
0_27881.31_64_0.013837575912475586
1_27881.31_128_0.05297374725341797
2_27340.15_192_0.314223051071167
3_26886.192_256_0.36057400703430176
4_26886.192_320_0.40280961990356445
5_26587.042_384_0.46110081672668457
6_26396.481_448_0.5323464870452881
7_26113.26_512_0.623831033706665
8_25748.592_576_0.7473771572113037
9_25488.88_640_0.9348559379577637
10_25438.088_704_1.1944129467010498
11_25331.283_768_1.5498766899108887
12_24908.943_831_2.1133344173431396
13_24883.265_894_2.7022314071655273
14_24883.265_955_3.477635145187378
15_24749.417_1010_4.206962823867798
16_24499.95_1064_5.111281871795654
17_24481.426_1117_6.088694095611572
18_24416.959_1167_7.007943630218506
19_24403.703_1219_8.115612030029297
20_24403.703_1257_9.291345357894897
21_24403.703_1302_10.514344692230225
22_24353.838_1344_11.689446687698364
23_24157.203_1392_12.659909009933472
24_24115.392_1436_13.771881818771362
25_24108.363_1486_14.896159172058105
26_24065.924_1532_16.064394235610962
27_24065.924_1576_17.30889368057251
28_24065.796_1621_18.518620491027832
29_24065.732_1668_19.595224618911743
30_23724.432_1713_20.81966519355774
Function found (95nodes ):
	[+[ 0.49671415 -0.1382643   0.64768854  1.52302986], +[ 0.49671415 -0.1382643   0.64768854  1.52302986], +[ 0.49671415 -0.1382643   0.64768854  1.52302986], 4.851, +[ 0.49671415 -0.1382643   0.64768854  1.52302986], +[ 0.49671415 -0.1382643   0.64768854  1.52302986], 4.851, +[ 0.49671415 -0.1382643   0.64768854  1.52302986], +[ 0.49671415 -0.1382643   0.64768854  1.52302986], +[ 0.49671415 -0.1382643   0.64768854  1.52302986], +[ 0.49671415 -0.1382643   0.64768854  1.52302986], 4.851, 4.88, 4.851, +[ 0.49671415 -0.1382643   0.64768854  1.52302986], 4.851, x2, +[ 0.49671415 -0.1382643   0.64768854  1.52302986], 4.88, +[ 0.49671415 -0.1382643   0.64768854  1.52302986], +[ 0.49671415 -0.1382643   0.64768854  1.52302986], 4.88, 4.851, +[ 0.49671415 -0.1382643   0.64768854  1.52302986], 4.851, x2, 4.851, +[ 0.49671415 -0.1382643   0.64768854  1.52302986], +[ 0.49671415 -0.1382643   0.64768854  1.52302986], 4.88, +[ 0.49671415 -0.1382643   0.64768854  1.52302986], 4.88, +[ 0.49671415 -0.1382643   0.64768854  1.52302986], 4.851, 4.88, +[ 0.49671415 -0.1382643   0.64768854  1.52302986], +[ 0.49671415 -0.1382643   0.64768854  1.52302986], 4.851, +[ 0.49671415 -0.1382643   0.64768854  1.52302986], +[ 0.49671415 -0.1382643   0.64768854  1.52302986], 4.851, 4.88, 4.851, +[ 0.49671415 -0.1382643   0.64768854  1.52302986], 4.851, +[ 0.49671415 -0.1382643   0.64768854  1.52302986], 4.851, +[ 0.49671415 -0.1382643   0.64768854  1.52302986], 4.88, 4.851, +[ 0.49671415 -0.1382643   0.64768854  1.52302986], +[ 0.49671415 -0.1382643   0.64768854  1.52302986], +[ 0.49671415 -0.1382643   0.64768854  1.52302986], 4.88, +[ 0.49671415 -0.1382643   0.64768854  1.52302986], 4.88, +[ 0.49671415 -0.1382643   0.64768854  1.52302986], 4.851, 4.88, +[ 0.49671415 -0.1382643   0.64768854  1.52302986], +[ 0.49671415 -0.1382643   0.64768854  1.52302986], 4.851, +[ 0.49671415 -0.1382643   0.64768854  1.52302986], +[ 0.49671415 -0.1382643   0.64768854  1.52302986], 4.851, 4.88, 4.851, +[ 0.49671415 -0.1382643   0.64768854  1.52302986], 4.851, +[ 0.49671415 -0.1382643   0.64768854  1.52302986], 4.851, +[ 0.49671415 -0.1382643   0.64768854  1.52302986], 4.88, 4.851, +[ 0.49671415 -0.1382643   0.64768854  1.52302986], +[ 0.49671415 -0.1382643   0.64768854  1.52302986], 4.88, +[ 0.49671415 -0.1382643   0.64768854  1.52302986], 4.88, 4.851, +[ 0.49671415 -0.1382643   0.64768854  1.52302986], +[ 0.49671415 -0.1382643   0.64768854  1.52302986], 4.851, +[ 0.49671415 -0.1382643   0.64768854  1.52302986], +[ 0.49671415 -0.1382643   0.64768854  1.52302986], 4.851, 4.88, 4.851, +[ 0.49671415 -0.1382643   0.64768854  1.52302986], 4.851, +[ 0.49671415 -0.1382643   0.64768854  1.52302986], 4.851, +[ 0.49671415 -0.1382643   0.64768854  1.52302986], 4.88, 4.851]
Training
	MSE:23724.432
	Rsquared:-2.847
Test:
	MSE:23194.857
	Rsquared:-3.075
20.8197922706604