generations_elite-fitness_number-of-evaluations_time
0_27664.989_512_0.14059090614318848
1_27417.45_1024_0.7654471397399902
2_27417.45_1536_1.2809512615203857
3_27417.45_2048_1.7808332443237305
4_27138.952_2560_2.2650954723358154
5_27057.561_3072_2.7024929523468018
6_26674.646_3584_3.467937707901001
7_26422.266_4096_4.217763900756836
8_26191.788_4608_5.264392614364624
9_25674.708_5120_6.56096339225769
10_25480.923_5632_8.388661861419678
11_25375.449_6144_11.091151475906372
12_25040.385_6656_14.29352855682373
13_24925.846_7168_18.2457275390625
14_24925.846_7677_23.01023507118225
Function found (45nodes ):
	[+[ 0.83549568 -0.53838875 -0.47626981  0.8467806 ], +[ 0.83549568 -0.53838875 -0.47626981  0.8467806 ], +[ 0.83549568 -0.53838875 -0.47626981  0.8467806 ], +[ 0.83549568 -0.53838875 -0.47626981  0.8467806 ], +[ 0.83549568 -0.53838875 -0.47626981  0.8467806 ], +[ 0.83549568 -0.53838875 -0.47626981  0.8467806 ], +[ 0.83549568 -0.53838875 -0.47626981  0.8467806 ], +[ 0.83549568 -0.53838875 -0.47626981  0.8467806 ], +[ 0.83549568 -0.53838875 -0.47626981  0.8467806 ], +[ 0.83549568 -0.53838875 -0.47626981  0.8467806 ], +[ 0.83549568 -0.53838875 -0.47626981  0.8467806 ], +[ 0.83549568 -0.53838875 -0.47626981  0.8467806 ], +[ 0.83549568 -0.53838875 -0.47626981  0.8467806 ], +[ 0.83549568 -0.53838875 -0.47626981  0.8467806 ], +[ 0.83549568 -0.53838875 -0.47626981  0.8467806 ], +[ 0.83549568 -0.53838875 -0.47626981  0.8467806 ], +[ 0.83549568 -0.53838875 -0.47626981  0.8467806 ], +[ 0.83549568 -0.53838875 -0.47626981  0.8467806 ], +[ 0.83549568 -0.53838875 -0.47626981  0.8467806 ], +[ 0.83549568 -0.53838875 -0.47626981  0.8467806 ], +[ 0.83549568 -0.53838875 -0.47626981  0.8467806 ], +[ 0.83549568 -0.53838875 -0.47626981  0.8467806 ], 4.336, -3.247, -3.247, -3.247, -3.247, -3.247, -4.942, -3.247, -3.247, -3.247, -3.247, -3.247, -3.247, -4.942, -4.942, -3.247, -4.942, -4.942, -4.942, -4.942, -4.942, -4.942, -3.247]
Training
	MSE:24925.846
	Rsquared:-3.181
Test:
	MSE:25272.694
	Rsquared:-3.762
23.01023507118225