generations_elite-fitness_number-of-evaluations_time
0_26796.742_512_0.12497234344482422
1_26796.742_1024_0.546750545501709
2_26796.742_1536_1.0466320514678955
3_26796.742_2048_1.4840266704559326
4_26796.742_2560_1.9214253425598145
5_26645.707_3072_2.2494752407073975
6_26364.404_3584_2.6712493896484375
7_26257.51_4096_3.2023746967315674
8_25779.081_4608_3.8272292613983154
9_25418.437_5120_4.7332682609558105
10_25112.788_5632_5.8736252784729
11_24893.095_6144_7.388894557952881
12_24672.376_6656_9.341561794281006
13_24502.001_7168_12.106539249420166
14_24288.68_7680_15.371399879455566
15_24142.181_8192_19.948455572128296
16_23864.611_8700_25.712732315063477
Function found (83nodes ):
	[+[ 0.83549568 -0.53838875 -0.47626981  0.8467806 ], +[ 0.83549568 -0.53838875 -0.47626981  0.8467806 ], +[ 0.83549568 -0.53838875 -0.47626981  0.8467806 ], +[ 0.83549568 -0.53838875 -0.47626981  0.8467806 ], +[ 0.83549568 -0.53838875 -0.47626981  0.8467806 ], +[ 0.83549568 -0.53838875 -0.47626981  0.8467806 ], +[ 0.83549568 -0.53838875 -0.47626981  0.8467806 ], +[ 0.83549568 -0.53838875 -0.47626981  0.8467806 ], +[ 0.83549568 -0.53838875 -0.47626981  0.8467806 ], +[ 0.83549568 -0.53838875 -0.47626981  0.8467806 ], +[ 0.83549568 -0.53838875 -0.47626981  0.8467806 ], +[ 0.83549568 -0.53838875 -0.47626981  0.8467806 ], +[ 0.83549568 -0.53838875 -0.47626981  0.8467806 ], +[ 0.83549568 -0.53838875 -0.47626981  0.8467806 ], +[ 0.83549568 -0.53838875 -0.47626981  0.8467806 ], +[ 0.83549568 -0.53838875 -0.47626981  0.8467806 ], 4.932, -4.065, -4.065, -4.065, -4.065, -4.065, -4.065, -4.065, -4.065, +[ 0.83549568 -0.53838875 -0.47626981  0.8467806 ], -4.065, +[ 0.83549568 -0.53838875 -0.47626981  0.8467806 ], +[ 0.83549568 -0.53838875 -0.47626981  0.8467806 ], +[ 0.83549568 -0.53838875 -0.47626981  0.8467806 ], +[ 0.83549568 -0.53838875 -0.47626981  0.8467806 ], +[ 0.83549568 -0.53838875 -0.47626981  0.8467806 ], +[ 0.83549568 -0.53838875 -0.47626981  0.8467806 ], +[ 0.83549568 -0.53838875 -0.47626981  0.8467806 ], 4.932, -4.065, -4.065, -4.065, -4.065, -4.065, -4.065, -4.065, -4.065, -4.065, -4.065, -4.065, -4.065, -4.065, +[ 0.83549568 -0.53838875 -0.47626981  0.8467806 ], -4.065, +[ 0.83549568 -0.53838875 -0.47626981  0.8467806 ], +[ 0.83549568 -0.53838875 -0.47626981  0.8467806 ], +[ 0.83549568 -0.53838875 -0.47626981  0.8467806 ], +[ 0.83549568 -0.53838875 -0.47626981  0.8467806 ], +[ 0.83549568 -0.53838875 -0.47626981  0.8467806 ], +[ 0.83549568 -0.53838875 -0.47626981  0.8467806 ], +[ 0.83549568 -0.53838875 -0.47626981  0.8467806 ], +[ 0.83549568 -0.53838875 -0.47626981  0.8467806 ], +[ 0.83549568 -0.53838875 -0.47626981  0.8467806 ], +[ 0.83549568 -0.53838875 -0.47626981  0.8467806 ], +[ 0.83549568 -0.53838875 -0.47626981  0.8467806 ], +[ 0.83549568 -0.53838875 -0.47626981  0.8467806 ], +[ 0.83549568 -0.53838875 -0.47626981  0.8467806 ], +[ 0.83549568 -0.53838875 -0.47626981  0.8467806 ], 4.932, -4.065, -4.065, -4.065, -4.065, -4.065, -4.065, -4.065, -4.065, +[ 0.83549568 -0.53838875 -0.47626981  0.8467806 ], -4.065, 4.932, +[ 0.83549568 -0.53838875 -0.47626981  0.8467806 ], -4.065, 4.932, -4.065, -4.065, -4.065, -4.065]
Training
	MSE:23864.611
	Rsquared:-3.11
Test:
	MSE:33558.998
	Rsquared:-3.485
25.712732315063477