generations_elite-fitness_number-of-evaluations_time
0_27107.154_512_0.1405940055847168
1_27077.712_1024_0.5779895782470703
2_26847.393_1536_1.0466282367706299
3_26360.135_2048_1.5152673721313477
4_25655.897_2560_2.2026073932647705
5_25312.919_3072_2.764976978302002
6_24756.628_3584_3.405449390411377
7_23800.848_4096_4.186517238616943
8_23681.627_4608_4.858235836029053
9_21282.125_5120_5.717411994934082
10_20822.839_5632_6.889010667800903
11_16386.597_6144_8.326173782348633
12_15898.981_6656_10.122624635696411
13_12146.693_7168_12.356480598449707
14_5886.446_7680_15.48074746131897
15_5881.381_8192_19.22986912727356
16_5879.106_8703_24.213080644607544
Function found (77nodes ):
	[+[ 1.13033525 -0.23908348 -0.47492046  1.14608586], -[-1.03142152  0.52518431  1.17393722 -1.07427353], -[ 0.00867892  0.22552991  1.17528867 -0.77461912], -[ 0.00867892  0.22552991  1.17528867 -0.77461912], x4, x9, +[ 1.13033525 -0.23908348 -0.47492046  1.14608586], -[-1.03142152  0.52518431  1.17393722 -1.07427353], -[ 0.00867892  0.22552991  1.17528867 -0.77461912], -[ 0.00867892  0.22552991  1.17528867 -0.77461912], x4, x9, -[-1.03142152  0.52518431  1.17393722 -1.07427353], -4.496, +[ 0.83549568 -0.53838875 -0.47626981  0.8467806 ], +[ 0.83549568 -0.53838875 -0.47626981  0.8467806 ], -4.496, -[-1.03142152  0.52518431  1.17393722 -1.07427353], -3.471, -4.496, +[ 1.13410458 -0.23908127 -0.47492055  1.14608807], +[ 1.13033525 -0.23908348 -0.47492046  1.14608586], -[-1.03142152  0.52518431  1.17393722 -1.07427353], -[ 0.00867892  0.22552991  1.17528867 -0.77461912], -[ 0.00867892  0.22552991  1.17528867 -0.77461912], -[ 0.00867892  0.22552991  1.17528867 -0.77461912], x4, x9, -3.471, +[ 1.13033525 -0.23908348 -0.47492046  1.14608586], +[ 1.13410458 -0.23908127 -0.47492055  1.14608807], +[ 1.13033525 -0.23908348 -0.47492046  1.14608586], +[ 1.13033525 -0.23908348 -0.47492046  1.14608586], +[ 1.13410458 -0.23908127 -0.47492055  1.14608807], +[ 1.13033525 -0.23908348 -0.47492046  1.14608586], -[-1.03142152  0.52518431  1.17393722 -1.07427353], -4.496, +[ 0.83549568 -0.53838875 -0.47626981  0.8467806 ], +[ 0.83549568 -0.53838875 -0.47626981  0.8467806 ], -4.496, -[-1.03142152  0.52518431  1.17393722 -1.07427353], -3.471, x0, 4.638, +[ 0.83549568 -0.53838875 -0.47626981  0.8467806 ], +[ 0.83549568 -0.53838875 -0.47626981  0.8467806 ], -4.496, -[-1.03142152  0.52518431  1.17393722 -1.07427353], -3.471, x0, 4.638, -4.226, x0, -3.471, -4.226, x0, +[ 0.83549568 -0.53838875 -0.47626981  0.8467806 ], +[ 0.83549568 -0.53838875 -0.47626981  0.8467806 ], -4.496, -[-1.03142152  0.52518431  1.17393722 -1.07427353], -3.471, x0, 4.638, -3.471, -4.226, -3.471, +[ 0.83549568 -0.53838875 -0.47626981  0.8467806 ], -4.496, -[-1.03142152  0.52518431  1.17393722 -1.07427353], -3.471, -3.471, -3.471, +[ 0.83549568 -0.53838875 -0.47626981  0.8467806 ], -4.496, -[-1.03142152  0.52518431  1.17393722 -1.07427353], -3.471, -3.471]
Training
	MSE:5879.106
	Rsquared:-0.001
Test:
	MSE:7061.305
	Rsquared:-0.11
24.213080644607544