generation, individual, diff_after_backprop
0,0,0.0
0,1,0.0
0,2,0.0
0,3,0.0
0,4,0.0
0,5,0.0
0,6,0.0
0,7,0.0
0,8,0.0
0,9,0.0
0,10,11275.974776581388
0,11,0.0
0,12,0.0
0,13,0.0
0,14,0.0
0,15,1701.7351558520677
0,16,4454.907710892276
0,17,0.0
0,18,0.0
0,19,54.810068433922424
0,20,42087.652617861466
0,21,0.0
0,22,28.557973381944066
0,23,1687.8460124156263
0,24,1649.6071700329885
0,25,1649.6626464285473
0,26,0.0
0,27,0.0
0,28,1680.7141146512076
0,29,0.0
0,30,0.0
0,31,0.0
0,32,1702.8926374617004
0,33,0.9953564402185293
0,34,4564.3312179789755
0,35,0.0
0,36,0.0
0,37,0.0
0,38,0.0
0,39,0.0
0,40,0.0
0,41,0.0
0,42,0.0
0,43,6677.08531725108
0,44,0.0
0,45,0.0
0,46,0.0
0,47,13090.529588814185
0,48,224.38640253316044
0,49,0.0
0,50,3486.6284460749375
0,51,0.0
0,52,0.0
0,53,0.0
0,54,6.941671277327259
0,55,0.0
0,56,0.0
0,57,21.32466593564459
0,58,0.0
0,59,1843.754056529062
0,60,0.0
0,61,0.0
0,62,2304.9472842850428
0,63,11250.069239998658
0,64,0.0
0,65,2181.438416080826
0,66,0.0
0,67,0.0
0,68,1682.2379102875384
0,69,1649.8350362317433
0,70,0.0
0,71,1252.8586669586803
0,72,22400.196286190054
0,73,11297.45302861118
0,74,1525.7997559451906
0,75,0.0
0,76,0.0
0,77,0.0
0,78,43294.203014474755
0,79,0.0
0,80,0.0
0,81,0.0
0,82,2880.060235966628
0,83,0.0
0,84,0.0
0,85,0.0
0,86,0.0
0,87,0.0
0,88,0.0
0,89,0.0
0,90,0.0
0,91,0.0
0,92,0.0
0,93,0.0
0,94,0.0
0,95,253.2550963596368
0,96,0.0
0,97,0.0
0,98,0.0
0,99,0.0
0,100,0.0
0,101,12.46625955566742
0,102,0.0
0,103,1701.7573604581012
0,104,2225.7585984780526
0,105,12969.216310533391
0,106,1701.7345994212228
0,107,0.0
0,108,0.0
0,109,0.0
0,110,0.0
0,111,0.0
0,112,2687.1153933917676
0,113,0.0
0,114,0.0
0,115,0.0
0,116,10716.26473469743
0,117,0.0
0,118,0.0
0,119,1701.7573604581012
0,120,0.0
0,121,0.0
0,122,15579.14343168368
0,123,1107.3501677356526
0,124,1701.5856045295332
0,125,1374.629285667078
0,126,0.0
0,127,0.0
0,128,18765.96532525824
0,129,41219.92356269027
0,130,0.0
0,131,0.0
0,132,6121.248183591975
0,133,17.547247506249732
0,134,0.0
0,135,0.0
0,136,0.0
0,137,0.0
0,138,22.96795340603512
0,139,0.0
0,140,0.0
0,141,0.0
0,142,0.0
0,143,11597.085076708405
0,144,5654.790531195567
0,145,0.0
0,146,0.0
0,147,0.0
0,148,75.00019709703065
0,149,0.0
0,150,0.0
0,151,2004.0680100113168
0,152,0.0
0,153,0.0
0,154,13.577069905866665
0,155,0.0
0,156,0.0
0,157,0.0
0,158,0.0
0,159,0.0
0,160,0.0
0,161,500.9695573292229
0,162,0.0
0,163,24462.615785982834
0,164,9098.57992279371
0,165,0.0
0,166,0.0
0,167,30.194743146228575
0,168,0.0
0,169,0.0
0,170,0.0
0,171,0.0
0,172,0.0
0,173,0.0
0,174,10050.74440617324
0,175,0.0
0,176,0.0
0,177,1704.9048557319366
0,178,0.0
0,179,0.0
0,180,12566.945490602153
0,181,0.0
0,182,1785.425033292031
0,183,0.0
0,184,0.0
0,185,0.0
0,186,0.0
0,187,0.0
0,188,0.0
0,189,0.0
0,190,5654.790531195567
0,191,0.0
0,192,1689.2875877298466
0,193,1819.9366940871987
0,194,0.0
0,195,0.0
0,196,0.0
0,197,0.0
0,198,0.0
0,199,0.0
0,200,0.0
0,201,1701.5667896013547
0,202,0.0
0,203,2181.438416080826
0,204,0.0
0,205,17990.8567258371
0,206,0.0
0,207,11050.350208563003
0,208,0.0
0,209,0.0
0,210,0.0
0,211,3571.696766071658
0,212,0.0
0,213,0.0
0,214,0.0
0,215,0.0
0,216,0.0
0,217,1706.5393862909623
0,218,0.0
0,219,0.0
0,220,0.0
0,221,0.0
0,222,0.0
0,223,0.0
0,224,0.0
0,225,0.0
0,226,11153.232399631735
0,227,7744.567533030779
0,228,0.0
0,229,0.0
0,230,1773.8005987181423
0,231,0.0
0,232,0.0
0,233,1350.1421071636069
0,234,0.0
0,235,1169.8038431525147
0,236,0.0
0,237,0.0
0,238,12.101237510672945
0,239,0.0
0,240,0.0
0,241,1649.667596824096
0,242,0.0
0,243,0.0
0,244,16649.951677918183
0,245,0.0
0,246,0.0
0,247,0.0
0,248,0.0
0,249,0.0
0,250,0.0
0,251,0.0
0,252,0.0
0,253,0.0
0,254,0.0
0,255,22188.59496242475
0,256,0.0
0,257,0.0
0,258,0.0
0,259,130.05664914443696
0,260,0.0
0,261,5936.073863013435
0,262,0.0
0,263,6.8607597968866685
0,264,0.0
0,265,1651.3174038147517
0,266,0.0
0,267,0.0
0,268,0.0
0,269,0.0
0,270,0.0
0,271,0.0
0,272,0.0
0,273,1701.723695912693
0,274,0.0
0,275,0.0
0,276,0.0
0,277,0.0
0,278,0.0
0,279,0.0
0,280,0.0
0,281,14900.246005578556
0,282,0.0
0,283,0.0
0,284,0.0
0,285,0.0
0,286,0.0
0,287,0.0
0,288,0.0
0,289,29.44661009991887
0,290,0.0
0,291,1651.3174038147517
0,292,0.0
0,293,0.0
0,294,0.0
0,295,0.0
0,296,229.75420274229327
0,297,0.0
0,298,0.0
0,299,0.0
0,300,19099.045367074043
0,301,0.0
0,302,0.0
0,303,0.0
0,304,0.0
0,305,0.0
0,306,0.0
0,307,0.0
0,308,0.0
0,309,0.0
0,310,0.0
0,311,0.0
0,312,9400.273297433116
0,313,0.0
0,314,5629.674981262242
0,315,1374.629285667078
0,316,13.544041583286344
0,317,0.0
0,318,0.0
0,319,0.0
0,320,766.4608799425732
0,321,0.0
0,322,0.0
0,323,0.0
0,324,0.0
0,325,0.0
0,326,0.0
0,327,0.0
0,328,20923.398235108165
0,329,0.0
0,330,1701.6143657596258
0,331,0.0
0,332,0.0
0,333,0.0
0,334,0.0
0,335,0.0
0,336,0.0
0,337,21746.55853854664
0,338,262.4661889070385
0,339,0.0
0,340,0.0
0,341,0.0
0,342,0.0
0,343,0.0
0,344,0.0
0,345,0.0
0,346,2150.7040772791042
0,347,1.2668374443646826
0,348,0.0
0,349,0.0
0,350,0.0
0,351,0.0
0,352,0.0
0,353,0.0
0,354,0.0
0,355,0.0
0,356,0.0
0,357,0.0
0,358,0.0
0,359,0.0
0,360,0.0
0,361,1824.4263858367485
0,362,0.0
0,363,1652.4281353495353
0,364,0.0
0,365,0.0
0,366,0.0
0,367,1680.7141146512076
0,368,221.98688690723066
0,369,0.0
0,370,0.0
0,371,2179.0589769873477
0,372,0.0
0,373,0.0
0,374,1651.3373940387173
0,375,0.0
0,376,0.0
0,377,3571.696766071658
0,378,0.0
0,379,0.0
0,380,0.0
0,381,0.0
0,382,1713.4029324927833
0,383,1701.6495385297385
0,384,0.0
0,385,0.0
0,386,0.0
0,387,0.0
0,388,0.0
0,389,9510.504884965187
0,390,0.0
0,391,0.0
0,392,0.0
0,393,0.0
0,394,0.0
0,395,1688.5018884126002
0,396,0.0
0,397,0.0
0,398,0.0
0,399,0.0
0,400,0.0
0,401,0.0
0,402,435.84240179186963
0,403,1649.8475914831652
0,404,1651.5657138122115
0,405,0.0
0,406,1712.7000289242133
0,407,0.0
0,408,0.0
0,409,0.0
0,410,0.0
0,411,0.0
0,412,0.0
0,413,5902.6666220459665
0,414,0.0
0,415,1701.8202187385214
0,416,1891.0982951594306
0,417,21289.849066091607
0,418,0.0
0,419,0.0
0,420,0.0
0,421,0.0
0,422,5.787034190514532
0,423,0.0
0,424,10996.147139633238
0,425,0.0
0,426,0.0
0,427,0.0
0,428,1649.5593380867176
0,429,0.0
0,430,0.0
0,431,0.0
0,432,0.0
0,433,0.0
0,434,0.0
0,435,0.0
0,436,0.0
0,437,0.0
0,438,0.0
0,439,21125.16118709016
0,440,0.0
0,441,21212.606938859317
0,442,0.0
0,443,0.0
0,444,0.0
0,445,0.0
0,446,0.0
0,447,0.0
0,448,0.0
0,449,0.0
0,450,0.0
0,451,0.0
0,452,0.0
0,453,0.0
0,454,0.0
0,455,0.0
0,456,0.0
0,457,1713.6195015187222
0,458,0.0
0,459,1684.3010954475903
0,460,0.0
0,461,0.0
0,462,0.0
0,463,9389.718648995306
0,464,0.0
0,465,0.0
0,466,0.0
0,467,0.0
0,468,28689.892235656174
0,469,0.0
0,470,0.0
0,471,0.0
0,472,1630.8044911010256
0,473,1690.3354243179347
0,474,0.0
0,475,0.0
0,476,0.0
0,477,0.0
0,478,0.0
0,479,11959.416654698249
0,480,0.0
0,481,0.0
0,482,0.0
0,483,0.0
0,484,0.0
0,485,0.0
0,486,0.0
0,487,0.0
0,488,0.0
0,489,0.0
0,490,0.0
0,491,0.0
0,492,160.89245817165647
0,493,0.0
0,494,0.0
0,495,0.0
0,496,0.0
0,497,22607.68480631424
0,498,0.0
0,499,1109.1357084914835
0,500,28.726933888799067
0,501,0.0
0,502,96.02512096360988
0,503,0.0
0,504,0.0
0,505,0.0
0,506,0.0
0,507,0.0
0,508,0.0
0,509,0.0
0,510,0.0
0,511,0.0
1,0,19232.341897640068
1,1,1714.9139959391941
1,2,2878.7064725630844
1,3,10.184465125429597
1,4,22.88205284117612
1,5,0.0
1,6,0.0
1,7,11704.762098123923
1,8,10.184465125429597
1,9,1954.309326262366
1,10,0.0
1,11,0.0
1,12,0.0
1,13,0.0
1,14,2181.177278481133
1,15,0.0
1,16,0.0
1,17,0.0
1,18,30.35304865222497
1,19,0.0
1,20,1650.30138541228
1,21,0.0
1,22,0.0
1,23,0.0
1,24,0.0
1,25,0.0
1,26,11.67099820036583
1,27,0.0
1,28,0.0
1,29,2511.403857846096
1,30,0.0
1,31,0.0
1,32,0.0
1,33,53.0196069231215
1,34,70769.89458241957
1,35,0.0
1,36,9233.504159333635
1,37,0.0
1,38,0.0
1,39,0.0
1,40,21753.714582983914
1,41,20.552484383504634
1,42,6156.904491852612
1,43,0.0
1,44,12.10880564596755
1,45,9233.504159333635
1,46,2249.995151457195
1,47,10.05411769157945
1,48,19.853158915861968
1,49,0.0
1,50,0.0
1,51,30.548111034335307
1,52,0.0
1,53,0.0
1,54,0.0
1,55,4235.214623972479
1,56,1828.2363275967691
1,57,1723.1593363266838
1,58,12907.331300350357
1,59,0.0
1,60,0.0
1,61,14175.900698905332
1,62,1701.6523716648626
1,63,4046.3095833672196
1,64,0.0
1,65,0.0
1,66,1539.1182598683408
1,67,20364.253634346565
1,68,0.0
1,69,0.0
1,70,0.0
1,71,10.345703340860382
1,72,4629.731059777816
1,73,1649.600925201914
1,74,1783.8091597085768
1,75,1539.9536078685924
1,76,0.0
1,77,0.0
1,78,0.0
1,79,0.0
1,80,20.543204219768086
1,81,0.0
1,82,0.0
1,83,10.378666821919978
1,84,4.888336425166017
1,85,0.0
1,86,0.0
1,87,18765.96532525824
1,88,263.13399200630465
1,89,51.39033474981534
1,90,1589.4231955609066
1,91,0.0
1,92,0.0
1,93,0.0
1,94,6156.904491852612
1,95,23053.72965375833
1,96,2856.58953635341
1,97,0.0
1,98,6513.792235920105
1,99,106.89984936553174
1,100,0.0
1,101,0.0
1,102,0.0
1,103,1814.5529345846007
1,104,0.0
1,105,0.0
1,106,1612.450826180262
1,107,0.0
1,108,1706.7352598285906
1,109,0.0
1,110,1408.267973940725
1,111,1758.3758784155543
1,112,0.0
1,113,17985.667264009695
1,114,148.75754200225492
1,115,-18026.903566790592
1,116,0.0
1,117,0.0
1,118,7303.40745508753
1,119,0.0
1,120,130.96139623477484
1,121,0.0
1,122,8.873630552579016
1,123,0.0
1,124,0.0
1,125,0.0
1,126,22793.784080360347
1,127,0.0
1,128,0.0
1,129,0.0
1,130,4.779176543680478
1,131,0.0
1,132,0.0
1,133,0.0
1,134,1649.5109485880603
1,135,0.0
1,136,7553.244114603258
1,137,4.500865625328515
1,138,26416.160587264687
1,139,0.0
1,140,0.0
1,141,1701.7356103339553
1,142,0.0
1,143,0.0
1,144,11555.321830256804
1,145,3931.4496767667297
1,146,0.0
1,147,12299.068542272125
1,148,5734.657833706351
1,149,0.0
1,150,0.0
1,151,2.0866056550903522
1,152,0.0
1,153,0.0
1,154,12347.688199110298
1,155,526.3645045055018
1,156,0.0
1,157,1116.647025546581
1,158,0.0
1,159,0.0
1,160,11.956567511173489
1,161,0.0
1,162,0.0
1,163,1849.05914311991
1,164,24.187402457507233
1,165,0.0
1,166,0.0
1,167,10.693268448143499
1,168,12.24813655804428
1,169,27.104312078545263
1,170,0.0
1,171,0.0
1,172,878.1174915764641
1,173,1718.9928150745945
1,174,0.0
1,175,0.0
1,176,24.106792956496975
1,177,0.0
1,178,0.0
1,179,1856.3506763266523
1,180,29.611996840440952
1,181,13.917628630514628
1,182,12.729286706882704
1,183,0.0
1,184,0.0
1,185,0.0
1,186,0.0
1,187,7949.290309450709
1,188,12.203849813531633
1,189,2706.227595876655
1,190,0.0
1,191,0.0
1,192,1772.3921540301453
1,193,24.445561995049502
1,194,0.0
1,195,1570.662736608465
1,196,0.0
1,197,12296.956628774213
1,198,1649.7799441706738
1,199,12031.186318789252
1,200,1491.1081756048698
1,201,0.0
1,202,0.0
1,203,0.0
1,204,0.0
1,205,0.0
1,206,0.0
1,207,24.298260385387948
1,208,0.0
1,209,0.0
1,210,0.0
1,211,0.0
1,212,0.0
1,213,0.0
1,214,18104.742987197937
1,215,263.13399200630465
1,216,0.0
1,217,0.0
1,218,0.0
1,219,0.0
1,220,0.0
1,221,0.0
1,222,6706.142206803255
1,223,0.0
1,224,0.0
1,225,0.0
1,226,12.24813655804428
1,227,2323.227253961748
1,228,457.93308062590586
1,229,0.0
1,230,10476.266092860205
1,231,0.0
1,232,20.341149218028477
1,233,2536.308452004969
1,234,0.0
1,235,0.0
1,236,0.0
1,237,1649.7655503915084
1,238,0.0
1,239,0.0
1,240,1408.41504607541
1,241,0.0
1,242,0.0
1,243,27431.199987189913
1,244,148.75754200225492
1,245,12296.337936529384
1,246,0.0
1,247,273.8569844077683
1,248,0.0
1,249,32035.21606944854
1,250,0.0
1,251,0.0
1,252,0.0
1,253,0.0
1,254,0.0
1,255,0.0
1,256,19100.521834926534
1,257,0.0
1,258,4.480431308107654
1,259,29.595029210055145
1,260,0.0
1,261,12.758676214688421
1,262,1570.2049594229575
1,263,2.374174589416725
1,264,0.0
1,265,0.0
1,266,0.0
1,267,0.0
1,268,0.0
1,269,0.0
1,270,20.708661800156733
1,271,0.0
1,272,1493.5775248286445
1,273,11615.92994913301
1,274,1612.1904099578169
1,275,6068.348354808115
1,276,0.0
1,277,0.0
1,278,0.0
1,279,0.0
1,280,0.0
1,281,25600.75321393867
1,282,0.0
1,283,19099.152804579702
1,284,0.0
1,285,0.0
1,286,23.22909023772081
1,287,0.0
1,288,0.0
1,289,0.0
1,290,174.69196889856903
1,291,0.0
1,292,0.0
1,293,0.0
1,294,10.289719254399643
1,295,0.0
1,296,0.0
1,297,0.0
1,298,11136.486202277734
1,299,0.0
1,300,4.888336425166017
1,301,0.0
1,302,0.0
1,303,11597.541455114151
1,304,0.0
1,305,0.0
1,306,10053.052901970921
1,307,0.0
1,308,0.0
1,309,0.0
1,310,11099.68165283345
1,311,1706.5991490430351
1,312,0.0
1,313,0.0
1,314,28624.247097550768
1,315,1706.664039750547
1,316,20.868352513889477
1,317,0.0
1,318,0.0
1,319,61.17336578945924
1,320,0.0
1,321,0.0
1,322,0.0
1,323,0.0
1,324,10.184465125429597
1,325,20.96176612363797
1,326,20283.184920912383
1,327,2227.576941976665
1,328,21673.175554666595
1,329,1117.0744532376793
1,330,1758.4140993901092
1,331,0.0
1,332,1389.8586612744075
1,333,20.450927117538413
1,334,20.110445998597243
1,335,4352.891900548664
1,336,1252.497366040806
1,337,0.9756003152288031
1,338,0.0
1,339,6760.380309907414
1,340,1757.9361765100475
1,341,21327.519561010537
1,342,153696.82567929366
1,343,0.0
1,344,0.0
1,345,0.0
1,346,7647.194425533147
1,347,0.0
1,348,0.0
1,349,0.0
1,350,0.0
1,351,0.0
1,352,0.0
1,353,0.0
1,354,0.0
1,355,16084.081228841318
1,356,24205.14884735283
1,357,0.0
1,358,0.0
1,359,4576.053894876604
1,360,86606.26376318422
1,361,42.23065439811944
1,362,0.0
1,363,0.0
1,364,6156.904491852612
1,365,1570.7463825781342
1,366,0.0
1,367,0.0
1,368,1107.7462414543006
1,369,0.0
1,370,7038.739363080676
1,371,2403.192232066496
1,372,389.6140530999037
1,373,39.973744080478355
1,374,0.0
1,375,7075.166895070843
1,376,1687.0377215270819
1,377,18026.978827379353
1,378,0.0
1,379,0.0
1,380,11.27418814568864
1,381,0.0
1,382,12283.19435187021
1,383,1992.7731104359736
1,384,0.0
1,385,0.0
1,386,0.0
1,387,0.0
1,388,1758.2654550174593
1,389,0.9756003152288031
1,390,0.0
1,391,0.0
1,392,0.0
1,393,17.66823679155641
1,394,0.0
1,395,0.0
1,396,0.0
1,397,0.0
1,398,10.184465125429597
1,399,19.853158915861968
1,400,12837.020954332684
1,401,0.0
1,402,19626.84906061273
1,403,0.0
1,404,0.0
1,405,3.1228584688760748
1,406,0.0
1,407,0.0
1,408,5773.542850773186
1,409,0.0
1,410,0.0
1,411,0.0
1,412,496.46043377789465
1,413,0.0
1,414,0.0
1,415,3624.907027695892
1,416,0.0
1,417,0.0
1,418,0.0
1,419,0.0
1,420,0.0
1,421,0.0
1,422,262.58943996202015
1,423,12265.37155602143
1,424,6470.676644355022
1,425,8.786862622466288
1,426,0.0
1,427,0.0
1,428,0.0
1,429,120.92442329614732
1,430,0.0
1,431,0.0
1,432,13.577069905866665
1,433,0.0
1,434,0.0
1,435,0.0
1,436,0.0
1,437,0.0
1,438,0.0
1,439,1712.5189657621522
1,440,41314.63333366037
1,441,7791.0370857745365
1,442,21115.548629253488
1,443,148.75754200225492
1,444,1669.6714882787528
1,445,0.0
1,446,1772.4727846155365
1,447,528.914638438966
1,448,75.78133405864355
1,449,4803.053621257164
1,450,0.0
1,451,311.8974236476015
1,452,20962.574668326917
1,453,1712.7149987380362
1,454,0.0
1,455,0.0
1,456,0.0
1,457,11.125571185487388
1,458,6725.446740857027
1,459,0.0
1,460,0.0
1,461,0.0
1,462,0.0
1,463,0.0
1,464,3541.04376706782
1,465,2105.303005587164
1,466,10062.174675069044
1,467,0.0
1,468,0.0
1,469,0.0
1,470,0.0
1,471,1522.5877778633985
1,472,10.63791846327149
1,473,0.0
1,474,1522.625567263629
1,475,0.0
1,476,0.0
1,477,0.0
1,478,11426.844189744254
1,479,0.0
1,480,0.0
1,481,8.802522070744999
1,482,97.26427473945932
1,483,0.0
1,484,23.599063643499903
1,485,0.0
1,486,0.0
1,487,30.194743146228575
1,488,15.031959102288965
1,489,0.0
1,490,14.605872131511205
1,491,0.0
1,492,0.0
1,493,0.0
1,494,0.0
1,495,84.20278858513575
1,496,0.0
1,497,0.0
1,498,1725.5303334182208
1,499,0.0
1,500,13647.150980880155
1,501,0.0
1,502,1745.43259862563
1,503,0.0
1,504,0.0
1,505,21242.508397077967
1,506,0.0
1,507,0.0
1,508,1493.5775248286445
1,509,32498.250312767414
1,510,0.0
1,511,21264.818134332563
2,0,0.0
2,1,29.611996840440952
2,2,0.0
2,3,131.00233746407412
2,4,0.0
2,5,0.0
2,6,2151.793548396865
2,7,0.0
2,8,20.494209690260504
2,9,0.0
2,10,0.0
2,11,0.0
2,12,0.0
2,13,20.437124085055075
2,14,0.0
2,15,35.038473827706184
2,16,10.664756729688634
2,17,28.42579009360179
2,18,0.0
2,19,0.0
2,20,0.0
2,21,0.0
2,22,0.0
2,23,0.0
2,24,56.95803889112722
2,25,0.0
2,26,0.0
2,27,55.001191604890664
2,28,1494.2028141146075
2,29,0.0
2,30,0.0
2,31,0.0
2,32,0.0
2,33,1756.4937402819096
2,34,0.0
2,35,0.0
2,36,0.0
2,37,0.0
2,38,0.0
2,39,0.0
2,40,7949.290309450709
2,41,0.0
2,42,0.0
2,43,10.184465125429597
2,44,19.853158915861968
2,45,0.0
2,46,11.600647554895659
2,47,79527.03854413406
2,48,16.36140893523043
2,49,0.0
2,50,2181.182316257342
2,51,19848.273220932086
2,52,6587.747037709281
2,53,2939.1832875719083
2,54,6514.555099904606
2,55,2181.177278481133
2,56,0.0
2,57,33.313888111639244
2,58,1495.2793741034511
2,59,1493.9012002310192
2,60,0.0
2,61,0.0
2,62,0.0
2,63,0.0
2,64,1495.2830821275784
2,65,0.0
2,66,1954.309326262366
2,67,1758.2384545689965
2,68,500.4066469248055
2,69,80926.91919392439
2,70,9.968330918333777
2,71,0.0
2,72,0.0
2,73,1758.248979267264
2,74,0.0
2,75,0.0
2,76,2179.8805826623247
2,77,0.0
2,78,30.194743146228575
2,79,6.215730854820322
2,80,0.0
2,81,0.0
2,82,0.0
2,83,0.0
2,84,0.0
2,85,27.6898274447949
2,86,30.287992189772922
2,87,0.0
2,88,0.0
2,89,19.853158915861968
2,90,0.0
2,91,51.39033474981534
2,92,0.0
2,93,0.0
2,94,0.0
2,95,0.0
2,96,586.5325253139308
2,97,359.2821897281592
2,98,1689.2755432619524
2,99,0.0
2,100,37.99550568882023
2,101,0.0
2,102,0.0
2,103,64.90377743436693
2,104,0.0
2,105,0.0
2,106,0.0
2,107,0.0
2,108,0.0
2,109,12.444287348381295
2,110,0.0
2,111,0.0
2,112,0.0
2,113,0.0
2,114,1491.7988981222297
2,115,0.0
2,116,0.0
2,117,82.95424416877358
2,118,0.0
2,119,0.0
2,120,19835.603384581784
2,121,28.726933888799067
2,122,0.0
2,123,1836.8890474584914
2,124,15.73194585076817
2,125,0.0
2,126,0.0
2,127,0.0
2,128,1741.4052450073395
2,129,0.0
2,130,16.775929768662536
2,131,14.43421673962348
2,132,0.0
2,133,0.0
2,134,2188.3129660485756
2,135,0.0
2,136,5.13692708756389
2,137,30.183914583089972
2,138,29.00481164365192
2,139,7.808370100435241
2,140,2158.686201760356
2,141,20034.897082393265
2,142,1479.0605552288907
2,143,0.0
2,144,19.067217667117802
2,145,1500.0388991217587
2,146,20.529444492994116
2,147,0.0
2,148,16.95601853228891
2,149,271.5853892364903
2,150,0.0
2,151,0.0
2,152,12.758676214688421
2,153,2248.528374950991
2,154,16.063473073671958
2,155,0.0
2,156,0.0
2,157,7.500871181598086
2,158,0.0
2,159,9377.465042041746
2,160,1687.2075951749102
2,161,0.0
2,162,23417.699015269252
2,163,0.0
2,164,0.0
2,165,0.0
2,166,0.0
2,167,17.51069915565131
2,168,0.0
2,169,20.543204219768086
2,170,586.5325253139308
2,171,13.762785746706868
2,172,26471.343868561264
2,173,2188.3129660485756
2,174,40.422404915939296
2,175,500.304301023717
2,176,23.907730248561165
2,177,0.0
2,178,28.726933888799067
2,179,0.0
2,180,0.0
2,181,11.684994446995915
2,182,0.0
2,183,0.0
2,184,0.0
2,185,0.0
2,186,0.0
2,187,586.5325253139308
2,188,0.0
2,189,8.71914716845913
2,190,0.9756003152288031
2,191,0.0
2,192,329.48844353018194
2,193,12.729286706882704
2,194,0.0
2,195,8.71914716845913
2,196,29.00481164365192
2,197,20.450927117538413
2,198,1438.6587051537244
2,199,4904.942829160185
2,200,26.29886939809512
2,201,22.910997838066578
2,202,2.086832566297744
2,203,1824.493795923121
2,204,183.52180244424562
2,205,0.0
2,206,0.0
2,207,28.277077196935352
2,208,0.0
2,209,1752.5240196188897
2,210,0.0
2,211,0.0
2,212,0.0
2,213,0.0
2,214,0.0
2,215,0.0
2,216,19.86200251918399
2,217,0.0
2,218,2167.9800403380104
2,219,19.383370236661904
2,220,0.0
2,221,0.0
2,222,1758.4140993901092
2,223,0.0
2,224,17.262321499067184
2,225,7743.31047375784
2,226,1724.266287452865
2,227,12.758676214688421
2,228,10.900682883830086
2,229,0.0
2,230,1.2668374443646826
2,231,0.0
2,232,10.184465125429597
2,233,11.578977444184602
2,234,0.0
2,235,0.0
2,236,0.0
2,237,0.0
2,238,2121.9630467132083
2,239,10.865004664168737
2,240,0.0
2,241,0.0
2,242,0.0
2,243,20.529444492994116
2,244,0.0
2,245,479.2758972903921
2,246,1.740440638621294
2,247,13.200881411326918
2,248,18.90544690463139
2,249,30.976971670369494
2,250,38.82202930764379
2,251,4244.659511374346
2,252,0.0
2,253,0.0
2,254,11050.559800510498
2,255,30.54795632454534
2,256,20.543204219768086
2,257,0.0
2,258,1690.623086254509
2,259,0.0
2,260,0.0
2,261,0.0
2,262,0.0
2,263,0.0
2,264,0.0
2,265,0.0
2,266,0.0
2,267,12945.412423567164
2,268,0.0
2,269,2342.9155942279212
2,270,23425.93209607859
2,271,0.0
2,272,0.0
2,273,21508.408033847947
2,274,1741.6950368518555
2,275,58.26090395072424
2,276,0.0
2,277,19.853158915861968
2,278,0.0
2,279,16.028710975618196
2,280,2.086832566297744
2,281,0.0
2,282,0.0
2,283,12.007423516477502
2,284,0.0
2,285,0.0
2,286,1548.7331072148772
2,287,19.853158915861968
2,288,0.0
2,289,0.0
2,290,0.0
2,291,81.14733335448
2,292,0.0
2,293,0.0
2,294,6.933070417310773
2,295,22.173243805808852
2,296,0.0
2,297,30.603791060376352
2,298,0.0
2,299,22.88205284117612
2,300,21.703515610957766
2,301,0.0
2,302,0.0
2,303,11664.077708029221
2,304,0.0
2,305,16729.607424270464
2,306,1686.8316740996524
2,307,1724.049740391827
2,308,0.0
2,309,12773.196411111869
2,310,19.853158915861968
2,311,1.6154606912241434
2,312,0.0
2,313,0.0
2,314,0.0
2,315,2179.0589769873477
2,316,0.0
2,317,1687.1555355211676
2,318,1836.8890474584914
2,319,19.853158915861968
2,320,0.0
2,321,0.0
2,322,75.00019709703065
2,323,19.853158915861968
2,324,7582.529881837203
2,325,1954.309326262366
2,326,0.0
2,327,21852.510034888313
2,328,1954.309326262366
2,329,0.0
2,330,0.0
2,331,1494.0713311551553
2,332,14.43228692282446
2,333,9448.463842607976
2,334,2.0715015978848896
2,335,0.0
2,336,4.554084274239358
2,337,0.0
2,338,20.543204219768086
2,339,1954.309326262366
2,340,0.0
2,341,31.86240554924734
2,342,40.464427543687634
2,343,0.0
2,344,19.853158915861968
2,345,20.722870297321606
2,346,0.0
2,347,0.0
2,348,139.40972055276598
2,349,0.0
2,350,0.0
2,351,26471.343868561264
2,352,21.121900289193036
2,353,0.0
2,354,0.0
2,355,13.032656304301781
2,356,1702.8926374617004
2,357,1758.1135899293222
2,358,0.0
2,359,0.0
2,360,2631.3057098874633
2,361,0.0
2,362,1686.6953314826242
2,363,1687.1861010262546
2,364,0.0
2,365,0.0
2,366,20.543204219768086
2,367,0.0
2,368,0.0
2,369,0.0
2,370,0.0
2,371,0.0
2,372,0.0
2,373,5.823874102949958
2,374,4244.585497537264
2,375,0.0
2,376,0.0
2,377,1.4523709615141343
2,378,0.0
2,379,10.94035870019161
2,380,23.21334634802497
2,381,0.0
2,382,0.0
2,383,28.76361588432883
2,384,0.0
2,385,1758.1045169634199
2,386,2181.079156072683
2,387,8.71914716845913
2,388,0.0
2,389,0.0
2,390,4.554084274239358
2,391,0.0
2,392,996.0263611713581
2,393,12.417350284223176
2,394,0.0
2,395,0.0
2,396,0.0
2,397,0.0
2,398,0.0
2,399,1055.19379181373
2,400,0.0
2,401,0.0
2,402,16.02894804236439
2,403,28.960146377607998
2,404,4.964611314141621
2,405,0.0
2,406,0.0
2,407,19926.029318550005
2,408,20.543204219768086
2,409,0.0
2,410,0.0
2,411,0.0
2,412,0.0
2,413,554.4078248915957
2,414,20.552484383504634
2,415,1683.6934952236552
2,416,0.0
2,417,0.0
2,418,0.0
2,419,0.0
2,420,2.0715772306066356
2,421,1894.6834288500613
2,422,12.24813655804428
2,423,44.088123726816775
2,424,2.629594880557306
2,425,478.13587803047267
2,426,4.417595339822583
2,427,14.624637749852809
2,428,0.0
2,429,26.601331745830066
2,430,0.0
2,431,140.18252420583212
2,432,16.206878750285796
2,433,0.0
2,434,0.0
2,435,0.0
2,436,20.31650088956576
2,437,0.0
2,438,0.0
2,439,1894.6834288500613
2,440,0.0
2,441,0.0
2,442,4.554084274239358
2,443,24.21769804933774
2,444,0.0
2,445,102.02408506365191
2,446,0.0
2,447,1621.8783889019396
2,448,0.0
2,449,0.0
2,450,10.362835754353
2,451,586.5325253139308
2,452,0.9756003152288031
2,453,0.0
2,454,10.184465125429597
2,455,0.0
2,456,2179.8805826623247
2,457,0.0
2,458,0.0
2,459,20.79185559016514
2,460,15.490975492124562
2,461,6.393707284259108
2,462,0.0
2,463,1954.309326262366
2,464,0.0
2,465,0.0
2,466,0.0
2,467,0.0
2,468,30.976971670369494
2,469,0.0
2,470,0.0
2,471,0.0
2,472,0.0
2,473,15.994526165648494
2,474,0.0
2,475,0.0
2,476,0.0
2,477,0.0
2,478,28.866997756035744
2,479,30.544097446430897
2,480,0.0
2,481,1894.6834288500613
2,482,40029.75541508745
2,483,12639.198303907116
2,484,0.0
2,485,0.0
2,486,20.173626789170157
2,487,20.614246398537944
2,488,3.496076235682267
2,489,0.0
2,490,0.0
2,491,0.0
2,492,20.110445998597243
2,493,0.0
2,494,13.917628630514628
2,495,0.0
2,496,17.197877056180914
2,497,23.381763434377717
2,498,9323.039617820003
2,499,586.5325253139308
2,500,0.0
2,501,30.909717620535048
2,502,0.0
2,503,16.028710975618196
2,504,22.636514066813106
2,505,29.480524823639826
2,506,2249.995151457195
2,507,45.771156069073186
2,508,6242.440322095019
2,509,1494.4255798488957
2,510,1894.6834288500613
2,511,20.306286002002707
3,0,1894.6834288500613
3,1,586.5325253139308
3,2,12.673892280916334
3,3,23.21334634802497
3,4,0.0
3,5,30.19862272221326
3,6,0.0
3,7,2181.153647075993
3,8,16.014792425929954
3,9,20.722870297321606
3,10,0.0
3,11,31.000351147574293
3,12,0.0
3,13,1894.6834288500613
3,14,26471.343868561264
3,15,0.0
3,16,0.0
3,17,0.0
3,18,0.0
3,19,0.0
3,20,564.0307536359423
3,21,0.0
3,22,0.0
3,23,0.0
3,24,52.162886300416176
3,25,0.0
3,26,0.0
3,27,26471.343868561264
3,28,20.553730948457087
3,29,0.0
3,30,29.785341743558092
3,31,0.0
3,32,1715.1358402710139
3,33,0.0
3,34,29.185087039871178
3,35,1646.6641328835294
3,36,0.0
3,37,20.5354868787972
3,38,0.0
3,39,604.6376093556582
3,40,14.565882504154615
3,41,26.234974558139584
3,42,20.610762262002027
3,43,16.519875058451362
3,44,0.0
3,45,12926.08934628099
3,46,30.345506882345035
3,47,0.0
3,48,0.0
3,49,0.0
3,50,0.0
3,51,26.990053877873834
3,52,0.0
3,53,0.0
3,54,0.0
3,55,28.694850248645707
3,56,15479.040998648665
3,57,0.0
3,58,0.0
3,59,0.0
3,60,0.0
3,61,2179.8805826623247
3,62,0.0
3,63,4812.945132178374
3,64,0.0
3,65,0.0
3,66,30.81580504030626
3,67,6185.050608599543
3,68,0.0
3,69,0.0
3,70,0.0
3,71,0.0
3,72,0.0
3,73,33.55709526532246
3,74,26471.343868561264
3,75,16.028710975618196
3,76,0.0
3,77,0.0
3,78,0.0
3,79,4955.017959564862
3,80,0.0
3,81,0.0
3,82,0.0
3,83,0.0
3,84,0.0
3,85,26.947364520586234
3,86,0.0
3,87,0.0
3,88,125.9962405796432
3,89,34.70904116329166
3,90,0.0
3,91,1894.6834288500613
3,92,586.5325253139308
3,93,10.865004664168737
3,94,29.204614135759584
3,95,0.0
3,96,0.0
3,97,0.0
3,98,0.0
3,99,0.0
3,100,0.0
3,101,0.0
3,102,14.414547531056996
3,103,0.0
3,104,500.304301023717
3,105,1710.024523244574
3,106,0.0
3,107,20.543204219768086
3,108,50021.83669802295
3,109,0.0
3,110,0.0
3,111,30.976971670369494
3,112,0.0
3,113,0.0
3,114,0.0
3,115,35.982156752127594
3,116,16.028710975618196
3,117,10.7676726979862
3,118,27.316237840314898
3,119,14.414547531056996
3,120,1894.6834288500613
3,121,0.0
3,122,26471.343868561264
3,123,1771.7150298547967
3,124,0.0
3,125,37.91579075265054
3,126,0.0
3,127,0.0
3,128,3.58249795107713
3,129,26.234974558139584
3,130,0.0
3,131,0.0
3,132,0.0
3,133,0.0
3,134,0.0
3,135,13.511392888931368
3,136,0.0
3,137,0.0
3,138,16.028710975618196
3,139,0.0
3,140,0.0
3,141,4.417595339822583
3,142,0.0
3,143,0.0
3,144,10.920919123795102
3,145,0.0
3,146,0.0
3,147,0.0
3,148,144.51624598202852
3,149,20.631615091065214
3,150,0.0
3,151,0.0
3,152,35.72836844761605
3,153,1894.6834288500613
3,154,16.775929768662536
3,155,0.0
3,156,29.582373816613654
3,157,0.0
3,158,0.0
3,159,0.0
3,160,0.0
3,161,20.728567977685998
3,162,0.0
3,163,0.0
3,164,0.0
3,165,16.015316884392632
3,166,30.976971670369494
3,167,1894.6834288500613
3,168,16.150359528204717
3,169,0.0
3,170,26.453061811309453
3,171,0.0
3,172,0.0
3,173,0.0
3,174,0.0
3,175,0.0
3,176,16.028710975618196
3,177,26471.343868561264
3,178,0.0
3,179,0.0
3,180,16.028710975618196
3,181,39.912667144078114
3,182,0.0
3,183,0.0
3,184,0.0
3,185,16.028710975618196
3,186,0.0
3,187,16.028710975618196
3,188,24.82876210405084
3,189,1758.2144688476692
3,190,0.0
3,191,107.97199069773887
3,192,50.96911386575084
3,193,0.0
3,194,0.0
3,195,0.0
3,196,0.0
3,197,0.0
3,198,0.0
3,199,80.12800946321386
3,200,12773.196411111869
3,201,12871.98184247245
3,202,0.0
3,203,0.0
3,204,10.030564624371436
3,205,0.0
3,206,0.0
3,207,0.0
3,208,0.0
3,209,12871.98184247245
3,210,26471.343868561264
3,211,0.0
3,212,24.64412250058831
3,213,0.0
3,214,0.0
3,215,1894.6834288500613
3,216,26661.657545193273
3,217,0.0
3,218,0.0
3,219,497.20520723779373
3,220,23561.477664778085
3,221,13131.164970140893
3,222,0.0
3,223,30.327188129779643
3,224,0.0
3,225,0.0
3,226,0.0
3,227,19.262087379995137
3,228,0.0
3,229,0.0
3,230,19.68340673876355
3,231,41.852334571368374
3,232,25.967512868382983
3,233,17.526628063465978
3,234,26471.343868561264
3,235,11.064285675163774
3,236,28.045942767800625
3,237,0.0
3,238,35.53806529200483
3,239,9862.572442460201
3,240,0.0
3,241,77468.95203900152
3,242,0.0
3,243,1627.3681024814978
3,244,0.0
3,245,1894.6834288500613
3,246,0.0
3,247,0.0
3,248,23.882118929167518
3,249,0.0
3,250,0.0
3,251,28.866997756035744
3,252,0.0
3,253,1622.2790258397217
3,254,0.0
3,255,0.0
3,256,37.7379358238868
3,257,57.175500929564805
3,258,0.0
3,259,20.73359882333898
3,260,0.0
3,261,47.52039037507802
3,262,50.17703837348472
3,263,0.0
3,264,0.0
3,265,30.510964365913424
3,266,70.83135128218237
3,267,12926.08934628099
3,268,0.0
3,269,0.0
3,270,28.80472198511052
3,271,0.0
3,272,16.014792425929954
3,273,1.0489591023342655
3,274,0.0
3,275,0.0
3,276,28.918079159843728
3,277,0.0
3,278,0.0
3,279,0.0
3,280,30.544097446430897
3,281,0.0
3,282,0.0
3,283,1772.1174087199179
3,284,0.0
3,285,4812.945132178374
3,286,0.0
3,287,0.0
3,288,20.722870297321606
3,289,10.838339865131275
3,290,16.731784189209066
3,291,0.0
3,292,15.171106227910968
3,293,30.972974628839438
3,294,43780.265029882794
3,295,2186.1632419988855
3,296,2186.1632419988855
3,297,15.424859474324876
3,298,16.028710975618196
3,299,2178.9589269366406
3,300,16.775929768662536
3,301,0.0
3,302,0.0
3,303,0.0
3,304,10806.232501728337
3,305,0.0
3,306,25.553834025246033
3,307,0.0
3,308,0.0
3,309,101858.3619115594
3,310,0.0
3,311,0.0
3,312,1758.7786269246426
3,313,28.826535827145563
3,314,30.54795632454534
3,315,0.0
3,316,15353.90138656117
3,317,20.722870297321606
3,318,0.0
3,319,0.0
3,320,251.9990336577157
3,321,26471.343868561264
3,322,0.0
3,323,0.0
3,324,1894.6834288500613
3,325,0.0
3,326,0.0
3,327,0.0
3,328,1286.6462157912028
3,329,9796.497900287897
3,330,19.647629008632975
3,331,28.045942767800625
3,332,0.0
3,333,12.949528835765705
3,334,0.0
3,335,0.0
3,336,1894.6834288500613
3,337,0.0
3,338,0.0
3,339,20.85815836304937
3,340,20.728567977685998
3,341,20.550008097374302
3,342,0.0
3,343,0.0
3,344,16.775929768662536
3,345,0.0
3,346,0.0
3,347,0.0
3,348,20.537853854774767
3,349,0.0
3,350,0.0
3,351,39.97006634754962
3,352,68.67798725469493
3,353,0.0
3,354,38.144363979557966
3,355,28.918079159843728
3,356,7333.844442012476
3,357,7020.499606987287
3,358,1530.2945758840433
3,359,1894.6834288500613
3,360,21.815628838876364
3,361,0.0
3,362,4.554084274239358
3,363,10806.232501728337
3,364,0.0
3,365,0.0
3,366,12719.576399022586
3,367,0.0
3,368,0.0
3,369,0.0
3,370,28.80472198511052
3,371,28.87553493136602
3,372,0.0
3,373,12773.196411111869
3,374,316.70384349449614
3,375,0.0
3,376,0.0
3,377,0.0
3,378,0.0
3,379,39.912667144078114
3,380,16.028710975618196
3,381,5.183641081762289
3,382,0.0
3,383,0.0
3,384,16.01667403591091
3,385,1894.6834288500613
3,386,0.0
3,387,0.0
3,388,37.7379358238868
3,389,0.0
3,390,0.0
3,391,0.0
3,392,0.0
3,393,0.0
3,394,0.0
3,395,1713.5272444266375
3,396,0.0
3,397,0.0
3,398,0.0
3,399,1894.6834288500613
3,400,0.0
3,401,1515.504182061588
3,402,0.0
3,403,0.0
3,404,14.680754385271939
3,405,34.59463512475031
3,406,38.112436999186684
3,407,0.0
3,408,0.0
3,409,0.0
3,410,140.74428152807286
3,411,0.0
3,412,0.0
3,413,0.0
3,414,1894.6834288500613
3,415,30.96815999889168
3,416,34.14735423499678
3,417,0.0
3,418,20.543204219768086
3,419,0.0
3,420,16714.360648211124
3,421,586.5325253139308
3,422,0.0
3,423,20.68492170614809
3,424,16.775929768662536
3,425,0.0
3,426,0.0
3,427,0.0
3,428,0.0
3,429,0.0
3,430,20.27649369649589
3,431,0.0
3,432,0.0
3,433,0.0
3,434,14.414547531056996
3,435,0.0
3,436,0.0
3,437,609.7535581479788
3,438,26471.343868561264
3,439,20.765404182451675
3,440,0.0
3,441,0.0
3,442,28.918079159843728
3,443,0.0
3,444,27.132588282444885
3,445,62.1900944732206
3,446,16.02894804236439
3,447,1713.5296087998759
3,448,0.0
3,449,0.0
3,450,0.0
3,451,1627.3681024814978
3,452,0.0
3,453,0.0
3,454,0.0
3,455,1894.6834288500613
3,456,19.68340673876355
3,457,0.0
3,458,27.824861983253868
3,459,8539.890363339331
3,460,0.0
3,461,28.992304550294648
3,462,16.028710975618196
3,463,57.175500929564805
3,464,0.0
3,465,0.0
3,466,0.0
3,467,0.0
3,468,30.976971670369494
3,469,0.0
3,470,0.0
3,471,0.0
3,472,0.0
3,473,0.0
3,474,0.0
3,475,58.726236163671274
3,476,48.773957746950146
3,477,0.0
3,478,0.0
3,479,22.226627857182393
3,480,0.0
3,481,4130.077521223727
3,482,41.78770318793249
3,483,0.0
3,484,0.0
3,485,0.0
3,486,0.0
3,487,0.0
3,488,0.0
3,489,0.0
3,490,0.0
3,491,0.0
3,492,1894.6834288500613
3,493,0.0
3,494,26471.343868561264
3,495,40.289106263864596
3,496,0.0
3,497,1689.2755432619524
3,498,2158.686201760356
3,499,37.0110230784494
3,500,26.770651134818763
3,501,1741.488618210038
3,502,20.732746222997775
3,503,13283.023146188167
3,504,0.0
3,505,0.0
3,506,18.882569865894766
3,507,5.183641081762289
3,508,0.0
3,509,37.7379358238868
3,510,2248.207538207542
3,511,13.778630887901272
4,0,0.0
4,1,0.0
4,2,0.0
4,3,23.542391853228764
4,4,0.0
4,5,1894.6834288500613
4,6,0.0
4,7,0.0
4,8,0.0
4,9,0.0
4,10,0.0
4,11,10806.232501728337
4,12,0.0
4,13,0.0
4,14,12795.79376361007
4,15,1894.6834288500613
4,16,0.0
4,17,0.0
4,18,1894.6834288500613
4,19,0.0
4,20,0.0
4,21,0.0
4,22,0.0
4,23,0.0
4,24,0.0
4,25,0.0
4,26,0.0
4,27,26471.343868561264
4,28,0.0
4,29,23.542391853228764
4,30,0.0
4,31,0.0
4,32,0.0
4,33,0.0
4,34,0.0
4,35,0.0
4,36,0.0
4,37,0.0
4,38,0.0
4,39,0.0
4,40,25.51091450833701
4,41,0.0
4,42,0.0
4,43,0.0
4,44,26471.343868561264
4,45,0.0
4,46,0.0
4,47,0.0
4,48,0.0
4,49,0.0
4,50,134.0750275209839
4,51,0.0
4,52,0.0
4,53,14.666219230406568
4,54,0.0
4,55,0.0
4,56,0.0
4,57,0.0
4,58,0.0
4,59,0.0
4,60,12795.79376361007
4,61,0.0
4,62,37.641657438075526
4,63,0.0
4,64,0.0
4,65,1894.6834288500613
4,66,0.0
4,67,0.0
4,68,0.0
4,69,0.0
4,70,0.0
4,71,0.0
4,72,17.746354649492787
4,73,0.0
4,74,0.0
4,75,0.0
4,76,0.0
4,77,0.0
4,78,0.0
4,79,0.0
4,80,0.0
4,81,0.0
4,82,12713.04734324345
4,83,0.0
4,84,26471.343868561264
4,85,26661.657545193273
4,86,0.0
4,87,0.0
4,88,0.0
4,89,1894.6834288500613
4,90,0.0
4,91,26661.657545193273
4,92,0.0
4,93,0.0
4,94,0.0
4,95,0.0
4,96,0.0
4,97,0.0
4,98,0.0
4,99,0.0
4,100,0.0
4,101,0.0
4,102,0.0
4,103,0.0
4,104,51.36944044549
4,105,0.0
4,106,0.0
4,107,0.0
4,108,0.0
4,109,0.0
4,110,0.0
4,111,0.0
4,112,0.0
4,113,0.0
4,114,0.0
4,115,962.9315791382178
4,116,0.0
4,117,26471.343868561264
4,118,0.0
4,119,0.0
4,120,0.0
4,121,0.0
4,122,0.0
4,123,0.0
4,124,0.0
4,125,0.0
4,126,0.0
4,127,0.0
4,128,32.821813853396634
4,129,0.0
4,130,0.0
4,131,0.0
4,132,0.0
4,133,0.0
4,134,0.0
4,135,0.0
4,136,0.0
4,137,0.0
4,138,0.0
4,139,0.0
4,140,0.0
4,141,0.0
4,142,0.0
4,143,0.0
4,144,0.0
4,145,0.0
4,146,0.0
4,147,0.0
4,148,146.80868507569176
4,149,0.0
4,150,0.0
4,151,0.0
4,152,0.0
4,153,0.0
4,154,0.0
4,155,0.0
4,156,0.0
4,157,241.77184444128216
4,158,0.0
4,159,0.0
4,160,0.0
4,161,0.0
4,162,0.0
4,163,14686.589104849245
4,164,586.5325253139308
4,165,26471.343868561264
4,166,0.0
4,167,26471.343868561264
4,168,0.0
4,169,1894.6834288500613
4,170,0.0
4,171,0.0
4,172,0.0
4,173,0.0
4,174,11.838702412552266
4,175,0.0
4,176,0.0
4,177,0.0
4,178,0.0
4,179,0.0
4,180,0.0
4,181,0.0
4,182,0.0
4,183,12713.04734324345
4,184,0.0
4,185,0.0
4,186,0.0
4,187,0.0
4,188,0.0
4,189,0.0
4,190,0.0
4,191,0.0
4,192,0.0
4,193,0.0
4,194,0.0
4,195,0.0
4,196,0.0
4,197,26471.343868561264
4,198,16.01671627700034
4,199,12767.334955505412
4,200,0.0
4,201,0.0
4,202,0.0
4,203,0.0
4,204,1018.9125421725466
4,205,1894.6834288500613
4,206,0.0
4,207,0.0
4,208,0.0
4,209,28.80472198511052
4,210,0.0
4,211,0.0
4,212,0.0
4,213,0.0
4,214,0.0
4,215,0.0
4,216,0.0
4,217,0.0
4,218,0.0
4,219,0.0
4,220,26471.343868561264
4,221,0.0
4,222,0.0
4,223,0.0
4,224,0.0
4,225,0.0
4,226,0.0
4,227,12871.98184247245
4,228,1894.6834288500613
4,229,0.0
4,230,1894.6834288500613
4,231,0.0
4,232,12795.79376361007
4,233,0.0
4,234,1894.6834288500613
4,235,0.0
4,236,0.0
4,237,0.0
4,238,0.0
4,239,0.0
4,240,0.0
4,241,0.0
4,242,0.0
4,243,828.8577597830126
4,244,0.0
4,245,22.910997838066578
4,246,26607.98108335281
4,247,0.0
4,248,0.0
4,249,0.0
4,250,0.0
4,251,14686.589104849245
4,252,0.0
4,253,0.0
4,254,0.0
4,255,0.0
4,256,13.115945283896508
4,257,0.0
4,258,1894.6834288500613
4,259,0.0
4,260,0.0
4,261,1894.6834288500613
4,262,0.0
4,263,0.0
4,264,0.0
4,265,26661.657545193273
4,266,0.0
4,267,0.0
4,268,26661.657545193273
4,269,0.0
4,270,0.0
4,271,0.0
4,272,0.0
4,273,0.0
4,274,0.0
4,275,1894.8413948557718
4,276,15.627414568417407
4,277,0.0
4,278,0.0
4,279,12.932607875644862
4,280,0.0
4,281,0.0
4,282,0.0
4,283,0.0
4,284,0.0
4,285,0.0
4,286,0.0
4,287,0.0
4,288,0.0
4,289,0.0
4,290,0.0
4,291,0.0
4,292,0.0
4,293,1894.6834288500613
4,294,1894.6834288500613
4,295,0.0
4,296,0.0
4,297,0.0
4,298,0.0
4,299,0.0
4,300,1894.6834288500613
4,301,0.0
4,302,0.0
4,303,12795.79376361007
4,304,0.0
4,305,0.0
4,306,0.0
4,307,0.0
4,308,0.0
4,309,0.0
4,310,1894.7836132919947
4,311,0.0
4,312,0.0
4,313,1894.6834288500613
4,314,0.0
4,315,0.0
4,316,0.0
4,317,0.0
4,318,0.0
4,319,0.0
4,320,0.0
4,321,0.0
4,322,0.0
4,323,2181.153647075993
4,324,0.0
4,325,0.0
4,326,0.0
4,327,0.0
4,328,0.0
4,329,0.0
4,330,0.0
4,331,0.0
4,332,0.0
4,333,26661.657545193273
4,334,0.0
4,335,2178.9496735064386
4,336,0.0
4,337,0.0
4,338,0.0
4,339,0.0
4,340,0.0
4,341,12871.98184247245
4,342,0.0
4,343,0.0
4,344,0.0
4,345,0.0
4,346,0.0
4,347,0.0
4,348,0.0
4,349,0.0
4,350,0.0
4,351,0.0
4,352,0.0
4,353,17.983754492994194
4,354,0.0
4,355,0.0
4,356,0.0
4,357,0.0
4,358,0.0
4,359,0.0
4,360,42.03180573982445
4,361,0.0
4,362,0.0
4,363,0.0
4,364,0.0
4,365,0.0
4,366,0.0
4,367,1894.6834288500613
4,368,0.0
4,369,0.0
4,370,0.0
4,371,0.0
4,372,0.0
4,373,0.0
4,374,0.0
4,375,0.0
4,376,0.0
4,377,5304.26298330323
4,378,0.0
4,379,0.0
4,380,0.0
4,381,0.0
4,382,0.0
4,383,0.0
4,384,0.0
4,385,12871.98184247245
4,386,0.0
4,387,0.0
4,388,0.0
4,389,0.0
4,390,0.0
4,391,26471.343868561264
4,392,0.0
4,393,0.0
4,394,0.0
4,395,0.0
4,396,0.0
4,397,0.0
4,398,0.0
4,399,0.0
4,400,0.0
4,401,12871.98184247245
4,402,0.0
4,403,0.0
4,404,0.0
4,405,0.0
4,406,0.0
4,407,1894.6834288500613
4,408,0.0
4,409,0.0
4,410,4.112652545833953
4,411,80.88625721011704
4,412,0.0
4,413,0.0
4,414,1894.6834288500613
4,415,1894.6834288500613
4,416,0.0
4,417,0.0
4,418,0.0
4,419,0.0
4,420,0.0
4,421,0.0
4,422,0.0
4,423,0.0
4,424,0.0
4,425,0.0
4,426,0.0
4,427,0.0
4,428,10806.232501728337
4,429,0.0
4,430,0.0
4,431,0.0
4,432,0.0
4,433,0.0
4,434,0.0
4,435,0.0
4,436,0.0
4,437,0.0
4,438,0.0
4,439,34.54189443292762
4,440,0.0
4,441,0.0
4,442,0.0
4,443,22840.683020875862
4,444,0.0
4,445,0.0
4,446,0.0
4,447,0.0
4,448,23.248044678372935
4,449,0.0
4,450,0.0
4,451,0.0
4,452,12767.334955505412
4,453,0.0
4,454,0.0
4,455,0.0
4,456,1894.6834288500613
4,457,26471.343868561264
4,458,0.0
4,459,1894.6834288500613
4,460,0.0
4,461,0.0
4,462,0.0
4,463,21.766460482102957
4,464,0.0
4,465,0.0
4,466,0.0
4,467,0.0
4,468,0.0
4,469,0.0
4,470,0.0
4,471,0.0
4,472,21.063371746956363
4,473,0.0
4,474,26471.343868561264
4,475,12795.79376361007
4,476,42.03180573982445
4,477,0.0
4,478,0.0
4,479,0.0
4,480,0.0
4,481,26471.343868561264
4,482,0.0
4,483,22.44215757143411
4,484,12795.79376361007
4,485,0.0
4,486,1491.7988981222297
4,487,0.0
4,488,0.0
4,489,0.0
4,490,0.0
4,491,0.0
4,492,0.0
4,493,0.0
4,494,0.0
4,495,0.0
4,496,0.0
4,497,12719.576399022586
4,498,0.0
4,499,26.13186576985663
4,500,0.0
4,501,0.0
4,502,0.0
4,503,13.986011127468373
4,504,0.0
4,505,0.0
4,506,0.0
4,507,12871.98184247245
4,508,0.0
4,509,0.0
4,510,0.0
4,511,12871.98184247245
5,0,12719.967260637603
5,1,0.0
5,2,0.0
5,3,0.0
5,4,0.0
5,5,0.0
5,6,0.0
5,7,0.0
5,8,0.0
5,9,0.0
5,10,0.0
5,11,42.03180573982445
5,12,36.39597476069139
5,13,0.0
5,14,0.0
5,15,40.93740983526368
5,16,0.0
5,17,0.0
5,18,0.0
5,19,80.88625721011704
5,20,0.0
5,21,26661.657545193273
5,22,0.0
5,23,0.0
5,24,0.0
5,25,0.0
5,26,0.0
5,27,0.0
5,28,0.0
5,29,0.0
5,30,0.0
5,31,0.0
5,32,0.0
5,33,0.0
5,34,0.0
5,35,0.0
5,36,0.0
5,37,50.13484310797503
5,38,0.0
5,39,50.62440401900767
5,40,13122.190839767318
5,41,0.0
5,42,0.0
5,43,23.170448328060047
5,44,26661.657545193273
5,45,0.0
5,46,12719.576399022586
5,47,0.0
5,48,0.0
5,49,0.0
5,50,26471.343868561264
5,51,29.549500363938932
5,52,0.0
5,53,0.0
5,54,0.0
5,55,42.03180573982445
5,56,0.0
5,57,0.0
5,58,0.0
5,59,0.0
5,60,0.0
5,61,0.0
5,62,0.0
5,63,0.0
5,64,27.622465027629914
5,65,0.0
5,66,0.0
5,67,0.0
5,68,26661.657545193273
5,69,0.0
5,70,0.0
5,71,0.0
5,72,0.0
5,73,0.0
5,74,0.0
5,75,0.0
5,76,0.0
5,77,0.0
5,78,0.0
5,79,0.0
5,80,40.01376574544338
5,81,0.0
5,82,0.0
5,83,0.0
5,84,1894.6834288500613
5,85,0.0
5,86,1894.7327673176333
5,87,26661.657545193273
5,88,0.0
5,89,22840.683020875862
5,90,0.0
5,91,0.0
5,92,0.0
5,93,26471.343868561264
5,94,0.0
5,95,0.0
5,96,0.0
5,97,0.0
5,98,0.0
5,99,0.0
5,100,1894.8413948557718
5,101,0.0
5,102,0.0
5,103,0.0
5,104,0.0
5,105,0.0
5,106,0.0
5,107,0.0
5,108,1894.6834288500613
5,109,0.0
5,110,0.0
5,111,0.0
5,112,0.0
5,113,0.0
5,114,26661.657545193273
5,115,0.0
5,116,51.36944044549
5,117,0.0
5,118,34.60121695253201
5,119,0.0
5,120,0.0
5,121,0.0
5,122,37.40732751158794
5,123,0.0
5,124,34.28597937534687
5,125,0.0
5,126,0.0
5,127,0.0
5,128,0.0
5,129,0.0
5,130,0.0
5,131,0.0
5,132,0.0
5,133,0.0
5,134,0.0
5,135,0.0
5,136,0.0
5,137,0.0
5,138,13122.190839767318
5,139,0.0
5,140,0.0
5,141,0.0
5,142,0.0
5,143,0.0
5,144,0.0
5,145,0.0
5,146,0.0
5,147,0.0
5,148,0.0
5,149,0.0
5,150,0.0
5,151,0.0
5,152,0.0
5,153,0.0
5,154,0.0
5,155,0.0
5,156,41.83776634175592
5,157,0.0
5,158,26471.343868561264
5,159,0.0
5,160,0.0
5,161,26661.657545193273
5,162,0.0
5,163,0.0
5,164,0.0
5,165,0.0
5,166,26471.343868561264
5,167,0.0
5,168,0.0
5,169,0.0
5,170,0.0
5,171,0.0
5,172,42.596632863108425
5,173,0.0
5,174,18.91781955483839
5,175,36.37539594181726
5,176,0.0
5,177,41.83776634175592
5,178,0.0
5,179,0.0
5,180,0.0
5,181,0.0
5,182,0.0
5,183,0.0
5,184,0.0
5,185,0.0
5,186,0.0
5,187,12887.207297018265
5,188,0.0
5,189,0.0
5,190,0.0
5,191,0.0
5,192,0.0
5,193,0.0
5,194,0.0
5,195,0.0
5,196,0.0
5,197,0.0
5,198,0.0
5,199,0.0
5,200,0.0
5,201,0.0
5,202,1894.6834288500613
5,203,0.0
5,204,47.56099147791247
5,205,0.0
5,206,0.0
5,207,0.0
5,208,0.0
5,209,0.0
5,210,0.0
5,211,0.0
5,212,0.0
5,213,0.0
5,214,0.0
5,215,0.0
5,216,0.0
5,217,0.0
5,218,80.88625721011704
5,219,1894.6834288500613
5,220,26661.657545193273
5,221,1894.6834288500613
5,222,0.0
5,223,0.0
5,224,0.0
5,225,0.0
5,226,36.37539594181726
5,227,0.0
5,228,0.0
5,229,0.0
5,230,0.0
5,231,0.0
5,232,0.0
5,233,0.0
5,234,80.88625721011704
5,235,0.0
5,236,0.0
5,237,0.0
5,238,0.0
5,239,3174.349886278839
5,240,0.0
5,241,0.0
5,242,0.0
5,243,0.0
5,244,0.0
5,245,12719.576399022586
5,246,0.0
5,247,0.0
5,248,0.0
5,249,0.0
5,250,0.0
5,251,0.0
5,252,0.0
5,253,32.14518218752073
5,254,0.0
5,255,0.0
5,256,42.259127947739216
5,257,0.0
5,258,0.0
5,259,12767.334955505412
5,260,0.0
5,261,26471.343868561264
5,262,0.0
5,263,0.0
5,264,0.0
5,265,0.0
5,266,0.0
5,267,0.0
5,268,0.0
5,269,26471.343868561264
5,270,12719.576399022586
5,271,0.0
5,272,0.0
5,273,26471.343868561264
5,274,0.0
5,275,0.0
5,276,0.0
5,277,0.0
5,278,0.0
5,279,0.0
5,280,0.0
5,281,0.0
5,282,0.0
5,283,0.0
5,284,0.0
5,285,0.0
5,286,0.0
5,287,0.0
5,288,3126.290144118906
5,289,0.0
5,290,26661.657545193273
5,291,0.0
5,292,0.0
5,293,0.0
5,294,0.0
5,295,0.0
5,296,26661.657545193273
5,297,0.0
5,298,39.50177873826942
5,299,0.0
5,300,0.0
5,301,0.0
5,302,0.0
5,303,0.0
5,304,36.37539594181726
5,305,0.0
5,306,0.0
5,307,0.0
5,308,0.0
5,309,0.0
5,310,0.0
5,311,0.0
5,312,0.0
5,313,0.0
5,314,0.0
5,315,12719.576399022586
5,316,0.0
5,317,0.0
5,318,22.85439543627581
5,319,0.0
5,320,137176.8355080714
5,321,26661.657545193273
5,322,26471.343868561264
5,323,0.0
5,324,0.0
5,325,0.0
5,326,0.0
5,327,13122.190839767318
5,328,0.0
5,329,26471.343868561264
5,330,1490.4684595589351
5,331,10.122309752255205
5,332,0.0
5,333,0.0
5,334,12719.576399022586
5,335,0.0
5,336,0.0
5,337,0.0
5,338,0.0
5,339,0.0
5,340,50.62440401900767
5,341,0.0
5,342,13803.801616314004
5,343,0.0
5,344,80.88625721011704
5,345,0.0
5,346,0.0
5,347,18.863107311261047
5,348,34.54189443292762
5,349,0.0
5,350,1894.7327673176333
5,351,0.0
5,352,41.83776634175592
5,353,38.123446028072976
5,354,0.0
5,355,0.0
5,356,0.0
5,357,0.0
5,358,0.0
5,359,0.0
5,360,0.0
5,361,0.0
5,362,26471.343868561264
5,363,0.0
5,364,0.0
5,365,1894.6834288500613
5,366,26471.343868561264
5,367,0.0
5,368,0.0
5,369,0.0
5,370,38.89798088511816
5,371,0.0
5,372,0.0
5,373,0.0
5,374,0.0
5,375,0.0
5,376,0.0
5,377,0.0
5,378,0.0
5,379,0.0
5,380,1894.6834288500613
5,381,0.0
5,382,0.0
5,383,41.852334571368374
5,384,0.0
5,385,0.0
5,386,0.0
5,387,0.0
5,388,0.0
5,389,0.0
5,390,0.0
5,391,0.0
5,392,0.0
5,393,0.0
5,394,12719.576399022586
5,395,0.0
5,396,0.0
5,397,0.0
5,398,0.0
5,399,3.01607561016408
5,400,0.0
5,401,0.0
5,402,12795.79376361007
5,403,1894.6834288500613
5,404,0.0
5,405,0.0
5,406,41.83776634175592
5,407,0.0
5,408,0.0
5,409,14686.589104849245
5,410,0.0
5,411,0.0
5,412,0.0
5,413,0.0
5,414,0.0
5,415,0.0
5,416,0.0
5,417,0.0
5,418,0.0
5,419,0.0
5,420,0.0
5,421,12773.196411111869
5,422,0.0
5,423,0.0
5,424,0.0
5,425,0.0
5,426,0.0
5,427,0.0
5,428,0.0
5,429,0.0
5,430,0.0
5,431,0.0
5,432,0.0
5,433,41.852334571368374
5,434,0.0
5,435,0.0
5,436,0.0
5,437,0.0
5,438,0.0
5,439,20.553114860436835
5,440,0.0
5,441,0.0
5,442,0.0
5,443,0.0
5,444,0.0
5,445,0.0
5,446,0.0
5,447,0.0
5,448,0.0
5,449,0.0
5,450,26661.657545193273
5,451,0.0
5,452,0.0
5,453,0.0
5,454,0.0
5,455,0.0
5,456,0.0
5,457,1894.6834288500613
5,458,0.0
5,459,0.0
5,460,0.0
5,461,0.0
5,462,1894.6834288500613
5,463,41.83776634175592
5,464,0.0
5,465,0.0
5,466,1894.6834288500613
5,467,0.0
5,468,0.0
5,469,0.0
5,470,0.0
5,471,28.957952068041777
5,472,0.0
5,473,0.0
5,474,0.0
5,475,0.0
5,476,12713.04734324345
5,477,0.0
5,478,40.66758566571025
5,479,0.0
5,480,0.0
5,481,12795.79376361007
5,482,0.0
5,483,0.0
5,484,12719.576399022586
5,485,0.0
5,486,0.0
5,487,0.0
5,488,0.0
5,489,0.0
5,490,0.0
5,491,0.0
5,492,1894.6834288500613
5,493,0.0
5,494,0.0
5,495,0.0
5,496,0.0
5,497,0.0
5,498,0.0
5,499,0.0
5,500,0.0
5,501,42.03180573982445
5,502,26471.343868561264
5,503,0.0
5,504,0.0
5,505,0.0
5,506,0.0
5,507,39.11541135194784
5,508,3126.290144118906
5,509,0.0
5,510,0.0
5,511,12871.98184247245
6,0,0.0
6,1,0.0
6,2,0.0
6,3,0.0
6,4,0.0
6,5,0.0
6,6,0.0
6,7,0.0
6,8,0.0
6,9,0.0
6,10,0.0
6,11,0.0
6,12,42.03180573982445
6,13,0.0
6,14,0.0
6,15,0.0
6,16,0.0
6,17,0.0
6,18,0.0
6,19,0.0
6,20,18.863107311261047
6,21,0.0
6,22,0.0
6,23,80.88625721011704
6,24,1490.4684595589351
6,25,40.66758566571025
6,26,0.0
6,27,0.0
6,28,0.0
6,29,0.0
6,30,1490.4684595589351
6,31,45.28213485546348
6,32,0.0
6,33,42.03180573982445
6,34,0.0
6,35,0.0
6,36,0.0
6,37,0.0
6,38,0.0
6,39,42.04833664367834
6,40,0.0
6,41,0.0
6,42,0.0
6,43,40.66758566571025
6,44,0.0
6,45,68.15206073280297
6,46,0.0
6,47,0.0
6,48,0.0
6,49,0.0
6,50,1894.6834288500613
6,51,0.0
6,52,0.0
6,53,0.0
6,54,0.0
6,55,41.83776634175592
6,56,0.0
6,57,0.0
6,58,26661.657545193273
6,59,0.0
6,60,0.0
6,61,0.0
6,62,0.0
6,63,48.71530335548414
6,64,1894.6834288500613
6,65,0.0
6,66,0.0
6,67,0.0
6,68,0.0
6,69,0.0
6,70,0.0
6,71,0.0
6,72,0.0
6,73,0.0
6,74,0.0
6,75,0.0
6,76,0.0
6,77,144.46970543497355
6,78,41.83776634175592
6,79,0.0
6,80,0.0
6,81,0.0
6,82,0.0
6,83,22840.683020875862
6,84,0.0
6,85,29.549500363938932
6,86,0.0
6,87,0.0
6,88,0.0
6,89,0.0
6,90,0.0
6,91,0.0
6,92,0.0
6,93,0.0
6,94,0.0
6,95,0.0
6,96,0.0
6,97,0.0
6,98,0.0
6,99,0.0
6,100,0.0
6,101,0.0
6,102,0.0
6,103,0.0
6,104,42.259127947739216
6,105,0.0
6,106,0.0
6,107,0.0
6,108,79.76051489064321
6,109,0.0
6,110,0.0
6,111,0.0
6,112,42.04833664367834
6,113,12795.79376361007
6,114,0.0
6,115,0.0
6,116,0.0
6,117,0.0
6,118,0.0
6,119,18.863107311261047
6,120,0.0
6,121,0.0
6,122,0.0
6,123,0.0
6,124,0.0
6,125,0.0
6,126,0.0
6,127,23.656527900983747
6,128,0.0
6,129,0.0
6,130,0.0
6,131,0.0
6,132,0.0
6,133,13122.190839767318
6,134,42.03180573982445
6,135,0.0
6,136,42.1147964128013
6,137,0.0
6,138,0.0
6,139,0.0
6,140,50.223703286013915
6,141,0.0
6,142,0.0
6,143,0.0
6,144,0.0
6,145,0.0
6,146,40.01376574544338
6,147,50.62440401900767
6,148,0.0
6,149,139.060583479858
6,150,0.0
6,151,43.13841571036937
6,152,42.259127947739216
6,153,0.0
6,154,0.0
6,155,0.0
6,156,18.91781955483839
6,157,0.0
6,158,0.0
6,159,0.0
6,160,34.28597937534687
6,161,0.0
6,162,0.0
6,163,42.03180573982445
6,164,0.0
6,165,0.0
6,166,0.0
6,167,0.0
6,168,0.0
6,169,80.88625721011704
6,170,0.0
6,171,0.0
6,172,0.0
6,173,0.0
6,174,0.0
6,175,0.0
6,176,0.0
6,177,42.03180573982445
6,178,23.992876587940373
6,179,0.0
6,180,0.0
6,181,35.83415332937875
6,182,0.0
6,183,80.88625721011704
6,184,0.0
6,185,0.0
6,186,97.3198623896842
6,187,0.0
6,188,0.0
6,189,272.5243875546621
6,190,0.0
6,191,0.0
6,192,0.0
6,193,80.88625721011704
6,194,0.0
6,195,0.0
6,196,0.0
6,197,0.0
6,198,1490.4684595589351
6,199,0.0
6,200,0.0
6,201,0.0
6,202,42.07592421514528
6,203,0.0
6,204,0.0
6,205,0.0
6,206,0.0
6,207,0.0
6,208,13137.578558799325
6,209,0.0
6,210,0.0
6,211,22840.683020875862
6,212,139.060583479858
6,213,41.852334571368374
6,214,0.0
6,215,0.0
6,216,0.0
6,217,42.04833664367834
6,218,0.0
6,219,0.0
6,220,79.76051489064321
6,221,0.0
6,222,42.03180573982445
6,223,41.852334571368374
6,224,0.0
6,225,0.0
6,226,22840.683020875862
6,227,43.06308358728256
6,228,0.0
6,229,0.0
6,230,0.0
6,231,0.0
6,232,0.0
6,233,0.0
6,234,0.0
6,235,0.0
6,236,0.0
6,237,0.0
6,238,0.0
6,239,0.0
6,240,0.0
6,241,0.0
6,242,0.0
6,243,0.0
6,244,23.645023066101203
6,245,56.34869616836568
6,246,23.597924618316938
6,247,0.0
6,248,1894.6834288500613
6,249,18.863107311261047
6,250,0.0
6,251,1490.4684595589351
6,252,0.0
6,253,21171.940466940126
6,254,0.0
6,255,0.0
6,256,0.0
6,257,0.0
6,258,0.0
6,259,0.0
6,260,0.0
6,261,0.0
6,262,0.0
6,263,12788.212785949845
6,264,457.32750028293594
6,265,0.0
6,266,0.0
6,267,0.0
6,268,26.770651134818763
6,269,0.0
6,270,0.0
6,271,0.0
6,272,0.0
6,273,0.0
6,274,0.0
6,275,0.0
6,276,88.60384978509683
6,277,0.0
6,278,0.0
6,279,18.863107311261047
6,280,0.0
6,281,0.0
6,282,44.19529785139457
6,283,0.0
6,284,35.03932717569751
6,285,0.0
6,286,0.0
6,287,0.0
6,288,0.0
6,289,0.0
6,290,0.0
6,291,0.0
6,292,0.0
6,293,0.0
6,294,0.0
6,295,0.0
6,296,0.0
6,297,0.0
6,298,0.0
6,299,0.0
6,300,0.0
6,301,0.0
6,302,0.0
6,303,0.0
6,304,0.0
6,305,0.0
6,306,0.0
6,307,0.0
6,308,49.70167066407794
6,309,42.259127947739216
6,310,0.0
6,311,0.0
6,312,0.0
6,313,0.0
6,314,56.43460957918796
6,315,0.0
6,316,0.0
6,317,15594.721359148281
6,318,0.0
6,319,0.0
6,320,0.0
6,321,42.04833664367834
6,322,0.0
6,323,28.42108872379231
6,324,0.0
6,325,0.0
6,326,0.0
6,327,873.7566814100064
6,328,0.0
6,329,21.72543017757289
6,330,0.0
6,331,0.0
6,332,0.0
6,333,0.0
6,334,2181.897110762482
6,335,0.0
6,336,605.7199233612973
6,337,0.0
6,338,0.0
6,339,23.645023066101203
6,340,0.0
6,341,0.0
6,342,0.0
6,343,0.0
6,344,0.0
6,345,0.0
6,346,0.0
6,347,0.0
6,348,0.0
6,349,22840.683020875862
6,350,43.65148978600064
6,351,0.0
6,352,0.0
6,353,19.270617928009415
6,354,24.329546179090357
6,355,0.0
6,356,1894.6834288500613
6,357,0.0
6,358,0.0
6,359,0.0
6,360,0.0
6,361,0.0
6,362,28.42108872379231
6,363,0.0
6,364,22840.683020875862
6,365,0.0
6,366,0.0
6,367,80.88625721011704
6,368,0.0
6,369,0.0
6,370,0.0
6,371,0.0
6,372,29.83882386397363
6,373,0.0
6,374,0.0
6,375,36.40229250934772
6,376,0.0
6,377,1894.6834288500613
6,378,0.0
6,379,0.0
6,380,0.0
6,381,0.0
6,382,0.0
6,383,0.0
6,384,0.0
6,385,0.0
6,386,0.0
6,387,12773.196411111869
6,388,0.0
6,389,14.720831398099108
6,390,1490.4684595589351
6,391,0.0
6,392,0.0
6,393,0.0
6,394,0.0
6,395,0.0
6,396,0.0
6,397,0.0
6,398,0.0
6,399,0.0
6,400,0.0
6,401,0.0
6,402,0.0
6,403,0.0
6,404,0.0
6,405,0.0
6,406,0.0
6,407,22840.683020875862
6,408,0.0
6,409,0.0
6,410,80.88625721011704
6,411,0.0
6,412,0.0
6,413,0.0
6,414,19.270617928009415
6,415,0.0
6,416,0.0
6,417,42.670579755061226
6,418,41.83776634175592
6,419,0.0
6,420,0.0
6,421,0.0
6,422,0.0
6,423,0.0
6,424,0.0
6,425,0.0
6,426,0.0
6,427,27.494166117392524
6,428,37.40732751158794
6,429,0.0
6,430,0.0
6,431,40.66758566571025
6,432,0.0
6,433,0.0
6,434,0.0
6,435,14686.589104849245
6,436,42.03180573982445
6,437,0.0
6,438,41.852334571368374
6,439,0.0
6,440,0.0
6,441,51.182502006916366
6,442,22840.683020875862
6,443,10.32519234278152
6,444,0.0
6,445,0.0
6,446,0.0
6,447,0.0
6,448,0.0
6,449,0.0
6,450,0.0
6,451,0.0
6,452,0.0
6,453,0.0
6,454,0.0
6,455,43.379639887833946
6,456,0.0
6,457,0.0
6,458,0.0
6,459,80.88625721011704
6,460,0.0
6,461,0.0
6,462,0.0
6,463,0.0
6,464,0.0
6,465,13122.190839767318
6,466,43.65148978600064
6,467,0.0
6,468,80.88625721011704
6,469,0.0
6,470,41.83776634175592
6,471,0.0
6,472,0.0
6,473,0.0
6,474,0.0
6,475,0.0
6,476,42.1147964128013
6,477,0.0
6,478,0.0
6,479,1490.4684595589351
6,480,0.0
6,481,0.0
6,482,0.0
6,483,0.0
6,484,0.0
6,485,0.0
6,486,10.32519234278152
6,487,0.0
6,488,93.74759825247475
6,489,1490.4684595589351
6,490,0.0
6,491,0.0
6,492,0.0
6,493,0.0
6,494,68.15206073280297
6,495,42.04833664367834
6,496,0.0
6,497,26.770651134818763
6,498,0.0
6,499,1490.4684595589351
6,500,0.0
6,501,0.0
6,502,0.0
6,503,0.0
6,504,0.0
6,505,0.0
6,506,0.0
6,507,0.0
6,508,0.0
6,509,79.76051489064321
6,510,0.0
6,511,0.0
7,0,0.0
7,1,22857.179526417887
7,2,0.0
7,3,0.0
7,4,43.65148978600064
7,5,0.0
7,6,0.0
7,7,0.0
7,8,0.0
7,9,0.0
7,10,0.0
7,11,0.0
7,12,0.0
7,13,0.0
7,14,0.0
7,15,0.0
7,16,0.0
7,17,0.0
7,18,0.0
7,19,0.0
7,20,40.66758566571025
7,21,0.0
7,22,0.0
7,23,80.88625721011704
7,24,1490.4684595589351
7,25,0.0
7,26,0.0
7,27,0.0
7,28,0.0
7,29,42.52880990667836
7,30,21.72543017757289
7,31,0.0
7,32,0.0
7,33,0.0
7,34,0.0
7,35,0.0
7,36,0.0
7,37,26.770651134818763
7,38,41.83776634175592
7,39,0.0
7,40,0.0
7,41,0.0
7,42,157.6119844873656
7,43,0.0
7,44,0.0
7,45,0.0
7,46,0.0
7,47,0.0
7,48,0.0
7,49,0.0
7,50,0.0
7,51,0.0
7,52,0.0
7,53,0.0
7,54,0.0
7,55,0.0
7,56,0.0
7,57,0.0
7,58,0.0
7,59,0.0
7,60,0.0
7,61,0.0
7,62,0.0
7,63,122.11838702433488
7,64,0.0
7,65,0.0
7,66,0.0
7,67,0.0
7,68,31905.182154014874
7,69,0.0
7,70,0.0
7,71,0.0
7,72,0.0
7,73,0.0
7,74,38.89798088511816
7,75,0.0
7,76,633.0877405451138
7,77,0.0
7,78,0.0
7,79,0.0
7,80,0.0
7,81,0.0
7,82,22840.683020875862
7,83,0.0
7,84,0.0
7,85,0.0
7,86,0.0
7,87,0.0
7,88,0.0
7,89,0.0
7,90,0.0
7,91,0.0
7,92,0.0
7,93,0.0
7,94,0.0
7,95,0.0
7,96,0.0
7,97,0.0
7,98,0.0
7,99,0.0
7,100,0.0
7,101,0.0
7,102,14.720831398099108
7,103,0.0
7,104,0.0
7,105,0.0
7,106,0.0
7,107,0.0
7,108,0.0
7,109,0.0
7,110,26471.343868561264
7,111,0.0
7,112,0.0
7,113,0.0
7,114,22840.683020875862
7,115,100.58746762142164
7,116,0.0
7,117,0.0
7,118,0.0
7,119,0.0
7,120,0.0
7,121,0.0
7,122,0.0
7,123,27.494166117392524
7,124,0.0
7,125,0.0
7,126,0.0
7,127,0.0
7,128,0.0
7,129,0.0
7,130,0.0
7,131,0.0
7,132,0.0
7,133,0.0
7,134,0.0
7,135,0.0
7,136,0.0
7,137,0.0
7,138,0.0
7,139,0.0
7,140,68.15206073280297
7,141,0.0
7,142,0.0
7,143,0.0
7,144,0.0
7,145,0.0
7,146,0.0
7,147,0.0
7,148,22840.683020875862
7,149,0.0
7,150,0.0
7,151,0.0
7,152,0.0
7,153,0.0
7,154,0.0
7,155,0.0
7,156,0.0
7,157,0.0
7,158,0.0
7,159,0.0
7,160,0.0
7,161,0.0
7,162,0.0
7,163,0.0
7,164,0.0
7,165,0.0
7,166,0.0
7,167,27.494166117392524
7,168,0.0
7,169,0.0
7,170,0.0
7,171,0.0
7,172,29.479545785191476
7,173,0.0
7,174,0.0
7,175,0.0
7,176,0.0
7,177,0.0
7,178,0.0
7,179,0.0
7,180,0.0
7,181,0.0
7,182,0.0
7,183,0.0
7,184,0.0
7,185,0.0
7,186,0.0
7,187,0.0
7,188,0.0
7,189,0.0
7,190,0.0
7,191,0.0
7,192,0.0
7,193,0.0
7,194,17.33781092498066
7,195,0.0
7,196,0.0
7,197,0.0
7,198,22840.683020875862
7,199,0.0
7,200,0.0
7,201,22840.683020875862
7,202,0.0
7,203,99.1572902206999
7,204,0.0
7,205,0.0
7,206,28.957952068041777
7,207,0.0
7,208,0.0
7,209,0.0
7,210,0.0
7,211,0.0
7,212,29.549500363938932
7,213,0.0
7,214,0.0
7,215,0.0
7,216,0.0
7,217,0.0
7,218,0.0
7,219,0.0
7,220,0.0
7,221,0.0
7,222,0.0
7,223,0.0
7,224,0.0
7,225,0.0
7,226,0.0
7,227,0.0
7,228,0.0
7,229,0.0
7,230,0.0
7,231,22840.683020875862
7,232,0.0
7,233,1490.4684595589351
7,234,0.0
7,235,0.0
7,236,0.0
7,237,26.770651134818763
7,238,0.0
7,239,0.0
7,240,0.0
7,241,0.0
7,242,0.0
7,243,0.0
7,244,0.0
7,245,0.0
7,246,0.0
7,247,29.549500363938932
7,248,0.0
7,249,22857.179526417887
7,250,0.0
7,251,0.0
7,252,0.0
7,253,0.0
7,254,0.0
7,255,0.0
7,256,80.87693010349722
7,257,0.0
7,258,0.0
7,259,0.0
7,260,29.71807295129838
7,261,0.0
7,262,0.0
7,263,0.0
7,264,0.0
7,265,0.0
7,266,0.0
7,267,22840.683020875862
7,268,0.0
7,269,0.0
7,270,0.0
7,271,0.0
7,272,0.0
7,273,0.0
7,274,0.0
7,275,38.341371921182144
7,276,0.0
7,277,0.0
7,278,0.0
7,279,30.901797041471582
7,280,0.0
7,281,88.60384978509683
7,282,0.0
7,283,0.0
7,284,0.0
7,285,0.0
7,286,0.0
7,287,0.0
7,288,0.0
7,289,0.0
7,290,0.0
7,291,0.0
7,292,597.3018077613815
7,293,0.0
7,294,0.0
7,295,0.0
7,296,0.0
7,297,0.0
7,298,0.0
7,299,0.0
7,300,0.0
7,301,0.0
7,302,0.0
7,303,0.0
7,304,0.0
7,305,0.0
7,306,0.0
7,307,0.0
7,308,0.0
7,309,13122.190839767318
7,310,0.0
7,311,0.0
7,312,0.0
7,313,18.335382525422574
7,314,0.0
7,315,22840.683020875862
7,316,0.0
7,317,68.15206073280297
7,318,26471.343868561264
7,319,0.0
7,320,0.0
7,321,0.0
7,322,0.0
7,323,0.0
7,324,0.0
7,325,29.71807295129838
7,326,0.0
7,327,0.0
7,328,28.300833095937378
7,329,0.0
7,330,0.0
7,331,0.0
7,332,0.0
7,333,0.0
7,334,0.0
7,335,0.0
7,336,0.0
7,337,0.0
7,338,0.0
7,339,0.0
7,340,0.0
7,341,0.0
7,342,0.0
7,343,0.0
7,344,0.0
7,345,22921.756024091745
7,346,0.0
7,347,0.0
7,348,0.0
7,349,0.0
7,350,0.0
7,351,0.0
7,352,1490.4684595589351
7,353,0.0
7,354,0.0
7,355,0.0
7,356,0.0
7,357,0.0
7,358,0.0
7,359,27.494166117392524
7,360,0.0
7,361,0.0
7,362,21.72543017757289
7,363,0.0
7,364,0.0
7,365,0.0
7,366,0.0
7,367,0.0
7,368,0.0
7,369,0.0
7,370,0.0
7,371,0.0
7,372,0.0
7,373,14.720831398099108
7,374,0.0
7,375,0.0
7,376,0.0
7,377,0.0
7,378,0.0
7,379,0.0
7,380,29.57864012182108
7,381,0.0
7,382,0.0
7,383,0.0
7,384,0.0
7,385,0.0
7,386,0.0
7,387,0.0
7,388,0.0
7,389,0.0
7,390,0.0
7,391,0.0
7,392,0.0
7,393,0.0
7,394,0.0
7,395,1490.4684595589351
7,396,0.0
7,397,0.0
7,398,0.0
7,399,0.0
7,400,0.0
7,401,0.0
7,402,0.0
7,403,28.300833095937378
7,404,0.0
7,405,1490.4684595589351
7,406,0.0
7,407,0.0
7,408,241.20264345006944
7,409,0.0
7,410,0.0
7,411,0.0
7,412,0.0
7,413,0.0
7,414,0.0
7,415,1490.4649498072322
7,416,14.720831398099108
7,417,0.0
7,418,26471.343868561264
7,419,0.0
7,420,26.770651134818763
7,421,0.0
7,422,0.0
7,423,0.0
7,424,0.0
7,425,0.0
7,426,0.0
7,427,0.0
7,428,0.0
7,429,0.0
7,430,0.0
7,431,0.0
7,432,0.0
7,433,0.0
7,434,0.0
7,435,0.0
7,436,0.0
7,437,0.0
7,438,0.0
7,439,0.0
7,440,54.98028964451623
7,441,0.0
7,442,0.0
7,443,0.0
7,444,0.0
7,445,0.0
7,446,0.0
7,447,0.0
7,448,0.0
7,449,0.0
7,450,0.0
7,451,0.0
7,452,0.0
7,453,0.0
7,454,0.0
7,455,0.0
7,456,0.0
7,457,0.0
7,458,0.0
7,459,0.0
7,460,0.0
7,461,0.0
7,462,1490.4684595589351
7,463,0.0
7,464,28.300833095937378
7,465,84.32162558247728
7,466,0.0
7,467,0.0
7,468,0.0
7,469,14.720831398099108
7,470,0.0
7,471,0.0
7,472,0.0
7,473,0.0
7,474,0.0
7,475,0.0
7,476,0.0
7,477,0.0
7,478,0.0
7,479,0.0
7,480,0.0
7,481,0.0
7,482,0.0
7,483,0.0
7,484,0.0
7,485,0.0
7,486,0.0
7,487,0.0
7,488,0.0
7,489,0.0
7,490,0.0
7,491,102.31117566551893
7,492,0.0
7,493,80.88625721011704
7,494,0.0
7,495,0.0
7,496,0.0
7,497,44.79113094567765
7,498,0.0
7,499,22840.683020875862
7,500,0.0
7,501,597.3018077613815
7,502,0.0
7,503,0.0
7,504,0.0
7,505,0.0
7,506,0.0
7,507,14.928372675611172
7,508,0.0
7,509,0.0
7,510,30.81560795911082
7,511,43.65148978600064
8,0,0.0
8,1,0.0
8,2,0.0
8,3,0.0
8,4,0.0
8,5,0.0
8,6,0.0
8,7,0.0
8,8,0.0
8,9,0.0
8,10,0.0
8,11,0.0
8,12,0.0
8,13,0.0
8,14,0.0
8,15,0.0
8,16,0.0
8,17,0.0
8,18,0.0
8,19,0.0
8,20,0.0
8,21,0.0
8,22,0.0
8,23,0.0
8,24,0.0
8,25,0.0
8,26,0.0
8,27,27.494166117392524
8,28,0.0
8,29,0.0
8,30,42.84810328887579
8,31,0.0
8,32,0.0
8,33,0.0
8,34,0.0
8,35,40.66758566571025
8,36,0.0
8,37,0.0
8,38,0.0
8,39,0.0
8,40,22913.245503894184
8,41,0.0
8,42,45.210387807867846
8,43,0.0
8,44,0.0
8,45,0.0
8,46,0.0
8,47,0.0
8,48,23218.03879321686
8,49,107.31450050500644
8,50,0.0
8,51,0.0
8,52,0.0
8,53,0.0
8,54,0.0
8,55,0.0
8,56,27.494166117392524
8,57,0.0
8,58,0.0
8,59,42.670579755061226
8,60,0.0
8,61,1491.4131863415241
8,62,80.87693010349722
8,63,0.0
8,64,0.0
8,65,0.0
8,66,0.0
8,67,0.0
8,68,0.0
8,69,0.0
8,70,0.0
8,71,0.0
8,72,40.66758566571025
8,73,0.0
8,74,0.0
8,75,0.0
8,76,0.0
8,77,22840.683020875862
8,78,0.0
8,79,0.0
8,80,0.0
8,81,0.0
8,82,0.0
8,83,0.0
8,84,0.0
8,85,0.0
8,86,0.0
8,87,0.0
8,88,0.0
8,89,0.0
8,90,0.0
8,91,0.0
8,92,0.0
8,93,103.9755000133091
8,94,0.0
8,95,0.0
8,96,0.0
8,97,0.0
8,98,0.0
8,99,0.0
8,100,76.29794939161457
8,101,0.0
8,102,0.0
8,103,0.0
8,104,0.0
8,105,0.0
8,106,0.0
8,107,0.0
8,108,0.0
8,109,206.96636943050544
8,110,0.0
8,111,0.0
8,112,0.0
8,113,0.0
8,114,0.0
8,115,0.0
8,116,0.0
8,117,0.0
8,118,0.0
8,119,0.0
8,120,0.0
8,121,0.0
8,122,0.0
8,123,0.0
8,124,0.0
8,125,0.0
8,126,0.0
8,127,0.0
8,128,0.0
8,129,0.0
8,130,0.0
8,131,0.0
8,132,0.0
8,133,0.0
8,134,0.0
8,135,25.82199281718931
8,136,0.0
8,137,0.0
8,138,0.0
8,139,0.0
8,140,0.0
8,141,113.88476725449163
8,142,0.0
8,143,0.0
8,144,0.0
8,145,0.0
8,146,0.0
8,147,0.0
8,148,44.79113094567765
8,149,22.520643844844926
8,150,0.0
8,151,0.0
8,152,0.0
8,153,0.0
8,154,0.0
8,155,0.0
8,156,0.0
8,157,0.0
8,158,0.0
8,159,0.0
8,160,0.0
8,161,102.31117566551893
8,162,0.0
8,163,0.0
8,164,0.0
8,165,0.0
8,166,0.0
8,167,0.0
8,168,0.0
8,169,0.0
8,170,0.0
8,171,0.0
8,172,0.0
8,173,0.0
8,174,0.0
8,175,0.0
8,176,0.0
8,177,0.0
8,178,0.0
8,179,0.0
8,180,0.0
8,181,0.0
8,182,0.0
8,183,0.0
8,184,0.0
8,185,0.0
8,186,0.0
8,187,0.0
8,188,0.0
8,189,0.0
8,190,0.0
8,191,0.0
8,192,0.0
8,193,0.0
8,194,0.0
8,195,0.0
8,196,597.3018077613815
8,197,0.0
8,198,0.0
8,199,0.0
8,200,0.0
8,201,0.0
8,202,0.0
8,203,0.0
8,204,0.0
8,205,0.0
8,206,1490.497585258614
8,207,0.0
8,208,0.0
8,209,0.0
8,210,0.0
8,211,0.0
8,212,0.0
8,213,0.0
8,214,0.0
8,215,0.0
8,216,0.0
8,217,42.670579755061226
8,218,26471.343868561264
8,219,1490.4684595589351
8,220,0.0
8,221,0.0
8,222,0.0
8,223,0.0
8,224,0.0
8,225,0.0
8,226,0.0
8,227,0.0
8,228,0.0
8,229,0.0
8,230,0.0
8,231,0.0
8,232,0.0
8,233,38.41915143775259
8,234,17.33781092498066
8,235,0.0
8,236,0.0
8,237,0.0
8,238,0.0
8,239,110.49107022676617
8,240,0.0
8,241,0.0
8,242,0.0
8,243,0.0
8,244,0.0
8,245,0.0
8,246,0.0
8,247,22921.756024091745
8,248,0.0
8,249,0.0
8,250,0.0
8,251,0.0
8,252,28.300833095937378
8,253,0.0
8,254,0.0
8,255,0.0
8,256,0.0
8,257,1490.4684595589351
8,258,0.0
8,259,633.0877405451138
8,260,0.0
8,261,0.0
8,262,0.0
8,263,0.0
8,264,0.0
8,265,0.0
8,266,0.0
8,267,0.0
8,268,0.0
8,269,0.0
8,270,0.0
8,271,611.9979146907535
8,272,0.0
8,273,0.0
8,274,0.0
8,275,0.0
8,276,0.0
8,277,0.0
8,278,0.0
8,279,0.0
8,280,0.0
8,281,0.0
8,282,29.57864012182108
8,283,0.0
8,284,0.0
8,285,0.0
8,286,28.848586891648665
8,287,0.0
8,288,0.0
8,289,61.37590738956169
8,290,0.0
8,291,0.0
8,292,0.0
8,293,0.0
8,294,0.0
8,295,0.0
8,296,0.0
8,297,0.0
8,298,0.0
8,299,0.0
8,300,0.0
8,301,0.0
8,302,0.0
8,303,0.0
8,304,0.0
8,305,29.71807295129838
8,306,0.0
8,307,0.0
8,308,28.42108872379231
8,309,0.0
8,310,0.0
8,311,0.0
8,312,0.0
8,313,0.0
8,314,0.0
8,315,0.0
8,316,0.0
8,317,0.0
8,318,14.675185861186947
8,319,0.0
8,320,0.0
8,321,0.0
8,322,0.0
8,323,26471.343868561264
8,324,0.0
8,325,0.0
8,326,0.0
8,327,0.0
8,328,0.0
8,329,0.0
8,330,0.0
8,331,0.0
8,332,0.0
8,333,0.0
8,334,0.0
8,335,29.71807295129838
8,336,0.0
8,337,18.47226398982366
8,338,0.0
8,339,0.0
8,340,0.0
8,341,0.0
8,342,0.0
8,343,0.0
8,344,54.81922316451801
8,345,0.0
8,346,0.0
8,347,0.0
8,348,0.0
8,349,0.0
8,350,0.0
8,351,42.84810328887579
8,352,0.0
8,353,0.0
8,354,0.0
8,355,0.0
8,356,0.0
8,357,0.0
8,358,0.0
8,359,0.0
8,360,0.0
8,361,0.0
8,362,0.0
8,363,18.47226398982366
8,364,0.0
8,365,0.0
8,366,0.0
8,367,0.0
8,368,0.0
8,369,0.0
8,370,29.57864012182108
8,371,170.05786156094837
8,372,0.0
8,373,0.0
8,374,0.0
8,375,0.0
8,376,1491.4131863415241
8,377,0.0
8,378,0.0
8,379,0.0
8,380,0.0
8,381,0.0
8,382,1491.4131863415241
8,383,0.0
8,384,102.31117566551893
8,385,0.0
8,386,0.0
8,387,633.0877405451138
8,388,0.0
8,389,0.0
8,390,0.0
8,391,0.0
8,392,0.0
8,393,0.0
8,394,0.0
8,395,0.0
8,396,0.0
8,397,0.0
8,398,0.0
8,399,0.0
8,400,0.0
8,401,0.0
8,402,0.0
8,403,1490.4684595589351
8,404,0.0
8,405,0.0
8,406,0.0
8,407,0.0
8,408,0.0
8,409,0.0
8,410,0.0
8,411,0.0
8,412,23218.03879321686
8,413,0.0
8,414,0.0
8,415,0.0
8,416,0.0
8,417,0.0
8,418,0.0
8,419,0.0
8,420,0.0
8,421,0.0
8,422,0.0
8,423,0.0
8,424,0.0
8,425,0.0
8,426,0.0
8,427,0.0
8,428,0.0
8,429,0.0
8,430,0.0
8,431,0.0
8,432,0.0
8,433,41.83776634175592
8,434,30.81560795911082
8,435,0.0
8,436,0.0
8,437,41.83776634175592
8,438,0.0
8,439,0.0
8,440,0.0
8,441,0.0
8,442,0.0
8,443,0.0
8,444,0.0
8,445,0.0
8,446,0.0
8,447,0.0
8,448,29.479545785191476
8,449,0.0
8,450,14.720831398099108
8,451,0.0
8,452,0.0
8,453,0.0
8,454,0.0
8,455,0.0
8,456,0.0
8,457,0.0
8,458,0.0
8,459,0.0
8,460,0.0
8,461,88.25717571182668
8,462,0.0
8,463,0.0
8,464,0.0
8,465,0.0
8,466,0.0
8,467,0.0
8,468,31945.984145118557
8,469,0.0
8,470,0.0
8,471,1490.4684595589351
8,472,0.0
8,473,24.29371253458976
8,474,0.0
8,475,0.0
8,476,28.848586891648665
8,477,0.0
8,478,0.0
8,479,0.0
8,480,0.0
8,481,0.0
8,482,0.0
8,483,0.0
8,484,0.0
8,485,29.479545785191476
8,486,0.0
8,487,0.0
8,488,0.0
8,489,0.0
8,490,0.0
8,491,29.71807295129838
8,492,31905.182154014874
8,493,0.0
8,494,0.0
8,495,31905.182154014874
8,496,0.0
8,497,0.0
8,498,0.0
8,499,0.0
8,500,0.0
8,501,0.0
8,502,0.0
8,503,0.0
8,504,0.0
8,505,0.0
8,506,0.0
8,507,0.0
8,508,0.0
8,509,0.0
8,510,0.0
8,511,0.0
9,0,0.0
9,1,0.0
9,2,0.0
9,3,0.0
9,4,0.0
9,5,0.0
9,6,0.0
9,7,0.0
9,8,0.0
9,9,1491.4131863415241
9,10,0.0
9,11,28.29503455446229
9,12,0.0
9,13,0.0
9,14,1253.916284991904
9,15,0.0
9,16,0.0
9,17,0.0
9,18,0.0
9,19,75.49696335075987
9,20,0.0
9,21,0.0
9,22,0.0
9,23,0.0
9,24,0.0
9,25,26471.343868561264
9,26,0.0
9,27,0.0
9,28,0.0
9,29,0.0
9,30,14.720831398099108
9,31,0.0
9,32,1491.4131863415241
9,33,0.0
9,34,0.0
9,35,0.0
9,36,0.0
9,37,0.0
9,38,0.0
9,39,0.0
9,40,0.0
9,41,23218.03879321686
9,42,28.300833095937378
9,43,0.0
9,44,0.0
9,45,0.0
9,46,30.35471637212686
9,47,0.0
9,48,0.0
9,49,0.0
9,50,0.0
9,51,0.0
9,52,0.0
9,53,0.0
9,54,0.0
9,55,0.0
9,56,0.0
9,57,0.0
9,58,0.0
9,59,0.0
9,60,0.0
9,61,0.0
9,62,0.0
9,63,0.0
9,64,0.0
9,65,0.0
9,66,0.0
9,67,0.0
9,68,0.0
9,69,0.0
9,70,0.0
9,71,0.0
9,72,0.0
9,73,0.0
9,74,592.4589387074666
9,75,0.0
9,76,0.0
9,77,26471.343868561264
9,78,0.0
9,79,0.0
9,80,14.69403246443835
9,81,0.0
9,82,0.0
9,83,0.0
9,84,26471.343868561264
9,85,0.0
9,86,0.0
9,87,0.0
9,88,0.0
9,89,0.0
9,90,0.0
9,91,0.0
9,92,0.0
9,93,0.0
9,94,40.4707877693545
9,95,0.0
9,96,0.0
9,97,88.25717571182668
9,98,0.0
9,99,0.0
9,100,0.0
9,101,0.0
9,102,0.0
9,103,0.0
9,104,0.0
9,105,22921.756024091745
9,106,0.0
9,107,0.0
9,108,0.0
9,109,0.0
9,110,26471.343868561264
9,111,0.0
9,112,633.0877405451138
9,113,0.0
9,114,0.0
9,115,0.0
9,116,0.0
9,117,0.0
9,118,0.0
9,119,0.0
9,120,0.0
9,121,0.0
9,122,0.0
9,123,0.0
9,124,22840.683020875862
9,125,0.0
9,126,0.0
9,127,0.0
9,128,0.0
9,129,0.0
9,130,0.0
9,131,0.0
9,132,0.0
9,133,0.0
9,134,0.0
9,135,0.0
9,136,0.0
9,137,0.0
9,138,27.494166117392524
9,139,0.0
9,140,0.0
9,141,0.0
9,142,0.0
9,143,0.0
9,144,0.0
9,145,26471.343868561264
9,146,0.0
9,147,0.0
9,148,0.0
9,149,0.0
9,150,0.0
9,151,0.0
9,152,0.0
9,153,0.0
9,154,0.0
9,155,0.0
9,156,0.0
9,157,0.0
9,158,0.0
9,159,0.0
9,160,0.0
9,161,0.0
9,162,0.0
9,163,0.0
9,164,0.0
9,165,0.0
9,166,0.0
9,167,0.0
9,168,1490.4684595589351
9,169,0.0
9,170,0.0
9,171,0.0
9,172,0.0
9,173,0.0
9,174,0.0
9,175,0.0
9,176,0.0
9,177,0.0
9,178,0.0
9,179,0.0
9,180,0.0
9,181,0.0
9,182,0.0
9,183,0.0
9,184,0.0
9,185,0.0
9,186,0.0
9,187,0.0
9,188,0.0
9,189,0.0
9,190,1490.4684595589351
9,191,0.0
9,192,0.0
9,193,0.0
9,194,0.0
9,195,0.0
9,196,0.0
9,197,0.0
9,198,22840.683020875862
9,199,0.0
9,200,0.0
9,201,31.229340618366223
9,202,0.0
9,203,0.0
9,204,103.5061750456398
9,205,0.0
9,206,0.0
9,207,0.0
9,208,0.0
9,209,0.0
9,210,0.0
9,211,0.0
9,212,0.0
9,213,13803.801616314004
9,214,0.0
9,215,0.0
9,216,0.0
9,217,0.0
9,218,0.0
9,219,1490.4684595589351
9,220,1490.4684595589351
9,221,0.0
9,222,0.0
9,223,0.0
9,224,0.0
9,225,0.0
9,226,0.0
9,227,0.0
9,228,35.54215013297198
9,229,31905.182154014874
9,230,0.0
9,231,0.0
9,232,0.0
9,233,29.479545785191476
9,234,0.0
9,235,0.0
9,236,0.0
9,237,0.0
9,238,0.0
9,239,0.0
9,240,0.0
9,241,0.0
9,242,0.0
9,243,0.0
9,244,0.0
9,245,0.0
9,246,41.100462193563544
9,247,96.27732991569974
9,248,0.0
9,249,0.0
9,250,0.0
9,251,0.0
9,252,0.0
9,253,0.0
9,254,0.0
9,255,0.0
9,256,0.0
9,257,47.92543371551983
9,258,0.0
9,259,0.0
9,260,0.0
9,261,465.5105220864416
9,262,0.0
9,263,0.0
9,264,0.0
9,265,0.0
9,266,0.0
9,267,0.0
9,268,0.0
9,269,0.0
9,270,0.0
9,271,0.0
9,272,0.0
9,273,0.0
9,274,0.0
9,275,0.0
9,276,0.0
9,277,0.0
9,278,0.0
9,279,0.0
9,280,0.0
9,281,0.0
9,282,0.0
9,283,0.0
9,284,0.0
9,285,0.0
9,286,0.0
9,287,0.0
9,288,0.0
9,289,0.0
9,290,0.0
9,291,0.0
9,292,0.0
9,293,0.0
9,294,0.0
9,295,0.0
9,296,0.0
9,297,0.0
9,298,0.0
9,299,0.0
9,300,0.0
9,301,0.0
9,302,0.0
9,303,0.0
9,304,0.0
9,305,0.0
9,306,0.0
9,307,0.0
9,308,14.720831398099108
9,309,22921.756024091745
9,310,0.0
9,311,0.0
9,312,0.0
9,313,0.0
9,314,0.0
9,315,22840.683020875862
9,316,0.0
9,317,0.0
9,318,0.0
9,319,0.0
9,320,25.82199281718931
9,321,18286.86751842114
9,322,0.0
9,323,0.0
9,324,0.0
9,325,0.0
9,326,0.0
9,327,0.0
9,328,0.0
9,329,0.0
9,330,0.0
9,331,0.0
9,332,0.0
9,333,0.0
9,334,0.0
9,335,0.0
9,336,0.0
9,337,0.0
9,338,54.01360296749135
9,339,0.0
9,340,0.0
9,341,0.0
9,342,0.0
9,343,0.0
9,344,0.0
9,345,13803.801616314004
9,346,29.57864012182108
9,347,116.67460616026983
9,348,0.0
9,349,0.0
9,350,0.0
9,351,0.0
9,352,0.0
9,353,0.0
9,354,0.0
9,355,0.0
9,356,0.0
9,357,0.0
9,358,0.0
9,359,0.0
9,360,0.0
9,361,0.0
9,362,0.0
9,363,0.0
9,364,0.0
9,365,0.0
9,366,0.0
9,367,0.0
9,368,0.0
9,369,0.0
9,370,0.0
9,371,0.0
9,372,0.0
9,373,0.0
9,374,0.0
9,375,0.0
9,376,0.0
9,377,0.0
9,378,0.0
9,379,0.0
9,380,0.0
9,381,0.0
9,382,0.0
9,383,47.92543371551983
9,384,0.0
9,385,0.0
9,386,0.0
9,387,0.0
9,388,26471.343868561264
9,389,0.0
9,390,0.0
9,391,0.0
9,392,0.0
9,393,0.0
9,394,0.0
9,395,0.0
9,396,0.0
9,397,0.0
9,398,0.0
9,399,0.0
9,400,0.0
9,401,0.0
9,402,0.0
9,403,0.0
9,404,0.0
9,405,0.0
9,406,0.0
9,407,0.0
9,408,0.0
9,409,0.0
9,410,0.0
9,411,0.0
9,412,0.0
9,413,80.87693010349722
9,414,0.0
9,415,0.0
9,416,0.0
9,417,0.0
9,418,0.0
9,419,0.0
9,420,0.0
9,421,0.0
9,422,0.0
9,423,0.0
9,424,0.0
9,425,0.0
9,426,0.0
9,427,0.0
9,428,0.0
9,429,0.0
9,430,0.0
9,431,0.0
9,432,0.0
9,433,0.0
9,434,0.0
9,435,0.0
9,436,0.0
9,437,0.0
9,438,0.0
9,439,0.0
9,440,0.0
9,441,0.0
9,442,0.0
9,443,0.0
9,444,0.0
9,445,0.0
9,446,0.0
9,447,0.0
9,448,0.0
9,449,0.0
9,450,22840.683020875862
9,451,0.0
9,452,0.0
9,453,0.0
9,454,0.0
9,455,1490.4684595589351
9,456,0.0
9,457,0.0
9,458,0.0
9,459,0.0
9,460,0.0
9,461,0.0
9,462,0.0
9,463,0.0
9,464,0.0
9,465,0.0
9,466,28.42108872379231
9,467,0.0
9,468,0.0
9,469,0.0
9,470,0.0
9,471,0.0
9,472,113.88476725449163
9,473,0.0
9,474,0.0
9,475,0.0
9,476,0.0
9,477,0.0
9,478,0.0
9,479,0.0
9,480,0.0
9,481,0.0
9,482,0.0
9,483,0.0
9,484,0.0
9,485,0.0
9,486,0.0
9,487,0.0
9,488,0.0
9,489,0.0
9,490,0.0
9,491,0.0
9,492,0.0
9,493,0.0
9,494,30.041809541184193
9,495,0.0
9,496,0.0
9,497,0.0
9,498,0.0
9,499,0.0
9,500,0.0
9,501,0.0
9,502,1490.4684595589351
9,503,0.0
9,504,0.0
9,505,0.0
9,506,22942.6708269754
9,507,0.0
9,508,1490.4684595589351
9,509,0.0
9,510,0.0
9,511,0.0
