generation, individual, diff_after_backprop
0,0,0.0
0,1,0.0
0,2,0.0
0,3,1692.7613005152343
0,4,0.0
0,5,0.0
0,6,16451.057555973486
0,7,0.0
0,8,0.0
0,9,1694.4055686307584
0,10,86.23287085151605
0,11,0.0
0,12,0.0
0,13,1665.8737432719317
0,14,0.0
0,15,0.0
0,16,0.0
0,17,0.0
0,18,1692.9032974657966
0,19,32.01574972864182
0,20,14713.099130402083
0,21,0.0
0,22,0.0
0,23,0.0
0,24,2149.094765126305
0,25,0.0
0,26,0.0
0,27,0.0
0,28,0.0
0,29,0.0
0,30,0.0
0,31,1727.2634939822237
0,32,0.0
0,33,1777.8255500489868
0,34,0.0
0,35,0.0
0,36,0.0
0,37,0.0
0,38,0.0
0,39,3840.7730140411077
0,40,145.51828327309704
0,41,0.0
0,42,11001.260165137235
0,43,0.0
0,44,1804.8986711674224
0,45,21.262023711333313
0,46,13.485442963875357
0,47,8397.328591729445
0,48,18606.583667791907
0,49,0.0
0,50,0.0
0,51,0.0
0,52,1640.7377650070703
0,53,1681.3833481552028
0,54,0.0
0,55,0.0
0,56,0.0
0,57,0.0
0,58,0.0
0,59,0.0
0,60,1692.7040354345336
0,61,10724.529090870401
0,62,0.0
0,63,273.8859510770808
0,64,17014.927448696413
0,65,1200.4148681788156
0,66,1786.857525272033
0,67,0.0
0,68,0.0
0,69,0.0
0,70,0.0
0,71,0.0
0,72,0.0
0,73,0.0
0,74,0.0
0,75,0.0
0,76,0.0
0,77,665.468673392952
0,78,0.0
0,79,9258.983308104347
0,80,0.0
0,81,16787.950353767876
0,82,0.0
0,83,0.0
0,84,0.0
0,85,0.0
0,86,0.0
0,87,1692.6033780910038
0,88,12112.497492664097
0,89,15.584938644400609
0,90,0.0
0,91,0.0
0,92,1692.0394909818497
0,93,0.0
0,94,0.0
0,95,0.0
0,96,0.0
0,97,0.0
0,98,0.0
0,99,0.0
0,100,1649.6966597956061
0,101,0.0
0,102,0.0
0,103,0.0
0,104,0.0
0,105,1692.9032974657966
0,106,2287.8435474546823
0,107,0.0
0,108,0.0
0,109,0.0
0,110,0.0
0,111,1143.7578732102465
0,112,0.0
0,113,0.0
0,114,0.0
0,115,0.0
0,116,4547.109540265701
0,117,0.0
0,118,0.0
0,119,0.0
0,120,11661.82846179317
0,121,0.0
0,122,15968.137792283813
0,123,0.0
0,124,0.0
0,125,1640.5791947544749
0,126,1681.5423028043733
0,127,0.0
0,128,0.0
0,129,0.0
0,130,0.0
0,131,11178.589854947404
0,132,0.0
0,133,0.0
0,134,0.0
0,135,0.0
0,136,0.0
0,137,1804.8706539030645
0,138,0.0
0,139,0.0
0,140,0.0
0,141,3171.244391439908
0,142,1694.465448230898
0,143,0.0
0,144,1640.9010432415744
0,145,0.9535690265465746
0,146,271.50862572789356
0,147,4953.3040471024
0,148,0.0
0,149,12.489514267810591
0,150,0.0
0,151,0.0
0,152,0.0
0,153,1765.491199945227
0,154,0.0
0,155,44.84121672913989
0,156,0.0
0,157,145.51828327309704
0,158,0.0
0,159,21872.339134401293
0,160,0.0
0,161,0.0
0,162,0.0
0,163,0.0
0,164,0.0
0,165,0.0
0,166,0.0
0,167,0.0
0,168,0.0
0,169,0.0
0,170,0.0
0,171,0.0
0,172,0.0
0,173,0.0
0,174,1762.6378048639017
0,175,1692.736947788766
0,176,0.0
0,177,0.0
0,178,14.592979756874229
0,179,30.672049155648892
0,180,0.0
0,181,1640.5574736520357
0,182,0.0
0,183,0.0
0,184,1692.583886968845
0,185,1706.1921691867865
0,186,0.0
0,187,0.0
0,188,13749.659215937278
0,189,0.0
0,190,0.0
0,191,1486.6813524481477
0,192,0.0
0,193,0.0
0,194,0.0
0,195,0.0
0,196,0.0
0,197,152.12725737137953
0,198,0.0
0,199,0.0
0,200,0.0
0,201,0.0
0,202,0.0
0,203,0.0
0,204,0.0
0,205,1697.5440501766207
0,206,0.0
0,207,0.0
0,208,1206.635120044849
0,209,1992.7636310675407
0,210,0.0
0,211,0.0
0,212,0.0
0,213,0.0
0,214,0.0
0,215,0.0
0,216,0.0
0,217,2256.3705871545135
0,218,0.0
0,219,0.0
0,220,0.0
0,221,10714.138206403946
0,222,0.0
0,223,0.0
0,224,0.0
0,225,13.455834722247346
0,226,0.0
0,227,0.0
0,228,0.0
0,229,0.0
0,230,0.0
0,231,396.98867966797116
0,232,20972.06458860381
0,233,0.0
0,234,0.0
0,235,0.0
0,236,0.0
0,237,10907.366623745766
0,238,39928.6198025453
0,239,0.0
0,240,0.0
0,241,0.0
0,242,14631.592824519474
0,243,0.0
0,244,0.0
0,245,0.0
0,246,0.0
0,247,1692.6815338549059
0,248,0.0
0,249,0.0
0,250,11672.000198498205
0,251,0.0
0,252,0.0
0,253,0.0
0,254,0.0
0,255,476.7118388902527
0,256,0.0
0,257,0.0
0,258,0.0
0,259,0.0
0,260,9187.214230452275
0,261,1692.806142569094
0,262,0.0
0,263,0.0
0,264,1136.953973421957
0,265,0.0
0,266,1692.7951679617727
0,267,0.0
0,268,0.0
0,269,0.0
0,270,8610.92415571963
0,271,0.0
0,272,5234.722225206991
0,273,0.0
0,274,0.0
0,275,0.0
0,276,0.0
0,277,0.0
0,278,0.0
0,279,0.0
0,280,22540.96578295495
0,281,0.0
0,282,0.0
0,283,0.0
0,284,0.0
0,285,1682.6958952163768
0,286,0.0
0,287,0.0
0,288,0.0
0,289,0.0
0,290,0.0
0,291,1640.9796932095232
0,292,0.0
0,293,0.0
0,294,0.0
0,295,0.0
0,296,0.0
0,297,1496.558401588889
0,298,1597.930800170223
0,299,0.0
0,300,0.0
0,301,0.0
0,302,0.0
0,303,295.8704774153348
0,304,0.0
0,305,0.0
0,306,1692.9032974657966
0,307,0.0
0,308,0.0
0,309,5598.803137499417
0,310,24.413102813146907
0,311,0.0
0,312,0.0
0,313,0.0
0,314,0.0
0,315,0.0
0,316,0.0
0,317,0.0
0,318,1692.6625316898462
0,319,0.0
0,320,0.0
0,321,0.0
0,322,0.0
0,323,0.0
0,324,0.0
0,325,0.0
0,326,1716.8688595375716
0,327,0.0
0,328,9258.983308104347
0,329,0.0
0,330,16666.592528891346
0,331,0.0
0,332,0.0
0,333,0.0
0,334,1692.3252604157751
0,335,1678.1096191813558
0,336,0.0
0,337,2093.273417141474
0,338,0.0
0,339,1640.6653900727688
0,340,0.0
0,341,0.0
0,342,0.0
0,343,0.0
0,344,1998.9707509452637
0,345,1640.880049834599
0,346,2025.1015271013675
0,347,0.0
0,348,0.0
0,349,0.0
0,350,0.0
0,351,1640.7856331243602
0,352,0.0
0,353,0.0
0,354,0.0
0,355,0.0
0,356,0.0
0,357,0.0
0,358,0.0
0,359,140.94272099809314
0,360,0.0
0,361,0.0
0,362,0.0
0,363,1677.3164924727935
0,364,93.67065800081582
0,365,0.0
0,366,0.0
0,367,1700.0540632651173
0,368,0.0
0,369,0.0
0,370,18606.583667791907
0,371,1692.8916289927038
0,372,0.0
0,373,0.0
0,374,0.0
0,375,0.0
0,376,0.0
0,377,0.0
0,378,0.0
0,379,0.0
0,380,0.0
0,381,0.0
0,382,0.0
0,383,273.38069235080184
0,384,1692.7838900754214
0,385,0.0
0,386,2904.111207817329
0,387,2430.3087721402044
0,388,0.0
0,389,3552.2235751664957
0,390,0.0
0,391,0.0
0,392,0.0
0,393,0.0
0,394,5624.8172666368355
0,395,0.0
0,396,0.0
0,397,0.0
0,398,0.0
0,399,0.0
0,400,0.0
0,401,0.0
0,402,0.0
0,403,0.0
0,404,0.0
0,405,10796.814754645176
0,406,72.71980651275499
0,407,1039.87108645212
0,408,4773.35353894758
0,409,1692.8190488969485
0,410,12546.583089665462
0,411,0.0
0,412,1945.31874052704
0,413,22831.597692338168
0,414,0.0
0,415,0.0
0,416,2018.7090367249402
0,417,0.0
0,418,0.0
0,419,0.0
0,420,0.0
0,421,0.0
0,422,0.0
0,423,0.0
0,424,0.0
0,425,0.0
0,426,0.0
0,427,1670.8797184690047
0,428,0.0
0,429,0.0
0,430,0.0
0,431,0.0
0,432,0.0
0,433,0.0
0,434,0.0
0,435,0.0
0,436,0.0
0,437,0.0
0,438,0.0
0,439,1777.5328587575532
0,440,454.93862058682134
0,441,0.0
0,442,0.0
0,443,0.0
0,444,0.0
0,445,0.0
0,446,57.49817555510617
0,447,1640.6496745743534
0,448,0.0
0,449,0.0
0,450,0.0
0,451,3503.7295394269786
0,452,0.0
0,453,0.0
0,454,15367.462999694184
0,455,20738.49516869557
0,456,1763.414009010503
0,457,0.0
0,458,0.0
0,459,10303.134319778084
0,460,1642.5505766360839
0,461,0.0
0,462,0.0
0,463,16451.44590281634
0,464,0.0
0,465,0.0
0,466,0.0
0,467,19117.811405090142
0,468,0.0
0,469,2752.8807230806196
0,470,0.0
0,471,0.0
0,472,1804.7515941088204
0,473,0.0
0,474,0.0
0,475,0.0
0,476,0.0
0,477,12038.629863376867
0,478,10650.904932429235
0,479,0.0
0,480,0.0
0,481,0.0
0,482,0.0
0,483,0.0
0,484,0.0
0,485,0.0
0,486,0.0
0,487,0.0
0,488,32.97701581513866
0,489,0.0
0,490,12.489514267810591
0,491,0.0
0,492,1336.6857055539658
0,493,0.0
0,494,1768.5420014964875
0,495,0.0
0,496,174.56173765811764
0,497,0.0
0,498,0.0
0,499,0.0
0,500,1706.1921691867865
0,501,1690.953998375382
0,502,0.0
0,503,10303.134319778084
0,504,0.0
0,505,1692.6033780910038
0,506,0.0
0,507,0.0
0,508,0.0
0,509,0.0
0,510,0.0
0,511,9754.82575182593
1,0,0.0
1,1,1200.667626555669
1,2,4.371938907545882
1,3,0.0
1,4,0.0
1,5,91.45486983522824
1,6,0.0
1,7,0.0
1,8,1584.4396427818283
1,9,0.0
1,10,3506.5853308529004
1,11,0.0
1,12,0.0
1,13,30.026958359646414
1,14,0.0
1,15,12.123525505568068
1,16,23293.1460753777
1,17,22.40641454092929
1,18,2167.9938906733187
1,19,13421.720378444448
1,20,0.0
1,21,1562.551511364436
1,22,31.866665717275282
1,23,3.708663660909224
1,24,15010.712986095927
1,25,0.0
1,26,0.0
1,27,0.0
1,28,0.0
1,29,0.0
1,30,0.0
1,31,0.0
1,32,0.0
1,33,20.669871154936118
1,34,0.0
1,35,0.0
1,36,0.0
1,37,7468.821777905723
1,38,2713.8521222513555
1,39,227.90128219164853
1,40,3574.1756142482764
1,41,0.0
1,42,0.0
1,43,0.0
1,44,0.0
1,45,21552.9210932531
1,46,0.0
1,47,28.441883659905216
1,48,4.644786421905337
1,49,0.0
1,50,30.728020273809307
1,51,0.0
1,52,0.0
1,53,3.794929164477253
1,54,40952.23574042123
1,55,0.0
1,56,0.0
1,57,1636.6868828745573
1,58,19.908032466599252
1,59,0.0
1,60,0.0
1,61,0.0
1,62,0.0
1,63,2170.2771374488257
1,64,4.812524335558919
1,65,33.138361067325604
1,66,5062.369371070058
1,67,0.0
1,68,1998.6289788714894
1,69,1749.148833051062
1,70,0.0
1,71,6.358302698425177
1,72,0.0
1,73,0.0
1,74,0.0
1,75,4.678594936388436
1,76,0.0
1,77,13098.859272362806
1,78,0.0
1,79,0.0
1,80,0.0
1,81,0.0
1,82,0.0
1,83,74551.46542066478
1,84,11513.442512605932
1,85,0.0
1,86,11923.779282687763
1,87,0.0
1,88,2.5613038043775305
1,89,0.0
1,90,0.0
1,91,21.77050919109206
1,92,4546.955712953361
1,93,1680.8553184589182
1,94,0.0
1,95,2168.7415960955987
1,96,44311.34376417749
1,97,0.0
1,98,0.0
1,99,0.0
1,100,14421.033778439833
1,101,263.0318877905065
1,102,0.0
1,103,0.0
1,104,31.37964481414383
1,105,0.0
1,106,1574.7640533802478
1,107,0.0
1,108,160155.05601399002
1,109,0.0
1,110,4223.232144087829
1,111,0.0
1,112,11768.502312576416
1,113,1514.6012308841346
1,114,32.81448602969067
1,115,0.0
1,116,0.0
1,117,1514.189666343951
1,118,0.0
1,119,2170.069726636317
1,120,10.630437706845441
1,121,0.0
1,122,0.0
1,123,13.485442963875357
1,124,15434.021203408929
1,125,0.0
1,126,233791.54234927078
1,127,0.0
1,128,1514.189666343951
1,129,0.2862023482175573
1,130,29.865460827308198
1,131,1487.017093920149
1,132,28.141132858470883
1,133,13.77686957572223
1,134,0.0
1,135,0.0
1,136,67105.64112555655
1,137,1522.0879501019335
1,138,0.0
1,139,44309.372313443295
1,140,1636.6868828745573
1,141,0.0
1,142,6830.410133469088
1,143,27.703907919680205
1,144,0.0
1,145,10.151178217170127
1,146,0.0
1,147,0.0
1,148,0.0
1,149,18.022413624181354
1,150,0.0
1,151,7.6535765701901255
1,152,22614.50257642859
1,153,22.629811194565264
1,154,470.2245488991002
1,155,31.866665717275282
1,156,4.742831609064524
1,157,0.0
1,158,0.0
1,159,0.0
1,160,11711.561679248593
1,161,3358.4238394311724
1,162,0.0
1,163,0.0
1,164,3.5079647839629615
1,165,0.0
1,166,0.0
1,167,4.708612704815096
1,168,0.0
1,169,93529.05674607803
1,170,11050.283844355898
1,171,0.0
1,172,0.0
1,173,0.0
1,174,0.0
1,175,0.0
1,176,0.0
1,177,1597.5807386353663
1,178,0.0
1,179,10.8264801616142
1,180,30.82170538311493
1,181,12389.93436839011
1,182,0.0
1,183,418.2846521821839
1,184,22.84786784062362
1,185,0.0
1,186,0.0
1,187,0.0
1,188,0.0
1,189,0.0
1,190,0.0
1,191,1514.2754216148278
1,192,0.0
1,193,0.0
1,194,234.10984406954867
1,195,0.0
1,196,0.0
1,197,0.0
1,198,0.0
1,199,0.0
1,200,16010.35322566878
1,201,0.0
1,202,52148.525460000754
1,203,0.0
1,204,21473.383922933335
1,205,0.0
1,206,12.400063402865271
1,207,0.0
1,208,0.0
1,209,0.0
1,210,0.0
1,211,0.0
1,212,0.0
1,213,0.0
1,214,32.22469282177644
1,215,2141.6562597074226
1,216,0.0
1,217,0.0
1,218,0.0
1,219,0.0
1,220,0.0
1,221,0.0
1,222,1700.0540632651173
1,223,0.0
1,224,17.165778514065096
1,225,0.0
1,226,0.0
1,227,0.0
1,228,0.0
1,229,0.0
1,230,11.838806041835596
1,231,0.0
1,232,11.78791002005164
1,233,0.0
1,234,1669.6091183983517
1,235,0.0
1,236,0.0
1,237,0.0
1,238,0.0
1,239,1632.3178734500398
1,240,1474.8423897797584
1,241,0.0
1,242,29.865460827308198
1,243,0.0
1,244,0.0
1,245,2168.983162918561
1,246,22.629811194565264
1,247,19.7054373473984
1,248,27084.697754056273
1,249,12767.558935257799
1,250,0.0
1,251,0.0
1,252,0.0
1,253,0.0
1,254,0.0
1,255,0.0
1,256,0.0
1,257,1294.4851063988372
1,258,8117.111425306866
1,259,16740.33996375998
1,260,0.0
1,261,0.0
1,262,1550.3529731615126
1,263,0.0
1,264,0.0
1,265,0.0
1,266,0.031032442075229483
1,267,0.0
1,268,1724.0195408443396
1,269,0.0
1,270,0.0
1,271,29288.054212158007
1,272,0.0
1,273,72.05168588317156
1,274,0.0
1,275,0.0
1,276,0.0
1,277,11.838806041835596
1,278,21274.238012529146
1,279,22.069595180100805
1,280,0.0
1,281,0.0
1,282,1562.5491140115664
1,283,0.0
1,284,0.0
1,285,0.0
1,286,0.0
1,287,1204.6582145214888
1,288,6.368173037684755
1,289,0.0
1,290,0.0
1,291,11686.296149573292
1,292,0.0
1,293,1690.953998375382
1,294,2156.1776628391453
1,295,0.0
1,296,1700.0540632651173
1,297,1642.4448216563687
1,298,1562.3102064140003
1,299,0.0
1,300,0.0
1,301,0.0
1,302,1709.4261998896327
1,303,0.0
1,304,59.82329356027731
1,305,1265.4691213540727
1,306,0.0
1,307,2287.8435474546823
1,308,1562.5176561423286
1,309,0.0
1,310,15013.620530727245
1,311,1677.0661917454854
1,312,20.233670554350283
1,313,1488.5514104155736
1,314,0.0
1,315,0.0
1,316,0.0
1,317,0.0
1,318,0.0
1,319,239.77253046445549
1,320,0.0
1,321,0.0
1,322,0.0
1,323,0.0
1,324,6968.143487984773
1,325,3041.309083739263
1,326,1787.2129734575065
1,327,0.0
1,328,0.0
1,329,0.0
1,330,4793.094662960615
1,331,11.838806041835596
1,332,0.0
1,333,0.0
1,334,0.0
1,335,0.0
1,336,0.0
1,337,0.0
1,338,6544.093152873531
1,339,0.0
1,340,22.629811194565264
1,341,1739.4010986962458
1,342,0.0
1,343,0.0
1,344,2146.5212793084575
1,345,41.651955479383105
1,346,40147.59239303963
1,347,0.0
1,348,0.0
1,349,18.95342247755798
1,350,1534.2387699676901
1,351,0.0
1,352,0.0
1,353,0.0
1,354,4538.586835097722
1,355,0.0
1,356,16.87096896669118
1,357,813.2315375985972
1,358,0.0
1,359,1739.1164292339017
1,360,0.0
1,361,3.5383409679334363
1,362,0.0
1,363,0.0
1,364,0.0
1,365,1697.6552724435169
1,366,0.0
1,367,0.0
1,368,1486.7173078355372
1,369,93.67065800081582
1,370,1677.2575009886277
1,371,0.0
1,372,0.0
1,373,21532.649249162172
1,374,17.165778514065096
1,375,0.0
1,376,0.0
1,377,19205.911197687514
1,378,0.0
1,379,0.0
1,380,1398.6213634975638
1,381,1632.3178734500398
1,382,39.258141363090544
1,383,0.0
1,384,0.0
1,385,1694.9202302071753
1,386,0.0
1,387,0.0
1,388,0.0
1,389,0.0
1,390,59.69955540421233
1,391,1709.646967856428
1,392,0.0
1,393,0.0
1,394,4.711556336164904
1,395,2170.0780592908304
1,396,325.462632371009
1,397,0.0
1,398,0.0
1,399,0.0
1,400,1488.4189480038149
1,401,0.0
1,402,1514.189666343951
1,403,0.0
1,404,0.0
1,405,0.0
1,406,0.0
1,407,300374.6284476896
1,408,0.0
1,409,15721.710951500983
1,410,1562.410746831436
1,411,0.0
1,412,1199.3969091123772
1,413,0.9800454642127079
1,414,0.0
1,415,0.0
1,416,0.0
1,417,0.0
1,418,0.0
1,419,0.0
1,420,15987.103501433201
1,421,0.0
1,422,0.0
1,423,455.9909560201413
1,424,1562.410746831436
1,425,0.0
1,426,1694.6159055018725
1,427,3.4368577827190165
1,428,0.0
1,429,0.0
1,430,0.0
1,431,3.794929164477253
1,432,3293.3458414511188
1,433,12713.564558990744
1,434,6880.525887722402
1,435,0.0
1,436,0.0
1,437,0.0
1,438,13.57048805413433
1,439,0.0
1,440,33.138361067325604
1,441,1562.6316764194562
1,442,0.0
1,443,1642.3652183560152
1,444,0.0
1,445,0.0
1,446,7.0606136991409585
1,447,0.0
1,448,0.0
1,449,0.0
1,450,2170.7978050376187
1,451,101.45387193028728
1,452,1692.3252604157751
1,453,0.0
1,454,2156.4438513828572
1,455,0.0
1,456,0.0
1,457,0.0
1,458,12496.03669890461
1,459,0.0
1,460,0.0
1,461,17691.20872163025
1,462,0.0
1,463,0.0
1,464,0.0
1,465,0.0
1,466,0.0
1,467,15002.824833298011
1,468,36.3641926067703
1,469,5010.51958198503
1,470,0.0
1,471,0.0
1,472,0.0
1,473,4.859138743107906
1,474,2439.613064544861
1,475,0.0
1,476,10435.575477619412
1,477,0.0
1,478,0.0
1,479,1681.3682059184757
1,480,0.0
1,481,0.0
1,482,0.0
1,483,8538.63989480512
1,484,2.372702774126992
1,485,1555.6491031959704
1,486,0.0
1,487,0.0
1,488,12.266042948344875
1,489,2156.2852341397847
1,490,46.747137446469424
1,491,0.0
1,492,0.0
1,493,718.7287509875496
1,494,19.89873582612563
1,495,1992.9341713747126
1,496,0.0
1,497,0.0
1,498,0.0
1,499,0.0
1,500,0.0
1,501,0.0
1,502,12713.564558990744
1,503,0.0
1,504,0.0
1,505,1520.9568024128348
1,506,20.233670554350283
1,507,18.95342247755798
1,508,1762.649890320652
1,509,40118.24803419102
1,510,20.292537195064142
1,511,0.0
2,0,0.0
2,1,0.0
2,2,22.629811194565264
2,3,32.65204805170015
2,4,10.596269884625144
2,5,1508.4375372146678
2,6,0.0
2,7,0.0
2,8,0.0
2,9,0.0
2,10,0.0
2,11,1748.9946559714153
2,12,0.0
2,13,0.0
2,14,20.298224319161818
2,15,2168.7415960955987
2,16,0.0
2,17,0.0
2,18,0.0
2,19,0.0
2,20,0.0
2,21,1484.8166819588005
2,22,0.0
2,23,0.0
2,24,0.0
2,25,507.72584788262066
2,26,0.0
2,27,0.0
2,28,0.0
2,29,15.087005917957867
2,30,0.0
2,31,0.0
2,32,0.0
2,33,0.0
2,34,16.68393135493625
2,35,0.0
2,36,0.0
2,37,1531.1841634208795
2,38,48.23945900536637
2,39,1705.380809330425
2,40,0.0
2,41,24.221293562547544
2,42,1784.6731288605552
2,43,4243.018023012161
2,44,0.0
2,45,0.0
2,46,27804.748422305718
2,47,0.0
2,48,0.0
2,49,0.0
2,50,0.0
2,51,1487.017093920149
2,52,20.006537708781252
2,53,1508.4375372146678
2,54,9995.80523829357
2,55,13102.661239850768
2,56,29.287170341771343
2,57,8368.633081764361
2,58,12.213769060239429
2,59,4243.174940822484
2,60,7854.40335881666
2,61,0.0
2,62,20.755987263698444
2,63,1759.1590383662397
2,64,0.0
2,65,0.0
2,66,0.0
2,67,0.0
2,68,0.0
2,69,0.0
2,70,30.672049155648892
2,71,0.0
2,72,2713.8521222513555
2,73,19.723214483216907
2,74,0.0
2,75,0.0
2,76,0.0
2,77,20.547872248730528
2,78,19850.86866266756
2,79,0.0
2,80,20.006537708781252
2,81,26324.54406991369
2,82,0.0
2,83,0.0
2,84,0.0
2,85,21.391014374925362
2,86,15.381981044309214
2,87,0.0
2,88,0.0
2,89,1.5485688619364737
2,90,0.0
2,91,14.731822928223664
2,92,0.0
2,93,1482.3784157073678
2,94,0.0
2,95,0.0
2,96,0.0
2,97,17.229949413304894
2,98,26.272013322623025
2,99,0.0
2,100,12.400063402865271
2,101,72637.53719495102
2,102,0.0
2,103,4.638620097613057
2,104,884.1477720069142
2,105,57201.10890383728
2,106,0.0
2,107,4.809428582871078
2,108,32.777098398833004
2,109,2150.3491960988977
2,110,4.862931084639968
2,111,34.57988622534049
2,112,12.147100277860773
2,113,7778.350744563017
2,114,0.0
2,115,0.0
2,116,13.499323535927033
2,117,1715.1945983694168
2,118,0.0
2,119,0.0
2,120,0.0
2,121,0.0
2,122,3.7948634248414237
2,123,35.681772271635964
2,124,12.400063402865271
2,125,28.28548509150187
2,126,1910.9244009654612
2,127,12456.107724342677
2,128,85.87821580402488
2,129,4.859138743107906
2,130,1.6468870345197502
2,131,1884.9090077606706
2,132,0.0
2,133,1907.449157393151
2,134,0.0
2,135,29.65729153277789
2,136,17.165778514065096
2,137,0.0
2,138,0.0
2,139,0.0
2,140,35.93103302449617
2,141,11.664463929946578
2,142,0.0
2,143,0.0
2,144,0.0
2,145,471.53287324895064
2,146,0.0
2,147,38.62308303253485
2,148,1.0523670545708228
2,149,0.0
2,150,31.843081881039325
2,151,0.0
2,152,0.0
2,153,0.0
2,154,44.59435764260252
2,155,28.126540745287457
2,156,0.0
2,157,40.88054414999897
2,158,1827.7321629297985
2,159,0.0
2,160,0.0
2,161,0.0
2,162,9995.80523829357
2,163,11107.542569639927
2,164,28.16857667829754
2,165,0.0
2,166,10147.544807596481
2,167,114.33805677683904
2,168,0.0
2,169,0.0
2,170,0.0
2,171,11.838806041835596
2,172,9.395984216642319
2,173,0.0
2,174,6831.958417176107
2,175,22.629811194565264
2,176,27.287294938303603
2,177,0.0
2,178,0.0
2,179,0.0
2,180,1.5485688619364737
2,181,32.641309782158714
2,182,1715.2491290903745
2,183,5764.651320129073
2,184,1749.0979860045663
2,185,0.0
2,186,0.0
2,187,1.336017675444964
2,188,0.0
2,189,0.0
2,190,0.0
2,191,0.0
2,192,0.0
2,193,0.0
2,194,14999.885912128364
2,195,0.0
2,196,0.0
2,197,0.0
2,198,0.0
2,199,20.141042570887294
2,200,0.0
2,201,0.0
2,202,0.0
2,203,1497.0307715955823
2,204,1749.1079867508633
2,205,0.0
2,206,32.09717322911456
2,207,626.8876876613458
2,208,13.485442963875357
2,209,6911.487221540903
2,210,28.337535224626663
2,211,0.0
2,212,0.0
2,213,118.38391264086931
2,214,40.83871243680005
2,215,1910.9244009654612
2,216,0.0
2,217,20.346460445234698
2,218,24.413102813146907
2,219,0.0
2,220,0.0
2,221,0.0
2,222,1784.6731288605552
2,223,27.783648797171736
2,224,0.0
2,225,1597.7980186575514
2,226,13.319832338289416
2,227,19.908032466599252
2,228,52.255092081331895
2,229,31.207656763281193
2,230,9.559814951177941
2,231,0.0
2,232,27.783648797171736
2,233,39.637487942991356
2,234,22.629811194565264
2,235,22.629811194565264
2,236,12.376865328441454
2,237,0.0
2,238,0.0
2,239,10.100352498996472
2,240,13.485442963875357
2,241,22.629811194565264
2,242,37.208137069150325
2,243,0.0
2,244,14.013842328892679
2,245,0.0
2,246,0.0
2,247,1037.6928851516632
2,248,0.0
2,249,0.0
2,250,0.0
2,251,12.064197139366115
2,252,1749.187942960336
2,253,0.0
2,254,30.89989740699275
2,255,29.381761273404663
2,256,0.0
2,257,0.0
2,258,25.2211602915977
2,259,16618.924919258483
2,260,0.0
2,261,0.0
2,262,0.0
2,263,10.618375914252283
2,264,9.160748956382122
2,265,22.116549897209552
2,266,0.0
2,267,0.0
2,268,9.273532551189419
2,269,12.503517546490912
2,270,1484.3346219402592
2,271,507.72584788262066
2,272,611.3832931467623
2,273,4.636305487679238
2,274,0.0
2,275,0.0
2,276,12.503517546490912
2,277,0.0
2,278,10.007133609171433
2,279,5.212889601304596
2,280,1749.018394958126
2,281,861.0698563189662
2,282,0.0
2,283,0.0
2,284,18624.299942194037
2,285,16634.406456789857
2,286,30.876583627842592
2,287,433.64689672904933
2,288,0.0
2,289,1748.9808996557695
2,290,1715.3084839459807
2,291,31.475849407604983
2,292,0.0
2,293,1715.4820413385205
2,294,0.0
2,295,12572.760218260308
2,296,0.0
2,297,0.0
2,298,0.0
2,299,0.0
2,300,14999.592399928675
2,301,0.0
2,302,0.0
2,303,0.0
2,304,19.74556605565158
2,305,13.485442963875357
2,306,0.0
2,307,0.0
2,308,0.0
2,309,0.0
2,310,20.920273711885784
2,311,2179.662737921277
2,312,0.0
2,313,2170.0294648132694
2,314,26324.54406991369
2,315,1705.3899530053677
2,316,28.141965723487374
2,317,18.851736836015334
2,318,19851.815158881866
2,319,21.51540094075972
2,320,0.0
2,321,32.641309782158714
2,322,0.0
2,323,0.0
2,324,12832.172563365593
2,325,20.160394452299442
2,326,0.0
2,327,13.312911723225625
2,328,0.0
2,329,0.0
2,330,0.0
2,331,2170.069726636317
2,332,0.0
2,333,0.0
2,334,0.0
2,335,0.0
2,336,0.0
2,337,1669.333806623963
2,338,0.0
2,339,31277.064028533183
2,340,0.0
2,341,22.84786784062362
2,342,1549.1584194598945
2,343,0.0
2,344,1671.3123477096115
2,345,592.3986276914484
2,346,0.0
2,347,0.0
2,348,126.55890283189365
2,349,0.0
2,350,0.0
2,351,0.0
2,352,41.422803036159166
2,353,0.0
2,354,0.0
2,355,19.535467726760544
2,356,30.672049155648892
2,357,0.0
2,358,0.0
2,359,0.0
2,360,17395.65837932546
2,361,20.371968002436006
2,362,5.26748419922842
2,363,27.783648797171736
2,364,0.0
2,365,30.815381883250666
2,366,0.0
2,367,0.0
2,368,1531.208853522694
2,369,0.0
2,370,0.0
2,371,0.0
2,372,30.000386297064324
2,373,0.0
2,374,0.0
2,375,17.621781750284754
2,376,0.0
2,377,0.0
2,378,0.0
2,379,1748.9307113113973
2,380,0.0
2,381,26324.54406991369
2,382,0.0
2,383,0.0
2,384,34.609569242355974
2,385,73455.25639903519
2,386,501.5772317987203
2,387,18.87261208446307
2,388,0.0
2,389,2872.137599130612
2,390,4.775972473043112
2,391,0.0
2,392,2168.7415960955987
2,393,90.45115077230821
2,394,0.0
2,395,83051.87856992996
2,396,20.520260461206817
2,397,30.909948986436575
2,398,82276.03439142198
2,399,1572.927014072331
2,400,18.343397653592547
2,401,0.0
2,402,2162.093194968591
2,403,0.0
2,404,0.0
2,405,0.0
2,406,13.695678983539437
2,407,0.0
2,408,12.30476840286974
2,409,0.0
2,410,1.5919120979860963
2,411,0.0
2,412,428.4867941659677
2,413,43.36284555466227
2,414,0.0
2,415,14324.859050591473
2,416,13.499323535927033
2,417,9.565319605653713
2,418,18.610476337958062
2,419,4104.759177191662
2,420,0.0
2,421,22.63614245397912
2,422,0.0
2,423,0.0
2,424,0.0
2,425,115.55630897526771
2,426,0.0
2,427,32.71754461438741
2,428,1705.3182029405252
2,429,4.861938814345194
2,430,0.0
2,431,0.0
2,432,0.0
2,433,0.0
2,434,1910.9244009654612
2,435,0.0
2,436,13.485442963875357
2,437,0.0
2,438,3.3249575630870822
2,439,24.332168427489705
2,440,4537.252129595299
2,441,24.09016603616601
2,442,0.0
2,443,26324.54406991369
2,444,0.0
2,445,13.12334841230404
2,446,0.0
2,447,0.0
2,448,1566.3165850105797
2,449,0.0
2,450,15.983081951947497
2,451,0.0
2,452,0.0
2,453,0.0
2,454,0.0
2,455,0.0
2,456,25.21182769569714
2,457,0.0
2,458,19.74556605565158
2,459,0.0
2,460,0.0
2,461,1884.9090077606706
2,462,1.713777171631591
2,463,2140.58409745845
2,464,0.0
2,465,19851.815158881866
2,466,27006.682695914395
2,467,1695.9536275116225
2,468,0.0
2,469,0.0
2,470,3453.9211008788952
2,471,0.0
2,472,22.629811194565264
2,473,1671.3344988762583
2,474,519.1495738046187
2,475,0.0
2,476,13.499323535927033
2,477,9.489213310363084
2,478,158.77347344467125
2,479,12832.172563365593
2,480,39.65914535068896
2,481,0.0
2,482,20.221702112872663
2,483,0.0
2,484,0.0
2,485,11.674646087849396
2,486,0.0
2,487,20635.63922798839
2,488,0.0
2,489,1942.2166071454376
2,490,0.0
2,491,32.895833213413425
2,492,20.576300942911075
2,493,30.990559581626258
2,494,0.0
2,495,3.794929164477253
2,496,0.0
2,497,2703.200868324122
2,498,0.0
2,499,12.101866778328258
2,500,0.0
2,501,32.483381661672865
2,502,1884.9090077606706
2,503,0.0
2,504,1492.7526419449314
2,505,0.0
2,506,9.66757541464085
2,507,0.0
2,508,2168.7417444509374
2,509,0.0
2,510,0.0
2,511,20.547872248730528
3,0,0.0
3,1,0.0
3,2,2170.0294648132694
3,3,0.0
3,4,0.0
3,5,0.0
3,6,0.0
3,7,2161.0519483452554
3,8,0.0
3,9,0.0
3,10,0.0
3,11,30.884642874344536
3,12,0.0
3,13,0.0
3,14,28.924341860086315
3,15,0.0
3,16,18207.114281126625
3,17,0.0
3,18,58.61132492848901
3,19,20.16757509127092
3,20,31.866665717275282
3,21,12517.26113661039
3,22,0.0
3,23,0.0
3,24,28.438327027586638
3,25,20.547872248730528
3,26,0.0
3,27,40.55166080037543
3,28,21.485525437408796
3,29,0.0
3,30,0.0
3,31,0.0
3,32,0.0
3,33,1508.4375372146678
3,34,0.0
3,35,17956.72927233223
3,36,0.0
3,37,17.165778514065096
3,38,0.0
3,39,0.0
3,40,31.33580247530608
3,41,0.0
3,42,21.044636931052082
3,43,0.0
3,44,0.0
3,45,0.0
3,46,0.0
3,47,28.703837007954462
3,48,1749.2559975422664
3,49,0.0
3,50,0.0
3,51,0.0
3,52,0.0
3,53,1512.6111745934722
3,54,31.866665717275282
3,55,0.0
3,56,0.0
3,57,0.0
3,58,0.0
3,59,0.0
3,60,0.0
3,61,0.0
3,62,0.0
3,63,12694.195143620405
3,64,21.521485192872206
3,65,0.0
3,66,0.0
3,67,0.0
3,68,0.0
3,69,0.0
3,70,1884.9090077606706
3,71,19.284437336477822
3,72,28.65765866797483
3,73,25.150274107686528
3,74,0.0
3,75,36.573118877340676
3,76,28.337535224626663
3,77,27.783648797171736
3,78,0.0
3,79,0.0
3,80,19.82906354577881
3,81,233.17443505344545
3,82,0.0
3,83,0.0
3,84,26324.54406991369
3,85,0.0
3,86,28.86322897086029
3,87,0.0
3,88,0.0
3,89,0.0
3,90,24.413102813146907
3,91,0.0
3,92,0.0
3,93,0.0
3,94,0.0
3,95,30.63100313095765
3,96,83.62762057743385
3,97,0.0
3,98,0.0
3,99,2146.5309290250807
3,100,0.0
3,101,2166.524391696119
3,102,0.0
3,103,0.0
3,104,0.0
3,105,0.0
3,106,1743.236948619462
3,107,31.866665717275282
3,108,0.0
3,109,0.0
3,110,1884.9090077606706
3,111,0.0
3,112,19.18646084973625
3,113,0.0
3,114,28.26358440545755
3,115,0.0
3,116,0.0
3,117,0.0
3,118,0.0
3,119,0.0
3,120,0.0
3,121,40.39095992111106
3,122,0.0
3,123,0.0
3,124,0.0
3,125,0.0
3,126,0.0
3,127,1943.7826882728914
3,128,28.28548509150187
3,129,0.0
3,130,0.0
3,131,91165.78795541517
3,132,0.0
3,133,36.684273794257024
3,134,0.0
3,135,28.86322897086029
3,136,20.81355424153844
3,137,0.0
3,138,0.0
3,139,0.0
3,140,28.886087369843153
3,141,13855.798505102934
3,142,1715.2858196423622
3,143,0.0
3,144,17.366572967041975
3,145,0.0
3,146,30.672049155648892
3,147,0.0
3,148,0.0
3,149,0.0
3,150,0.0
3,151,40.47273239879269
3,152,0.0
3,153,24.1728390381204
3,154,0.0
3,155,0.0
3,156,0.0
3,157,0.0
3,158,0.0
3,159,0.0
3,160,1508.4375372146678
3,161,0.0
3,162,12845.906110855178
3,163,0.0
3,164,20.49862817384019
3,165,0.0
3,166,0.0
3,167,12654.638312282204
3,168,81575.00845559743
3,169,27.783648797171736
3,170,47.0013846473139
3,171,35.78707645878421
3,172,0.0
3,173,28.86322897086029
3,174,91.18632637644168
3,175,89.71594371400624
3,176,12706.049429404771
3,177,34.24896281621113
3,178,28.86322897086029
3,179,0.0
3,180,0.0
3,181,0.0
3,182,0.0
3,183,0.0
3,184,20.547872248730528
3,185,39.65914535068896
3,186,0.0
3,187,0.0
3,188,30.9862909724161
3,189,27.783648797171736
3,190,0.0
3,191,0.0
3,192,526.6712185496108
3,193,1884.9090077606706
3,194,0.0
3,195,28.499916962419775
3,196,2166.458816199487
3,197,2168.1272897743293
3,198,0.0
3,199,0.0
3,200,0.0
3,201,20.927442399243773
3,202,0.0
3,203,37.955361606196675
3,204,0.0
3,205,0.0
3,206,2139.130375090499
3,207,0.0
3,208,1884.694661099984
3,209,19.91677504717427
3,210,41.001264127041395
3,211,42.83728599840924
3,212,1743.635469326855
3,213,1512.6111745934722
3,214,27.887641955766412
3,215,33.62319549517906
3,216,0.0
3,217,1749.4495813312606
3,218,0.0
3,219,0.0
3,220,0.0
3,221,1884.9090077606706
3,222,0.0
3,223,0.0
3,224,0.0
3,225,0.0
3,226,1749.3398927676426
3,227,30.82170538311493
3,228,0.0
3,229,0.0
3,230,18465.044329878085
3,231,0.0
3,232,16549.201828133944
3,233,0.0
3,234,0.0
3,235,4450.258412845868
3,236,0.0
3,237,0.0
3,238,1743.0436125394226
3,239,1884.694661099984
3,240,0.0
3,241,0.0
3,242,0.0
3,243,0.0
3,244,0.0
3,245,0.0
3,246,12706.049429404771
3,247,32.641309782158714
3,248,0.0
3,249,23.15374670635174
3,250,0.0
3,251,5158.113224917482
3,252,0.0
3,253,26324.54406991369
3,254,11.94863394530148
3,255,2711.635658119256
3,256,0.0
3,257,0.0
3,258,0.0
3,259,0.0
3,260,31.005104540156026
3,261,0.0
3,262,0.0
3,263,0.0
3,264,0.0
3,265,0.0
3,266,13149.871467004245
3,267,0.0
3,268,22.592296695544064
3,269,0.0
3,270,0.0
3,271,7712.801092533369
3,272,0.0
3,273,2166.4642917074343
3,274,0.0
3,275,0.0
3,276,1884.694661099984
3,277,0.0
3,278,0.0
3,279,1884.9090077606706
3,280,0.0
3,281,41.405867416239744
3,282,0.0
3,283,0.0
3,284,0.0
3,285,2166.423683873665
3,286,586.3023439050385
3,287,11.17432788348924
3,288,0.0
3,289,0.0
3,290,0.0
3,291,0.0
3,292,0.0
3,293,17359.354983647703
3,294,0.0
3,295,0.0
3,296,0.0
3,297,0.0
3,298,12572.433765623893
3,299,0.0
3,300,32.641309782158714
3,301,0.0
3,302,0.0
3,303,0.0
3,304,0.0
3,305,0.0
3,306,0.0
3,307,16782.37507641039
3,308,27.855575011812107
3,309,185.65450340279403
3,310,16718.96765586278
3,311,26324.54406991369
3,312,28.870464896485828
3,313,37.03249834319013
3,314,0.0
3,315,0.0
3,316,0.0
3,317,0.0
3,318,11.94863394530148
3,319,0.0
3,320,0.0
3,321,37.03249834319013
3,322,2200.223481243167
3,323,871.0913207162375
3,324,0.0
3,325,0.0
3,326,22.77990679611503
3,327,0.0
3,328,2177.43874800127
3,329,0.0
3,330,0.0
3,331,0.0
3,332,0.0
3,333,0.0
3,334,30.511262688060924
3,335,1749.0322801518341
3,336,0.0
3,337,40.86674511553974
3,338,0.0
3,339,27.783648797171736
3,340,30.618475221011977
3,341,2689.0576736787116
3,342,0.0
3,343,119.22242456219101
3,344,31.866665717275282
3,345,30.986814107562168
3,346,0.0
3,347,0.0
3,348,0.0
3,349,709.8975647647976
3,350,12881.212625911927
3,351,0.0
3,352,33.572470780660296
3,353,38.41638152362884
3,354,0.0
3,355,0.0
3,356,0.0
3,357,0.0
3,358,0.0
3,359,2166.457174817402
3,360,0.0
3,361,0.0
3,362,0.0
3,363,10.85312302958937
3,364,0.0
3,365,0.0
3,366,0.0
3,367,22.67428601060965
3,368,26324.54406991369
3,369,0.0
3,370,0.0
3,371,0.0
3,372,0.0
3,373,0.0
3,374,0.0
3,375,27.783648797171736
3,376,215.75570959182733
3,377,0.0
3,378,0.0
3,379,0.0
3,380,0.0
3,381,0.0
3,382,31.32006638963412
3,383,26324.54406991369
3,384,0.0
3,385,1884.9090077606706
3,386,0.0
3,387,27.783648797171736
3,388,38.20717051340671
3,389,750.1782594546112
3,390,0.0
3,391,0.0
3,392,2200.223481243167
3,393,0.0
3,394,13155.844290758292
3,395,40.55166080037543
3,396,0.0
3,397,2166.6089904223445
3,398,0.0
3,399,1884.895369196529
3,400,0.0
3,401,82699.42909101887
3,402,28.703837007954462
3,403,9.4659032127729
3,404,0.0
3,405,45.576851880667164
3,406,25.14480846746028
3,407,0.0
3,408,0.0
3,409,0.0
3,410,0.0
3,411,0.0
3,412,12.8415931149284
3,413,32.641309782158714
3,414,39.65914535068896
3,415,0.0
3,416,24.90682833399387
3,417,0.0
3,418,0.0
3,419,0.0
3,420,22.63614245397912
3,421,0.0
3,422,12802.69091245825
3,423,15061.40799770683
3,424,60.61990931195669
3,425,1680.982130933051
3,426,0.0
3,427,0.0
3,428,32.358116792484
3,429,0.0
3,430,0.0
3,431,30.63405735870856
3,432,22.63614245397912
3,433,46.175829496540246
3,434,15061.40799770683
3,435,20.144695249349752
3,436,31.866665717275282
3,437,89252.55144342402
3,438,0.0
3,439,608.6696234476076
3,440,0.0
3,441,16166.861773016033
3,442,3.8560659015447527
3,443,0.0
3,444,0.0
3,445,31.78693467681842
3,446,1884.9090077606706
3,447,0.0
3,448,0.0
3,449,0.0
3,450,45055.20263183422
3,451,17758.687293929535
3,452,4023.993893621572
3,453,0.0
3,454,0.0
3,455,0.0
3,456,30.84977488127788
3,457,0.0
3,458,0.0
3,459,1714.6350918953503
3,460,0.0
3,461,28.73831258097198
3,462,0.0
3,463,2186.263596304172
3,464,0.0
3,465,0.0
3,466,12572.094699623785
3,467,19.05454455490235
3,468,0.0
3,469,0.0
3,470,13.560417460405915
3,471,2186.263596304172
3,472,13.499323535927033
3,473,22.63614245397912
3,474,0.0
3,475,0.0
3,476,6191.819637608353
3,477,2428.9433963303754
3,478,8370.97222891405
3,479,0.0
3,480,16626.522024198406
3,481,1749.3049017241938
3,482,0.0
3,483,0.0
3,484,11074.232687830161
3,485,0.0
3,486,27.754080732920556
3,487,1884.9090077606706
3,488,34.609569242355974
3,489,0.0
3,490,39.64043559688707
3,491,0.0
3,492,37.07664154167833
3,493,0.0
3,494,2168.1272897743293
3,495,0.0
3,496,11.7862124211224
3,497,37.03249834319013
3,498,0.0
3,499,286.294913865956
3,500,0.0
3,501,0.0
3,502,0.0
3,503,1494.5496556358194
3,504,28.8331729368183
3,505,0.0
3,506,0.0
3,507,0.0
3,508,498.04559001572125
3,509,49187.315045068426
3,510,17396.130812706608
3,511,12949.592296273922
4,0,0.0
4,1,0.0
4,2,0.0
4,3,0.0
4,4,1743.635469326855
4,5,1508.4375372146678
4,6,0.0
4,7,0.0
4,8,0.0
4,9,0.0
4,10,0.0
4,11,0.0
4,12,0.0
4,13,16710.494080298682
4,14,14738.5148216077
4,15,33.62319549517906
4,16,1499.3179712376404
4,17,27.64755190501546
4,18,0.0
4,19,26324.54406991369
4,20,0.0
4,21,0.0
4,22,0.0
4,23,26324.54406991369
4,24,51.35492948918181
4,25,0.0
4,26,0.0
4,27,27.783648797171736
4,28,13102.661239850768
4,29,0.0
4,30,40.67450642431868
4,31,0.0
4,32,0.0
4,33,0.0
4,34,0.0
4,35,0.0
4,36,0.0
4,37,0.0
4,38,0.0
4,39,1162.620712960349
4,40,2164.3112141161473
4,41,0.0
4,42,33.365579246280504
4,43,35.247847164320774
4,44,0.0
4,45,0.0
4,46,0.0
4,47,35.191065612231796
4,48,0.0
4,49,0.0
4,50,0.0
4,51,0.0
4,52,0.0
4,53,0.0
4,54,0.0
4,55,0.0
4,56,0.0
4,57,0.0
4,58,0.0
4,59,0.0
4,60,0.0
4,61,0.0
4,62,0.0
4,63,0.0
4,64,11.94863394530148
4,65,0.0
4,66,0.0
4,67,0.0
4,68,0.0
4,69,37.144131980433485
4,70,0.0
4,71,26324.54406991369
4,72,0.0
4,73,0.0
4,74,23.457963784554522
4,75,0.0
4,76,0.0
4,77,0.0
4,78,0.0
4,79,12656.316995408482
4,80,0.0
4,81,0.0
4,82,0.0
4,83,2169.7645002927056
4,84,0.0
4,85,0.0
4,86,0.0
4,87,22.261874221089784
4,88,0.0
4,89,0.0
4,90,0.0
4,91,0.0
4,92,51913.644254026236
4,93,28.966789606392013
4,94,34.211838490666196
4,95,0.0
4,96,30.041572404984436
4,97,35.247847164320774
4,98,0.0
4,99,0.0
4,100,0.0
4,101,0.0
4,102,4350.981559782653
4,103,0.0
4,104,0.0
4,105,27.783648797171736
4,106,0.0
4,107,0.0
4,108,1884.9090077606706
4,109,40.55166080037543
4,110,0.0
4,111,53509.78176706232
4,112,27.783648797171736
4,113,27.783648797171736
4,114,26947.51500579204
4,115,0.0
4,116,0.0
4,117,12832.172563365593
4,118,31.715005866132742
4,119,0.0
4,120,0.0
4,121,0.0
4,122,0.0
4,123,1887.2108408680106
4,124,3.5930031099651387
4,125,0.0
4,126,188.6817866533038
4,127,0.0
4,128,0.0
4,129,83044.16202360782
4,130,0.0
4,131,0.0
4,132,0.0
4,133,0.0
4,134,0.0
4,135,0.0
4,136,0.0
4,137,0.0
4,138,0.0
4,139,1884.9090077606706
4,140,1884.9090077606706
4,141,1508.4375372146678
4,142,0.0
4,143,26324.54406991369
4,144,0.0
4,145,2169.7645002927056
4,146,0.0
4,147,0.0
4,148,0.0
4,149,47.21154933222351
4,150,18.34987526775967
4,151,95083.74909319059
4,152,27.783648797171736
4,153,26324.54406991369
4,154,27.61518295723272
4,155,0.0
4,156,0.0
4,157,40.180024648931976
4,158,0.0
4,159,0.0
4,160,0.0
4,161,48.946873923901876
4,162,0.0
4,163,0.0
4,164,0.0
4,165,0.0
4,166,27.855575011812107
4,167,0.0
4,168,0.0
4,169,0.0
4,170,48.726298367851086
4,171,0.0
4,172,0.0
4,173,26324.54406991369
4,174,0.0
4,175,0.0
4,176,50.08810826458557
4,177,21.0104229588851
4,178,1884.9090077606706
4,179,0.0
4,180,0.0
4,181,2161.0519483452554
4,182,0.0
4,183,0.0
4,184,0.0
4,185,11729.119040308266
4,186,22021.117306386506
4,187,0.0
4,188,0.0
4,189,34.55768555636496
4,190,27.854406176929842
4,191,0.0
4,192,12654.075288977569
4,193,0.0
4,194,0.0
4,195,0.0
4,196,0.0
4,197,0.0
4,198,0.0
4,199,0.0
4,200,27.783648797171736
4,201,26324.54406991369
4,202,1884.9090077606706
4,203,0.0
4,204,137.0814239129104
4,205,0.0
4,206,0.0
4,207,0.0
4,208,0.0
4,209,1884.9090077606706
4,210,0.0
4,211,199.58088762279112
4,212,0.0
4,213,0.0
4,214,0.0
4,215,0.0
4,216,27.618660966362768
4,217,34722.317986078255
4,218,28.600327834898962
4,219,0.0
4,220,40.55166080037543
4,221,26324.54406991369
4,222,0.0
4,223,0.0
4,224,0.0
4,225,0.0
4,226,1589.779311637576
4,227,40.67450642431868
4,228,535.4354687655641
4,229,0.0
4,230,0.0
4,231,28.924341860086315
4,232,29188.551581289466
4,233,0.0
4,234,35.247847164320774
4,235,0.0
4,236,0.0
4,237,0.0
4,238,0.0
4,239,52.09834640193367
4,240,0.0
4,241,0.0
4,242,40.55166080037543
4,243,0.0
4,244,1508.4375372146678
4,245,0.0
4,246,0.0
4,247,323.7226799985947
4,248,0.0
4,249,0.0
4,250,4.9176324290447155
4,251,0.0
4,252,466.65199865904106
4,253,0.0
4,254,0.0
4,255,0.0
4,256,0.0
4,257,0.0
4,258,0.0
4,259,0.0
4,260,12737.573704536742
4,261,0.0
4,262,12737.573704536742
4,263,0.0
4,264,0.0
4,265,0.0
4,266,35.51099339076154
4,267,0.0
4,268,0.0
4,269,1884.9090077606706
4,270,1884.9090077606706
4,271,26324.54406991369
4,272,0.0
4,273,13.74335856700418
4,274,12812.247992563382
4,275,0.0
4,276,0.0
4,277,0.0
4,278,27.99600315034877
4,279,30.0106721748798
4,280,2689.0576736787116
4,281,0.0
4,282,21867.78349855523
4,283,0.0
4,284,0.0
4,285,0.0
4,286,0.0
4,287,2166.676696582137
4,288,45.82235794067128
4,289,4083.794298651983
4,290,4.578506002507311
4,291,0.0
4,292,0.0
4,293,0.0
4,294,0.0
4,295,1742.824598546813
4,296,0.0
4,297,0.0
4,298,0.0
4,299,47.21154933222351
4,300,33.365579246280504
4,301,0.0
4,302,0.0
4,303,0.0
4,304,47.21154933222351
4,305,0.0
4,306,0.0
4,307,0.0
4,308,0.0
4,309,0.0
4,310,0.0
4,311,0.0
4,312,26324.54406991369
4,313,2196.9619895681753
4,314,26324.54406991369
4,315,1884.9090077606706
4,316,0.0
4,317,0.0
4,318,0.0
4,319,0.0
4,320,0.0
4,321,0.0
4,322,0.0
4,323,17.415294577402165
4,324,0.0
4,325,0.0
4,326,0.0
4,327,0.0
4,328,54773.055466412574
4,329,0.0
4,330,2165.413236860255
4,331,0.0
4,332,24.1728390381204
4,333,0.0
4,334,0.0
4,335,0.0
4,336,0.0
4,337,0.0
4,338,28.86322897086029
4,339,12.228952412041508
4,340,0.0
4,341,32.641309782158714
4,342,0.0
4,343,0.0
4,344,4018.470054381476
4,345,1884.9280557583152
4,346,22.718192944470502
4,347,0.0
4,348,0.0
4,349,0.0
4,350,0.0
4,351,3660.4411089042696
4,352,27.00989052004661
4,353,0.0
4,354,36.80158805806332
4,355,0.0
4,356,52.225468782211465
4,357,0.0
4,358,0.0
4,359,0.0
4,360,0.0
4,361,0.0
4,362,0.0
4,363,0.0
4,364,0.0
4,365,0.0
4,366,0.0
4,367,0.0
4,368,0.0
4,369,0.0
4,370,0.0
4,371,0.0
4,372,26324.54406991369
4,373,0.0
4,374,0.0
4,375,0.0
4,376,0.0
4,377,0.0
4,378,12737.573704536742
4,379,1884.9090077606706
4,380,0.0
4,381,30.041572404984436
4,382,0.0
4,383,0.0
4,384,0.0
4,385,0.0
4,386,1884.9090077606706
4,387,0.0
4,388,0.0
4,389,12654.075288977569
4,390,0.0
4,391,0.0
4,392,27.618660966362768
4,393,1884.9090077606706
4,394,1884.9090077606706
4,395,0.0
4,396,0.0
4,397,29.008610222033894
4,398,0.0
4,399,0.0
4,400,0.0
4,401,0.0
4,402,0.0
4,403,0.0
4,404,0.0
4,405,0.0
4,406,73.2317947067404
4,407,30.378318418412164
4,408,0.0
4,409,0.0
4,410,0.0
4,411,0.0
4,412,29.076004929478586
4,413,0.0
4,414,0.0
4,415,25.098679097635795
4,416,1884.9090077606706
4,417,1884.9090077606706
4,418,26324.54406991369
4,419,40.55166080037543
4,420,0.0
4,421,0.0
4,422,0.0
4,423,1742.824598546813
4,424,0.0
4,425,0.0
4,426,0.0
4,427,35.16081504075828
4,428,0.0
4,429,0.0
4,430,0.0
4,431,0.0
4,432,0.0
4,433,0.0
4,434,0.0
4,435,0.0
4,436,0.0
4,437,0.0
4,438,0.0
4,439,40.55166080037543
4,440,0.0
4,441,0.0
4,442,0.0
4,443,0.0
4,444,0.0
4,445,0.0
4,446,28.86322897086029
4,447,0.0
4,448,0.0
4,449,27.99600315034877
4,450,0.0
4,451,0.0
4,452,0.0
4,453,1715.137893759682
4,454,0.0
4,455,0.0
4,456,0.0
4,457,0.0
4,458,0.0
4,459,0.0
4,460,0.0
4,461,0.0
4,462,0.0
4,463,0.0
4,464,12818.111466002825
4,465,4.414949268228156
4,466,1282.75585305586
4,467,0.0
4,468,0.0
4,469,0.0
4,470,0.0
4,471,0.0
4,472,0.0
4,473,0.0
4,474,0.0
4,475,0.0
4,476,12818.111466002825
4,477,0.0
4,478,12656.316995408482
4,479,0.0
4,480,26324.54406991369
4,481,0.0
4,482,0.0
4,483,0.0
4,484,12737.573704536742
4,485,0.0
4,486,1589.7193777471257
4,487,0.0
4,488,13102.661239850768
4,489,0.0
4,490,0.0
4,491,0.0
4,492,0.0
4,493,26324.54406991369
4,494,0.0
4,495,0.0
4,496,37.03249834319013
4,497,0.0
4,498,0.0
4,499,0.0
4,500,13960.680970347297
4,501,12818.111466002825
4,502,0.0
4,503,0.0
4,504,0.0
4,505,0.0
4,506,19358.58450853947
4,507,48.68421410682913
4,508,0.0
4,509,1508.4375372146678
4,510,0.0
4,511,50.32196454395853
5,0,12654.075288977569
5,1,0.0
5,2,0.0
5,3,0.0
5,4,0.0
5,5,0.0
5,6,0.0
5,7,0.0
5,8,0.0
5,9,0.0
5,10,0.0
5,11,0.0
5,12,30.041572404984436
5,13,0.0
5,14,0.0
5,15,0.0
5,16,0.0
5,17,0.0
5,18,0.0
5,19,0.0
5,20,0.0
5,21,35.247847164320774
5,22,12654.075288977569
5,23,0.0
5,24,0.0
5,25,0.0
5,26,1529.669628269825
5,27,0.0
5,28,0.0
5,29,0.0
5,30,0.0
5,31,0.0
5,32,71.48618906137472
5,33,0.0
5,34,41054.88241113114
5,35,0.0
5,36,12654.075288977569
5,37,26324.54406991369
5,38,0.0
5,39,26394.910226752232
5,40,0.0
5,41,0.0
5,42,35.98121729603827
5,43,0.0
5,44,0.0
5,45,0.0
5,46,0.0
5,47,0.0
5,48,0.0
5,49,0.0
5,50,0.0
5,51,12661.511536796297
5,52,0.0
5,53,0.0
5,54,0.0
5,55,0.0
5,56,40.67450642431868
5,57,0.0
5,58,0.0
5,59,4084.027852953289
5,60,0.0
5,61,0.0
5,62,0.0
5,63,0.0
5,64,0.0
5,65,0.0
5,66,1884.9090077606706
5,67,0.0
5,68,96698.99258946958
5,69,0.0
5,70,0.0
5,71,0.0
5,72,0.0
5,73,0.0
5,74,0.0
5,75,0.0
5,76,40.55166080037543
5,77,0.0
5,78,26324.54406991369
5,79,42.01366633078669
5,80,0.0
5,81,0.0
5,82,0.0
5,83,0.0
5,84,0.0
5,85,40.55166080037543
5,86,12654.075288977569
5,87,26324.54406991369
5,88,0.0
5,89,0.0
5,90,12654.075288977569
5,91,0.0
5,92,48.9728125358406
5,93,0.0
5,94,0.0
5,95,0.0
5,96,0.0
5,97,0.0
5,98,0.0
5,99,0.0
5,100,2786.7931953976913
5,101,0.0
5,102,0.0
5,103,0.0
5,104,40.67450642431868
5,105,0.0
5,106,0.0
5,107,0.0
5,108,0.0
5,109,0.0
5,110,0.0
5,111,0.0
5,112,40.55166080037543
5,113,0.0
5,114,0.0
5,115,45.6708166191047
5,116,44.24555503754709
5,117,34.350182173830945
5,118,0.0
5,119,0.0
5,120,0.0
5,121,34961.10751082314
5,122,0.0
5,123,0.0
5,124,0.0
5,125,0.0
5,126,0.0
5,127,0.0
5,128,26324.54406991369
5,129,12654.075288977569
5,130,0.0
5,131,0.0
5,132,0.0
5,133,0.0
5,134,0.0
5,135,0.0
5,136,0.0
5,137,0.0
5,138,0.0
5,139,0.0
5,140,0.0
5,141,0.0
5,142,0.0
5,143,0.0
5,144,40.55166080037543
5,145,50.20609518303536
5,146,0.0
5,147,0.0
5,148,40.55166080037543
5,149,0.0
5,150,0.0
5,151,40.55166080037543
5,152,0.0
5,153,0.0
5,154,40.67450642431868
5,155,0.0
5,156,40.67450642431868
5,157,40.67450642431868
5,158,0.0
5,159,40.67450642431868
5,160,0.0
5,161,0.0
5,162,0.0
5,163,0.0
5,164,45.576851880667164
5,165,0.0
5,166,0.0
5,167,0.0
5,168,26324.54406991369
5,169,0.0
5,170,12654.075288977569
5,171,0.0
5,172,0.0
5,173,12654.075288977569
5,174,0.0
5,175,0.0
5,176,0.0
5,177,12654.075288977569
5,178,26324.54406991369
5,179,26324.54406991369
5,180,0.0
5,181,0.0
5,182,0.0
5,183,26324.54406991369
5,184,0.0
5,185,0.0
5,186,17.973563431100956
5,187,0.0
5,188,0.0
5,189,13.720199291496101
5,190,34.350182173830945
5,191,0.0
5,192,0.0
5,193,0.0
5,194,0.0
5,195,0.0
5,196,0.0
5,197,1324.934085406624
5,198,26394.910226752232
5,199,0.0
5,200,40.378233243185605
5,201,0.0
5,202,0.0
5,203,0.0
5,204,0.0
5,205,0.0
5,206,0.0
5,207,0.0
5,208,0.0
5,209,0.0
5,210,0.0
5,211,0.0
5,212,0.0
5,213,0.0
5,214,0.0
5,215,0.0
5,216,12832.907330254297
5,217,0.0
5,218,0.0
5,219,40.55166080037543
5,220,0.0
5,221,0.0
5,222,0.0
5,223,0.0
5,224,1884.9090077606706
5,225,0.0
5,226,0.0
5,227,40.55166080037543
5,228,0.0
5,229,30.814355102394984
5,230,0.0
5,231,0.0
5,232,0.0
5,233,181.69898926909082
5,234,0.0
5,235,0.0
5,236,0.0
5,237,0.0
5,238,0.0
5,239,0.0
5,240,0.0
5,241,0.0
5,242,0.0
5,243,0.0
5,244,40.67450642431868
5,245,0.0
5,246,0.0
5,247,0.0
5,248,0.0
5,249,26324.54406991369
5,250,0.0
5,251,12654.638312282204
5,252,0.0
5,253,0.0
5,254,0.0
5,255,0.0
5,256,0.0
5,257,0.0
5,258,12812.247992563382
5,259,0.0
5,260,0.0
5,261,26324.54406991369
5,262,0.0
5,263,126.27930918426136
5,264,0.0
5,265,0.0
5,266,0.0
5,267,28.86322897086029
5,268,0.0
5,269,0.0
5,270,56.555454278889556
5,271,0.0
5,272,0.0
5,273,0.0
5,274,54.81531711491971
5,275,1025.321759103228
5,276,34.194216764251905
5,277,0.0
5,278,26324.54406991369
5,279,0.0
5,280,0.0
5,281,0.0
5,282,26324.54406991369
5,283,0.0
5,284,0.0
5,285,0.0
5,286,0.0
5,287,0.0
5,288,0.0
5,289,0.0
5,290,0.0
5,291,0.0
5,292,0.0
5,293,10.691316747786914
5,294,0.0
5,295,0.0
5,296,0.0
5,297,45.6708166191047
5,298,0.0
5,299,0.0
5,300,53842.14257539199
5,301,0.0
5,302,0.0
5,303,52.892203507940394
5,304,0.0
5,305,2170.091592044133
5,306,0.0
5,307,0.0
5,308,0.0
5,309,11951.61248648239
5,310,26324.54406991369
5,311,0.0
5,312,0.0
5,313,0.0
5,314,0.0
5,315,0.0
5,316,0.0
5,317,48.9652373871686
5,318,0.0
5,319,35.247847164320774
5,320,0.0
5,321,2786.7931953976913
5,322,0.0
5,323,0.0
5,324,0.0
5,325,0.0
5,326,11.148961815667462
5,327,0.0
5,328,0.0
5,329,4082.830925754338
5,330,40.55166080037543
5,331,0.0
5,332,0.0
5,333,0.0
5,334,0.0
5,335,0.0
5,336,0.0
5,337,0.0
5,338,0.0
5,339,0.0
5,340,0.0
5,341,12832.172563365593
5,342,40.55166080037543
5,343,0.0
5,344,0.0
5,345,0.0
5,346,26394.910226752232
5,347,4426.736861079552
5,348,0.0
5,349,0.0
5,350,0.0
5,351,0.0
5,352,0.0
5,353,0.0
5,354,0.0
5,355,1884.9090077606706
5,356,26324.54406991369
5,357,0.0
5,358,0.0
5,359,12027.44002064996
5,360,17.973563431100956
5,361,0.0
5,362,74.7502652907524
5,363,26324.54406991369
5,364,0.0
5,365,0.0
5,366,34.350182173830945
5,367,0.0
5,368,0.0
5,369,0.0
5,370,0.0
5,371,0.0
5,372,0.0
5,373,0.0
5,374,96698.99258946958
5,375,40.55166080037543
5,376,0.0
5,377,0.0
5,378,0.0
5,379,0.0
5,380,0.0
5,381,0.0
5,382,0.0
5,383,26324.54406991369
5,384,48.883590017499046
5,385,48.9652373871686
5,386,0.0
5,387,0.0
5,388,2170.091592044133
5,389,0.0
5,390,0.0
5,391,0.0
5,392,0.0
5,393,0.0
5,394,0.0
5,395,0.0
5,396,0.0
5,397,40.55166080037543
5,398,12654.075288977569
5,399,0.0
5,400,0.0
5,401,0.0
5,402,0.0
5,403,0.0
5,404,0.0
5,405,50.578589681417725
5,406,0.0
5,407,0.0
5,408,0.0
5,409,12654.075288977569
5,410,0.0
5,411,4084.0928101353547
5,412,0.0
5,413,34.350182173830945
5,414,0.0
5,415,0.0
5,416,0.0
5,417,0.0
5,418,0.0
5,419,0.0
5,420,0.0
5,421,1884.9090077606706
5,422,0.0
5,423,0.0
5,424,0.0
5,425,0.0
5,426,0.0
5,427,0.0
5,428,0.0
5,429,0.0
5,430,0.0
5,431,0.0
5,432,0.0
5,433,0.0
5,434,0.0
5,435,54.74067739309794
5,436,0.0
5,437,45.6708166191047
5,438,0.0
5,439,0.0
5,440,0.0
5,441,0.0
5,442,0.0
5,443,0.0
5,444,0.0
5,445,0.0
5,446,0.0
5,447,0.0
5,448,0.0
5,449,34.597991962259584
5,450,110.47610310480104
5,451,1744.1849134473123
5,452,0.0
5,453,0.0
5,454,0.0
5,455,0.0
5,456,40.55166080037543
5,457,0.0
5,458,0.0
5,459,0.0
5,460,0.0
5,461,2170.091592044133
5,462,0.0
5,463,0.0
5,464,0.0
5,465,50.276174868499766
5,466,0.0
5,467,12654.075288977569
5,468,0.0
5,469,0.0
5,470,31.02813265360055
5,471,0.0
5,472,0.0
5,473,0.0
5,474,0.0
5,475,0.0
5,476,0.0
5,477,0.0
5,478,1517.404264218203
5,479,0.0
5,480,26324.54406991369
5,481,1884.9090077606706
5,482,0.0
5,483,0.0
5,484,0.0
5,485,0.0
5,486,0.0
5,487,0.0
5,488,0.0
5,489,27.783648797171736
5,490,0.0
5,491,40.67450642431868
5,492,0.0
5,493,1744.2324200689618
5,494,0.0
5,495,0.0
5,496,0.0
5,497,12832.172563365593
5,498,12818.111466002825
5,499,0.0
5,500,0.0
5,501,0.0
5,502,1884.9882855663673
5,503,0.0
5,504,49.514993301940194
5,505,40.55166080037543
5,506,0.0
5,507,0.0
5,508,49.93310709927391
5,509,0.0
5,510,0.0
5,511,0.0
6,0,1884.9090077606706
6,1,0.0
6,2,0.0
6,3,0.0
6,4,35.11688359992786
6,5,0.0
6,6,0.0
6,7,0.0
6,8,0.0
6,9,0.0
6,10,0.0
6,11,35.98121729603827
6,12,0.0
6,13,0.0
6,14,0.0
6,15,0.0
6,16,25671.182761726803
6,17,0.0
6,18,49.514993301940194
6,19,0.0
6,20,0.0
6,21,0.0
6,22,1793.4767972555892
6,23,40.67450642431868
6,24,0.0
6,25,50.71607681080877
6,26,0.0
6,27,0.0
6,28,1793.4767972555892
6,29,0.0
6,30,0.0
6,31,0.0
6,32,0.0
6,33,0.0
6,34,0.0
6,35,0.0
6,36,0.0
6,37,0.0
6,38,0.0
6,39,0.0
6,40,0.0
6,41,0.0
6,42,0.0
6,43,1499.3179712376404
6,44,0.0
6,45,43.08473362786117
6,46,0.0
6,47,0.0
6,48,0.0
6,49,0.0
6,50,0.0
6,51,0.0
6,52,0.0
6,53,0.0
6,54,4082.201690831869
6,55,0.0
6,56,0.0
6,57,0.0
6,58,40.67450642431868
6,59,0.0
6,60,0.0
6,61,14.987348023738377
6,62,0.0
6,63,0.0
6,64,40.887056661952556
6,65,0.0
6,66,0.0
6,67,0.0
6,68,0.0
6,69,0.0
6,70,4432.917829028197
6,71,0.0
6,72,40.852695472945925
6,73,0.0
6,74,40.852695472945925
6,75,0.0
6,76,1884.9090077606706
6,77,0.0
6,78,0.0
6,79,76.1403976405145
6,80,0.0
6,81,0.0
6,82,0.0
6,83,0.0
6,84,0.0
6,85,2786.7931953976913
6,86,40.852695472945925
6,87,49.514993301940194
6,88,0.0
6,89,0.0
6,90,0.0
6,91,1744.727226524279
6,92,0.0
6,93,0.0
6,94,1499.3179712376404
6,95,0.0
6,96,0.0
6,97,1215.8964782786215
6,98,0.0
6,99,2786.7931953976913
6,100,0.0
6,101,0.0
6,102,0.0
6,103,0.0
6,104,54.786285318099544
6,105,0.0
6,106,1884.9090077606706
6,107,0.0
6,108,0.0
6,109,0.0
6,110,0.0
6,111,0.0
6,112,0.0
6,113,0.0
6,114,0.0
6,115,110.47610310480104
6,116,0.0
6,117,0.0
6,118,49.514993301940194
6,119,4920.496990379532
6,120,0.0
6,121,0.0
6,122,0.0
6,123,35.247847164320774
6,124,0.0
6,125,4432.917829028197
6,126,0.0
6,127,0.0
6,128,0.0
6,129,0.0
6,130,0.0
6,131,0.0
6,132,0.0
6,133,0.0
6,134,40.67450642431868
6,135,0.0
6,136,0.0
6,137,3999.6064702255644
6,138,0.0
6,139,0.0
6,140,0.0
6,141,0.0
6,142,0.0
6,143,0.0
6,144,0.0
6,145,0.0
6,146,0.0
6,147,0.0
6,148,0.0
6,149,0.0
6,150,0.0
6,151,10.692785591792017
6,152,0.0
6,153,0.0
6,154,0.0
6,155,1499.3179712376404
6,156,50.578589681417725
6,157,0.0
6,158,0.0
6,159,0.0
6,160,0.0
6,161,0.0
6,162,0.0
6,163,0.0
6,164,0.0
6,165,0.0
6,166,0.0
6,167,0.0
6,168,0.0
6,169,0.0
6,170,0.0
6,171,0.0
6,172,0.0
6,173,0.0
6,174,0.0
6,175,0.0
6,176,0.0
6,177,0.0
6,178,34.597991962259584
6,179,0.0
6,180,0.0
6,181,0.0
6,182,0.0
6,183,0.0
6,184,0.0
6,185,0.0
6,186,0.0
6,187,0.0
6,188,40.58883956050249
6,189,0.0
6,190,32.39136565251192
6,191,0.0
6,192,0.0
6,193,0.0
6,194,40.67450642431868
6,195,0.0
6,196,0.0
6,197,1744.228797727017
6,198,0.0
6,199,0.0
6,200,0.0
6,201,0.0
6,202,0.0
6,203,0.0
6,204,0.0
6,205,0.0
6,206,0.0
6,207,50.92632527241403
6,208,0.0
6,209,1997.5181001395067
6,210,0.0
6,211,0.0
6,212,0.0
6,213,0.0
6,214,0.0
6,215,36.376951405352884
6,216,54.81531711491971
6,217,0.0
6,218,51.19187515815611
6,219,0.0
6,220,47.98571254415128
6,221,0.0
6,222,0.0
6,223,0.0
6,224,0.0
6,225,0.0
6,226,0.0
6,227,0.0
6,228,0.0
6,229,0.0
6,230,40.67450642431868
6,231,0.0
6,232,1885.1098607298227
6,233,0.0
6,234,51.07001024139936
6,235,0.0
6,236,2786.7931953976913
6,237,117.30372735069614
6,238,0.0
6,239,0.0
6,240,0.0
6,241,0.0
6,242,0.0
6,243,17.415294577402165
6,244,0.0
6,245,1499.3179712376404
6,246,0.0
6,247,0.0
6,248,40.67450642431868
6,249,0.0
6,250,0.0
6,251,0.0
6,252,0.0
6,253,0.0
6,254,1884.9090077606706
6,255,0.0
6,256,0.0
6,257,40.852695472945925
6,258,0.0
6,259,0.0
6,260,0.0
6,261,36.652068647507804
6,262,11590.018354914595
6,263,0.0
6,264,0.0
6,265,0.0
6,266,0.0
6,267,0.0
6,268,0.0
6,269,1744.3261476895132
6,270,0.0
6,271,0.0
6,272,0.0
6,273,17.415294577402165
6,274,35.98121729603827
6,275,0.0
6,276,1884.9090077606706
6,277,0.0
6,278,12654.075288977569
6,279,3999.6064702255644
6,280,1499.3179712376404
6,281,35.247847164320774
6,282,0.0
6,283,0.0
6,284,0.0
6,285,1141.2667641746593
6,286,0.0
6,287,40.852695472945925
6,288,0.0
6,289,0.0
6,290,0.0
6,291,0.0
6,292,0.0
6,293,0.0
6,294,0.0
6,295,0.0
6,296,0.0
6,297,0.0
6,298,0.0
6,299,0.0
6,300,0.0
6,301,2685.3760533491004
6,302,0.0
6,303,0.0
6,304,0.0
6,305,0.0
6,306,0.0
6,307,0.0
6,308,0.0
6,309,0.0
6,310,0.0
6,311,0.0
6,312,0.0
6,313,0.0
6,314,0.0
6,315,0.0
6,316,0.0
6,317,0.0
6,318,0.0
6,319,40.67450642431868
6,320,0.0
6,321,0.0
6,322,35.90220118675552
6,323,0.0
6,324,0.0
6,325,48.9732767198966
6,326,44.24555503754709
6,327,0.0
6,328,26499.982027860846
6,329,0.0
6,330,0.0
6,331,40.67450642431868
6,332,35.98121729603827
6,333,0.0
6,334,0.0
6,335,1527.7495792854934
6,336,0.0
6,337,0.0
6,338,0.0
6,339,0.0
6,340,0.0
6,341,45.84089947677421
6,342,0.0
6,343,0.0
6,344,0.0
6,345,0.0
6,346,0.0
6,347,0.0
6,348,2786.7931953976913
6,349,0.0
6,350,2786.7931953976913
6,351,1885.1098607298227
6,352,0.0
6,353,0.0
6,354,40.67450642431868
6,355,0.0
6,356,0.0
6,357,0.0
6,358,0.0
6,359,0.0
6,360,0.0
6,361,0.0
6,362,0.0
6,363,0.0
6,364,0.0
6,365,0.0
6,366,0.0
6,367,0.0
6,368,0.0
6,369,0.0
6,370,0.0
6,371,0.0
6,372,43.5557349464525
6,373,0.0
6,374,0.0
6,375,1884.9090077606706
6,376,0.0
6,377,0.0
6,378,0.0
6,379,0.0
6,380,0.0
6,381,0.0
6,382,0.0
6,383,0.0
6,384,0.0
6,385,0.0
6,386,1523.9145037581366
6,387,0.0
6,388,0.0
6,389,0.0
6,390,0.0
6,391,0.0
6,392,0.0
6,393,0.0
6,394,23.458103223791113
6,395,0.0
6,396,16.85285612619191
6,397,0.0
6,398,0.0
6,399,35.247847164320774
6,400,0.0
6,401,0.0
6,402,0.0
6,403,45.80358666638858
6,404,0.0
6,405,0.0
6,406,0.0
6,407,0.0
6,408,0.0
6,409,0.0
6,410,1884.9090077606706
6,411,2786.7931953976913
6,412,110.55411576797633
6,413,0.0
6,414,0.0
6,415,45.6708166191047
6,416,0.0
6,417,0.0
6,418,0.0
6,419,50.92632527241403
6,420,0.0
6,421,0.0
6,422,0.0
6,423,0.0
6,424,0.0
6,425,0.0
6,426,0.0
6,427,35.98121729603827
6,428,40.67450642431868
6,429,0.0
6,430,0.0
6,431,0.0
6,432,0.0
6,433,0.0
6,434,0.0
6,435,0.0
6,436,0.0
6,437,0.0
6,438,1997.5181001395067
6,439,0.0
6,440,0.0
6,441,0.0
6,442,0.0
6,443,0.0
6,444,0.0
6,445,0.0
6,446,26499.982027860846
6,447,45.6708166191047
6,448,0.0
6,449,40.67450642431868
6,450,0.0
6,451,0.0
6,452,0.0
6,453,4082.201690831869
6,454,0.0
6,455,1887.2108408680106
6,456,0.0
6,457,41115.00079158222
6,458,0.0
6,459,0.0
6,460,1997.5181001395067
6,461,0.0
6,462,0.0
6,463,53794.072983208294
6,464,25694.554634645872
6,465,0.0
6,466,0.0
6,467,1206.548132949878
6,468,17.415294577402165
6,469,35.98121729603827
6,470,0.0
6,471,0.0
6,472,0.0
6,473,44.24555503754709
6,474,0.0
6,475,0.0
6,476,5364.479504395066
6,477,0.0
6,478,0.0
6,479,0.0
6,480,1884.9194353741368
6,481,0.0
6,482,0.0
6,483,1793.545238154602
6,484,47.98571254415128
6,485,1528.2118804408674
6,486,0.0
6,487,0.0
6,488,0.0
6,489,0.0
6,490,0.0
6,491,0.0
6,492,0.0
6,493,0.0
6,494,0.0
6,495,45.80358666638858
6,496,0.0
6,497,52.391710379244614
6,498,0.0
6,499,0.0
6,500,2170.091592044133
6,501,74.89403940593547
6,502,0.0
6,503,0.0
6,504,0.0
6,505,0.0
6,506,0.0
6,507,1884.9090077606706
6,508,0.0
6,509,0.0
6,510,40.73752682630584
6,511,0.0
7,0,0.0
7,1,0.0
7,2,0.0
7,3,0.0
7,4,0.0
7,5,0.0
7,6,0.0
7,7,0.0
7,8,0.0
7,9,0.0
7,10,76.04752316756094
7,11,2786.7931953976913
7,12,0.0
7,13,0.0
7,14,0.0
7,15,0.0
7,16,0.0
7,17,0.0
7,18,0.0
7,19,0.0
7,20,0.0
7,21,0.0
7,22,0.0
7,23,0.0
7,24,0.0
7,25,2786.7931953976913
7,26,0.0
7,27,0.0
7,28,1499.3179712376404
7,29,0.0
7,30,4084.027852953289
7,31,0.0
7,32,0.0
7,33,0.0
7,34,0.0
7,35,0.0
7,36,0.0
7,37,0.0
7,38,0.0
7,39,0.0
7,40,96.92978403354027
7,41,0.0
7,42,2170.091592044133
7,43,0.0
7,44,0.0
7,45,0.0
7,46,0.0
7,47,0.0
7,48,0.0
7,49,0.0
7,50,0.0
7,51,0.0
7,52,110.6049191064676
7,53,0.0
7,54,0.0
7,55,0.0
7,56,0.0
7,57,0.0
7,58,0.0
7,59,0.0
7,60,0.0
7,61,0.0
7,62,0.0
7,63,0.0
7,64,0.0
7,65,0.0
7,66,0.0
7,67,0.0
7,68,0.0
7,69,0.0
7,70,75.13934798435457
7,71,0.0
7,72,0.0
7,73,0.0
7,74,0.0
7,75,0.0
7,76,2786.7931953976913
7,77,4296.596949997053
7,78,0.0
7,79,0.0
7,80,95801.8169651934
7,81,0.0
7,82,110.47610310480104
7,83,0.0
7,84,0.0
7,85,0.0
7,86,0.0
7,87,0.0
7,88,0.0
7,89,0.0
7,90,0.0
7,91,1499.3179712376404
7,92,0.0
7,93,0.0
7,94,0.0
7,95,0.0
7,96,0.0
7,97,0.0
7,98,0.0
7,99,0.0
7,100,0.0
7,101,0.0
7,102,0.0
7,103,1206.548132949878
7,104,0.0
7,105,87.39629676949244
7,106,0.0
7,107,0.0
7,108,0.0
7,109,0.0
7,110,0.0
7,111,229.69372364947412
7,112,0.0
7,113,0.0
7,114,0.0
7,115,0.0
7,116,189.60826156120584
7,117,0.0
7,118,0.0
7,119,0.0
7,120,0.0
7,121,0.0
7,122,0.0
7,123,0.0
7,124,1499.3179712376404
7,125,134.8139367890717
7,126,70.94589830933364
7,127,0.0
7,128,0.0
7,129,0.0
7,130,0.0
7,131,0.0
7,132,363.94322491085495
7,133,0.0
7,134,0.0
7,135,0.0
7,136,0.0
7,137,0.0
7,138,0.0
7,139,0.0
7,140,0.0
7,141,0.0
7,142,0.0
7,143,0.0
7,144,0.0
7,145,881.3608007891607
7,146,0.0
7,147,190.32245245547347
7,148,0.0
7,149,0.0
7,150,0.0
7,151,0.0
7,152,0.0
7,153,0.0
7,154,1499.3179712376404
7,155,0.0
7,156,700.2674882567626
7,157,0.0
7,158,0.0
7,159,0.0
7,160,0.0
7,161,0.0
7,162,0.0
7,163,0.0
7,164,0.0
7,165,0.0
7,166,0.0
7,167,0.0
7,168,0.0
7,169,0.0
7,170,0.0
7,171,0.0
7,172,287.4296793667927
7,173,0.0
7,174,0.0
7,175,0.0
7,176,0.0
7,177,0.0
7,178,76.3047638076905
7,179,0.0
7,180,0.0
7,181,0.0
7,182,88682.47710894738
7,183,0.0
7,184,0.0
7,185,0.0
7,186,0.0
7,187,23197.333060084122
7,188,0.0
7,189,0.0
7,190,0.0
7,191,0.0
7,192,0.0
7,193,0.0
7,194,0.0
7,195,0.0
7,196,0.0
7,197,0.0
7,198,25.098679097635795
7,199,0.0
7,200,0.0
7,201,0.0
7,202,0.0
7,203,0.0
7,204,0.0
7,205,0.0
7,206,0.0
7,207,0.0
7,208,25671.182761726803
7,209,0.0
7,210,0.0
7,211,0.0
7,212,0.0
7,213,0.0
7,214,0.0
7,215,0.0
7,216,0.0
7,217,0.0
7,218,0.0
7,219,0.0
7,220,1608.349311243458
7,221,0.0
7,222,0.0
7,223,0.0
7,224,0.0
7,225,0.0
7,226,0.0
7,227,0.0
7,228,0.0
7,229,1972.5092204248313
7,230,0.0
7,231,0.0
7,232,0.0
7,233,0.0
7,234,0.0
7,235,74.89403940593547
7,236,0.0
7,237,0.0
7,238,0.0
7,239,0.0
7,240,0.0
7,241,75.95529731146416
7,242,0.0
7,243,0.0
7,244,0.0
7,245,0.0
7,246,0.0
7,247,87.39629676949244
7,248,0.0
7,249,0.0
7,250,0.0
7,251,1997.5181001395067
7,252,4078.2017016076998
7,253,0.0
7,254,0.0
7,255,0.0
7,256,0.0
7,257,0.0
7,258,0.0
7,259,0.0
7,260,0.0
7,261,0.0
7,262,1499.3179712376404
7,263,0.0
7,264,0.0
7,265,0.0
7,266,0.0
7,267,11590.018354914595
7,268,0.0
7,269,0.0
7,270,0.0
7,271,0.0
7,272,0.0
7,273,0.0
7,274,2786.7931953976913
7,275,0.0
7,276,0.0
7,277,0.0
7,278,0.0
7,279,0.0
7,280,1793.545238154602
7,281,0.0
7,282,0.0
7,283,0.0
7,284,0.0
7,285,0.0
7,286,0.0
7,287,0.0
7,288,0.0
7,289,0.0
7,290,0.0
7,291,0.0
7,292,4442.262785267887
7,293,0.0
7,294,0.0
7,295,0.0
7,296,0.0
7,297,0.0
7,298,0.0
7,299,0.0
7,300,2170.091592044133
7,301,0.0
7,302,0.0
7,303,0.0
7,304,0.0
7,305,2786.7931953976913
7,306,0.0
7,307,0.0
7,308,0.0
7,309,0.0
7,310,2786.7931953976913
7,311,290.06222614040234
7,312,4432.917829028197
7,313,4084.5638194516923
7,314,3999.6064702255644
7,315,6.121427694588419
7,316,0.0
7,317,0.0
7,318,4084.027852953289
7,319,290.06222614040234
7,320,0.0
7,321,0.0
7,322,0.0
7,323,0.0
7,324,0.0
7,325,0.0
7,326,0.0
7,327,0.0
7,328,0.0
7,329,5771.191363553547
7,330,0.0
7,331,0.0
7,332,0.0
7,333,0.0
7,334,0.0
7,335,0.0
7,336,0.0
7,337,0.0
7,338,0.0
7,339,0.0
7,340,0.0
7,341,0.0
7,342,0.0
7,343,0.0
7,344,0.0
7,345,0.0
7,346,0.0
7,347,0.0
7,348,0.0
7,349,0.0
7,350,0.0
7,351,0.0
7,352,0.0
7,353,4469.777357848819
7,354,363.94322491085495
7,355,0.0
7,356,0.0
7,357,0.0
7,358,25.098679097635795
7,359,0.0
7,360,0.0
7,361,0.0
7,362,0.0
7,363,0.0
7,364,0.0
7,365,110.47358560871362
7,366,0.0
7,367,0.0
7,368,0.0
7,369,0.0
7,370,0.0
7,371,0.0
7,372,0.0
7,373,0.0
7,374,0.0
7,375,0.0
7,376,0.0
7,377,0.0
7,378,363.94322491085495
7,379,0.0
7,380,0.0
7,381,0.0
7,382,0.0
7,383,0.0
7,384,0.0
7,385,0.0
7,386,0.0
7,387,0.0
7,388,0.0
7,389,0.0
7,390,0.0
7,391,110.6049191064676
7,392,1887.2108408680106
7,393,0.0
7,394,0.0
7,395,0.0
7,396,0.0
7,397,0.0
7,398,0.0
7,399,0.0
7,400,0.0
7,401,0.0
7,402,110.47610310480104
7,403,0.0
7,404,160.99273582581827
7,405,0.0
7,406,4083.526976234005
7,407,0.0
7,408,0.0
7,409,0.0
7,410,0.0
7,411,25.098679097635795
7,412,0.0
7,413,0.0
7,414,0.0
7,415,0.0
7,416,0.0
7,417,0.0
7,418,0.0
7,419,0.0
7,420,0.0
7,421,0.0
7,422,2786.7931953976913
7,423,0.0
7,424,25671.182761726803
7,425,0.0
7,426,2170.091592044133
7,427,0.0
7,428,0.0
7,429,0.0
7,430,0.0
7,431,0.0
7,432,0.0
7,433,0.0
7,434,881.3608007891607
7,435,0.0
7,436,0.0
7,437,0.0
7,438,96.92978403354027
7,439,1206.548132949878
7,440,0.0
7,441,110.47358560871362
7,442,0.0
7,443,0.0
7,444,30.801649977518537
7,445,0.0
7,446,0.0
7,447,12832.172563365593
7,448,4082.830925754338
7,449,0.0
7,450,0.0
7,451,0.0
7,452,283.09690554660574
7,453,2170.091592044133
7,454,0.0
7,455,188.46493990156523
7,456,0.0
7,457,0.0
7,458,2786.788006827235
7,459,0.0
7,460,0.0
7,461,0.0
7,462,0.0
7,463,0.0
7,464,0.0
7,465,0.0
7,466,0.0
7,467,0.0
7,468,4477.463984177074
7,469,0.0
7,470,0.0
7,471,0.0
7,472,2170.091592044133
7,473,0.0
7,474,0.0
7,475,110.47610310480104
7,476,0.0
7,477,0.0
7,478,238.93618053638238
7,479,110.6049191064676
7,480,0.0
7,481,0.0
7,482,0.0
7,483,0.0
7,484,0.0
7,485,74.7502652907524
7,486,76.18158081497768
7,487,0.0
7,488,0.0
7,489,0.0
7,490,27540.65385587266
7,491,0.0
7,492,0.0
7,493,1499.3179712376404
7,494,0.0
7,495,0.0
7,496,110.47358560871362
7,497,0.0
7,498,0.0
7,499,0.0
7,500,0.0
7,501,0.0
7,502,0.0
7,503,74.83776763510923
7,504,0.0
7,505,74.70754400789428
7,506,0.0
7,507,25.098679097635795
7,508,0.0
7,509,0.0
7,510,0.0
7,511,0.0
8,0,0.0
8,1,0.0
8,2,1138.8781419735114
8,3,0.0
8,4,290.06222614040234
8,5,0.0
8,6,0.0
8,7,175.3184743843094
8,8,0.0
8,9,0.0
8,10,700.2674882567626
8,11,229.69372364947412
8,12,0.0
8,13,0.0
8,14,0.0
8,15,1887.2108408680106
8,16,0.0
8,17,0.0
8,18,0.0
8,19,0.0
8,20,0.0
8,21,0.0
8,22,407.02126016948205
8,23,0.0
8,24,0.0
8,25,0.0
8,26,0.0
8,27,0.0
8,28,0.0
8,29,0.0
8,30,0.0
8,31,101.775623490219
8,32,372.4091398762912
8,33,0.0
8,34,0.0
8,35,110.47610310480104
8,36,0.0
8,37,0.0
8,38,0.0
8,39,0.0
8,40,1884.9090077606706
8,41,110.6049191064676
8,42,0.0
8,43,0.0
8,44,700.2674882567626
8,45,0.0
8,46,169.76775623318463
8,47,0.0
8,48,0.0
8,49,0.0
8,50,0.0
8,51,0.0
8,52,0.0
8,53,0.0
8,54,1608.349311243458
8,55,110.47610310480104
8,56,81.28402014625044
8,57,0.0
8,58,0.0
8,59,0.0
8,60,0.0
8,61,0.0
8,62,0.0
8,63,0.0
8,64,0.0
8,65,0.0
8,66,290.06222614040234
8,67,0.0
8,68,0.0
8,69,0.0
8,70,0.0
8,71,0.0
8,72,0.0
8,73,0.0
8,74,0.0
8,75,110.47358560871362
8,76,0.0
8,77,0.0
8,78,0.0
8,79,0.0
8,80,0.0
8,81,2170.091592044133
8,82,0.0
8,83,0.0
8,84,0.0
8,85,0.0
8,86,0.0
8,87,0.0
8,88,77.31347715922766
8,89,0.0
8,90,0.0
8,91,0.0
8,92,0.0
8,93,0.0
8,94,0.0
8,95,0.0
8,96,0.0
8,97,0.0
8,98,0.0
8,99,0.0
8,100,0.0
8,101,0.0
8,102,0.0
8,103,0.0
8,104,0.0
8,105,0.0
8,106,0.0
8,107,0.0
8,108,25.098679097635795
8,109,0.0
8,110,0.0
8,111,0.0
8,112,0.0
8,113,87.39629676949244
8,114,0.0
8,115,0.0
8,116,0.0
8,117,0.0
8,118,0.0
8,119,0.0
8,120,0.0
8,121,0.0
8,122,700.2674882567626
8,123,0.0
8,124,-11540967.630330281
8,125,0.0
8,126,0.0
8,127,0.0
8,128,0.0
8,129,0.0
8,130,0.0
8,131,0.0
8,132,110.47358560871362
8,133,0.0
8,134,0.0
8,135,0.0
8,136,0.0
8,137,1870.0370463808067
8,138,0.0
8,139,0.0
8,140,0.0
8,141,0.0
8,142,0.0
8,143,700.2674882567626
8,144,0.0
8,145,0.0
8,146,0.0
8,147,0.0
8,148,0.0
8,149,0.0
8,150,0.0
8,151,0.0
8,152,0.0
8,153,0.0
8,154,0.0
8,155,0.0
8,156,-11540967.630330281
8,157,0.0
8,158,0.0
8,159,0.0
8,160,290.01675156657166
8,161,0.0
8,162,0.0
8,163,0.0
8,164,0.0
8,165,0.0
8,166,0.0
8,167,0.0
8,168,700.2674882567626
8,169,238.93618053638238
8,170,0.0
8,171,0.0
8,172,195.5576845934911
8,173,0.0
8,174,0.0
8,175,0.0
8,176,0.0
8,177,0.0
8,178,0.0
8,179,0.0
8,180,96.92978403354027
8,181,0.0
8,182,0.0
8,183,110.47610310480104
8,184,0.0
8,185,0.0
8,186,0.0
8,187,0.0
8,188,0.0
8,189,0.0
8,190,0.0
8,191,0.0
8,192,0.0
8,193,0.0
8,194,0.0
8,195,0.0
8,196,0.0
8,197,0.0
8,198,0.0
8,199,0.0
8,200,0.0
8,201,0.0
8,202,0.0
8,203,1997.5181001395067
8,204,0.0
8,205,0.0
8,206,23197.333060084122
8,207,0.0
8,208,0.0
8,209,0.0
8,210,110.6049191064676
8,211,0.0
8,212,0.0
8,213,0.0
8,214,0.0
8,215,0.0
8,216,0.0
8,217,0.0
8,218,0.0
8,219,96.92978403354027
8,220,96.92978403354027
8,221,75.74464285928025
8,222,0.0
8,223,0.0
8,224,0.0
8,225,1499.3179712376404
8,226,0.0
8,227,0.0
8,228,0.0
8,229,0.0
8,230,0.0
8,231,0.0
8,232,23197.333060084122
8,233,0.0
8,234,0.0
8,235,0.0
8,236,0.0
8,237,0.0
8,238,0.0
8,239,0.0
8,240,54.733936193321824
8,241,0.0
8,242,0.0
8,243,0.0
8,244,0.0
8,245,0.0
8,246,0.0
8,247,0.0
8,248,26507.48181244079
8,249,0.0
8,250,0.0
8,251,74.70754400789428
8,252,0.0
8,253,0.0
8,254,2170.091592044133
8,255,0.0
8,256,11590.018354914595
8,257,0.0
8,258,0.0
8,259,0.0
8,260,0.0
8,261,1499.3300679933236
8,262,0.0
8,263,0.0
8,264,0.0
8,265,0.0
8,266,0.0
8,267,0.0
8,268,0.0
8,269,0.0
8,270,0.0
8,271,0.0
8,272,110.41573596452781
8,273,0.0
8,274,0.0
8,275,0.0
8,276,0.0
8,277,0.0
8,278,0.0
8,279,0.0
8,280,0.0
8,281,0.0
8,282,0.0
8,283,0.0
8,284,0.0
8,285,0.0
8,286,0.0
8,287,0.0
8,288,0.0
8,289,1499.3179712376404
8,290,0.0
8,291,0.0
8,292,0.0
8,293,592.3009859227932
8,294,0.0
8,295,0.0
8,296,2170.091592044133
8,297,0.0
8,298,0.0
8,299,0.0
8,300,0.0
8,301,0.0
8,302,0.0
8,303,0.0
8,304,283.3534046533514
8,305,0.0
8,306,0.0
8,307,0.0
8,308,0.0
8,309,0.0
8,310,0.0
8,311,0.0
8,312,0.0
8,313,0.0
8,314,0.0
8,315,0.0
8,316,0.0
8,317,0.0
8,318,110.47610310480104
8,319,0.0
8,320,0.0
8,321,0.0
8,322,0.0
8,323,0.0
8,324,76.38703798019833
8,325,0.0
8,326,0.0
8,327,0.0
8,328,110.47610310480104
8,329,175.3184743843094
8,330,0.0
8,331,0.0
8,332,0.0
8,333,0.0
8,334,0.0
8,335,0.0
8,336,0.0
8,337,0.0
8,338,0.0
8,339,0.0
8,340,4499.976512586414
8,341,0.0
8,342,0.0
8,343,0.0
8,344,0.0
8,345,0.0
8,346,377.23403825823334
8,347,0.0
8,348,0.0
8,349,0.0
8,350,0.0
8,351,0.0
8,352,0.0
8,353,0.0
8,354,0.0
8,355,110.6049191064676
8,356,0.0
8,357,0.0
8,358,0.0
8,359,0.0
8,360,0.0
8,361,0.0
8,362,0.0
8,363,0.0
8,364,0.0
8,365,0.0
8,366,0.0
8,367,110.55411576797633
8,368,0.0
8,369,0.0
8,370,0.0
8,371,0.0
8,372,0.0
8,373,0.0
8,374,0.0
8,375,678.4367568437801
8,376,186.58081782060708
8,377,0.0
8,378,110.47610310480104
8,379,0.0
8,380,0.0
8,381,0.0
8,382,0.0
8,383,2170.160969656161
8,384,0.0
8,385,0.0
8,386,189.60826156120584
8,387,164.60709139265145
8,388,0.0
8,389,0.0
8,390,0.0
8,391,0.0
8,392,181.69898926909082
8,393,0.0
8,394,0.0
8,395,0.0
8,396,2170.091592044133
8,397,0.0
8,398,74.89403940593547
8,399,0.0
8,400,0.0
8,401,0.0
8,402,0.0
8,403,-11540967.630330281
8,404,0.0
8,405,0.0
8,406,0.0
8,407,0.0
8,408,39.54076909017658
8,409,0.0
8,410,0.0
8,411,0.0
8,412,6.121427694588419
8,413,0.0
8,414,0.0
8,415,341.130702976031
8,416,25.098679097635795
8,417,0.0
8,418,4084.027852953289
8,419,0.0
8,420,1887.2108408680106
8,421,0.0
8,422,0.0
8,423,0.0
8,424,0.0
8,425,0.0
8,426,0.0
8,427,0.0
8,428,0.0
8,429,0.0
8,430,0.0
8,431,0.0
8,432,0.0
8,433,0.0
8,434,0.0
8,435,0.0
8,436,0.0
8,437,1499.3179712376404
8,438,0.0
8,439,0.0
8,440,0.0
8,441,0.0
8,442,160.99273582581827
8,443,0.0
8,444,0.0
8,445,2170.091592044133
8,446,0.0
8,447,0.0
8,448,0.0
8,449,0.0
8,450,0.0
8,451,0.0
8,452,0.0
8,453,1510.151370033066
8,454,0.0
8,455,0.0
8,456,0.0
8,457,0.0
8,458,0.0
8,459,0.0
8,460,0.0
8,461,0.0
8,462,0.0
8,463,110.47610310480104
8,464,0.0
8,465,0.0
8,466,0.0
8,467,0.0
8,468,1997.5181001395067
8,469,110.41573596452781
8,470,0.0
8,471,0.0
8,472,0.0
8,473,74.70754400789428
8,474,74.83776763510923
8,475,0.0
8,476,0.0
8,477,0.0
8,478,0.0
8,479,0.0
8,480,0.0
8,481,0.0
8,482,0.0
8,483,0.0
8,484,0.0
8,485,2170.091592044133
8,486,0.0
8,487,76.3047638076905
8,488,0.0
8,489,0.0
8,490,0.0
8,491,0.0
8,492,0.0
8,493,0.0
8,494,0.0
8,495,0.0
8,496,0.0
8,497,2170.091592044133
8,498,0.0
8,499,0.0
8,500,0.0
8,501,0.0
8,502,0.0
8,503,0.0
8,504,0.0
8,505,0.0
8,506,0.0
8,507,0.0
8,508,0.0
8,509,1608.349311243458
8,510,0.0
8,511,1064.4101960449498
9,0,0.0
9,1,0.0
9,2,0.0
9,3,0.0
9,4,0.0
9,5,0.0
9,6,0.0
9,7,0.0
9,8,0.0
9,9,189.60826156120584
9,10,0.0
9,11,0.0
9,12,0.0
9,13,290.01675156657166
9,14,50.85533806577132
9,15,26324.54406991369
9,16,0.0
9,17,0.0
9,18,0.0
9,19,0.0
9,20,0.0
9,21,0.0
9,22,0.0
9,23,0.0
9,24,700.2674882567626
9,25,0.0
9,26,0.0
9,27,0.0
9,28,0.0
9,29,0.0
9,30,0.0
9,31,0.0
9,32,0.0
9,33,0.0
9,34,0.0
9,35,0.0
9,36,0.0
9,37,0.0
9,38,0.0
9,39,0.0
9,40,0.0
9,41,0.0
9,42,0.0
9,43,0.0
9,44,0.0
9,45,0.0
9,46,0.0
9,47,0.0
9,48,0.0
9,49,0.0
9,50,0.0
9,51,0.0
9,52,0.0
9,53,0.0
9,54,0.0
9,55,0.0
9,56,0.0
9,57,0.0
9,58,0.0
9,59,0.0
9,60,0.0
9,61,0.0
9,62,0.0
9,63,0.0
9,64,0.0
9,65,0.0
9,66,0.0
9,67,0.0
9,68,0.0
9,69,165.85728219326575
9,70,2170.044487258645
9,71,0.0
9,72,110.45038712926998
9,73,0.0
9,74,0.0
9,75,0.0
9,76,0.0
9,77,0.0
9,78,0.0
9,79,0.0
9,80,11494.508313744447
9,81,0.0
9,82,0.0
9,83,0.0
9,84,0.0
9,85,0.0
9,86,0.0
9,87,0.0
9,88,0.0
9,89,0.0
9,90,0.0
9,91,0.0
9,92,0.0
9,93,0.0
9,94,0.0
9,95,110.41573596452781
9,96,0.0
9,97,0.0
9,98,0.0
9,99,25.098679097635795
9,100,0.0
9,101,0.0
9,102,0.0
9,103,0.0
9,104,0.0
9,105,0.0
9,106,0.0
9,107,100.53236337521685
9,108,0.0
9,109,172.04972131171598
9,110,87.39629676949244
9,111,0.0
9,112,26324.54406991369
9,113,0.0
9,114,0.0
9,115,1499.3179712376404
9,116,0.0
9,117,1499.3179712376404
9,118,0.0
9,119,0.0
9,120,0.0
9,121,1106.0763816771187
9,122,0.0
9,123,0.0
9,124,11590.018354914595
9,125,0.0
9,126,0.0
9,127,0.0
9,128,0.0
9,129,0.0
9,130,0.0
9,131,0.0
9,132,0.0
9,133,0.0
9,134,0.0
9,135,1887.2108408680106
9,136,0.0
9,137,0.0
9,138,165.64836586485126
9,139,0.0
9,140,0.0
9,141,0.0
9,142,0.0
9,143,0.0
9,144,0.0
9,145,0.0
9,146,0.0
9,147,0.0
9,148,0.0
9,149,0.0
9,150,0.0
9,151,0.0
9,152,0.0
9,153,23197.333060084122
9,154,11590.018354914595
9,155,0.0
9,156,0.0
9,157,0.0
9,158,0.0
9,159,0.0
9,160,0.0
9,161,1415.1870051933474
9,162,0.0
9,163,23197.333060084122
9,164,0.0
9,165,0.0
9,166,0.0
9,167,0.0
9,168,0.0
9,169,0.0
9,170,0.0
9,171,11590.018354914595
9,172,0.0
9,173,23157.78086354139
9,174,0.0
9,175,0.0
9,176,434.34332237841045
9,177,0.0
9,178,0.0
9,179,0.0
9,180,0.0
9,181,0.0
9,182,0.0
9,183,0.0
9,184,0.0
9,185,0.0
9,186,0.0
9,187,0.0
9,188,0.0
9,189,1887.2108408680106
9,190,0.0
9,191,25.098679097635795
9,192,0.0
9,193,0.0
9,194,0.0
9,195,0.0
9,196,0.0
9,197,0.0
9,198,0.0
9,199,0.0
9,200,0.0
9,201,0.0
9,202,0.0
9,203,0.0
9,204,0.0
9,205,0.0
9,206,0.0
9,207,0.0
9,208,0.0
9,209,0.0
9,210,0.0
9,211,0.0
9,212,0.0
9,213,39.23873920795904
9,214,0.0
9,215,0.0
9,216,0.0
9,217,0.0
9,218,0.0
9,219,0.0
9,220,0.0
9,221,0.0
9,222,26324.54406991369
9,223,0.0
9,224,216.89368503487185
9,225,0.0
9,226,0.0
9,227,0.0
9,228,0.0
9,229,132.09465802157501
9,230,1887.2108408680106
9,231,11590.018354914595
9,232,0.0
9,233,0.0
9,234,0.0
9,235,0.0
9,236,0.0
9,237,0.0
9,238,0.0
9,239,0.0
9,240,0.0
9,241,0.0
9,242,0.0
9,243,0.0
9,244,0.0
9,245,23197.333060084122
9,246,0.0
9,247,0.0
9,248,0.0
9,249,0.0
9,250,75.03797734631462
9,251,0.0
9,252,0.0
9,253,0.0
9,254,0.0
9,255,0.0
9,256,0.0
9,257,0.0
9,258,0.0
9,259,0.0
9,260,0.0
9,261,0.0
9,262,0.0
9,263,0.0
9,264,0.0
9,265,0.0
9,266,0.0
9,267,0.0
9,268,0.0
9,269,0.0
9,270,181.69898926909082
9,271,110.47610310480104
9,272,0.0
9,273,0.0
9,274,0.0
9,275,0.0
9,276,0.0
9,277,0.0
9,278,0.0
9,279,0.0
9,280,0.0
9,281,0.0
9,282,0.0
9,283,0.0
9,284,0.0
9,285,0.0
9,286,0.0
9,287,0.0
9,288,0.0
9,289,0.0
9,290,0.0
9,291,99.83410559393087
9,292,0.0
9,293,76.18158081497768
9,294,0.0
9,295,290.06222614040234
9,296,0.0
9,297,0.0
9,298,0.0
9,299,0.0
9,300,0.0
9,301,25.098679097635795
9,302,0.0
9,303,0.0
9,304,0.0
9,305,916.1745415246905
9,306,0.0
9,307,0.0
9,308,0.0
9,309,0.0
9,310,0.0
9,311,0.0
9,312,0.0
9,313,0.0
9,314,1499.3179712376404
9,315,0.0
9,316,0.0
9,317,0.0
9,318,197.271303294704
9,319,0.0
9,320,0.0
9,321,2170.091592044133
9,322,0.0
9,323,0.0
9,324,0.0
9,325,23197.333060084122
9,326,0.0
9,327,0.0
9,328,0.0
9,329,0.0
9,330,0.0
9,331,0.0
9,332,0.0
9,333,0.0
9,334,0.0
9,335,0.0
9,336,0.0
9,337,0.0
9,338,26324.54406991369
9,339,0.0
9,340,0.0
9,341,38.20180541447735
9,342,0.0
9,343,0.0
9,344,0.0
9,345,133.21523747860738
9,346,0.0
9,347,0.0
9,348,0.0
9,349,0.0
9,350,0.0
9,351,0.0
9,352,0.0
9,353,0.0
9,354,0.0
9,355,0.0
9,356,0.0
9,357,0.0
9,358,0.0
9,359,2170.091592044133
9,360,0.0
9,361,0.0
9,362,96.92978403354027
9,363,0.0
9,364,0.0
9,365,0.0
9,366,0.0
9,367,0.0
9,368,23197.333060084122
9,369,0.0
9,370,0.0
9,371,0.0
9,372,0.0
9,373,0.0
9,374,0.0
9,375,0.0
9,376,0.0
9,377,0.0
9,378,0.0
9,379,0.0
9,380,110.47610310480104
9,381,0.0
9,382,343.30256276928503
9,383,0.0
9,384,0.0
9,385,0.0
9,386,0.0
9,387,0.0
9,388,0.0
9,389,0.0
9,390,0.0
9,391,0.0
9,392,0.0
9,393,0.0
9,394,0.0
9,395,0.0
9,396,0.0
9,397,0.0
9,398,0.0
9,399,0.0
9,400,0.0
9,401,0.0
9,402,0.0
9,403,0.0
9,404,0.0
9,405,0.0
9,406,0.0
9,407,0.0
9,408,0.0
9,409,110.47610310480104
9,410,0.0
9,411,0.0
9,412,0.0
9,413,0.0
9,414,0.0
9,415,0.0
9,416,0.0
9,417,88.54111841324539
9,418,0.0
9,419,0.0
9,420,0.0
9,421,0.0
9,422,0.0
9,423,0.0
9,424,0.0
9,425,0.0
9,426,0.0
9,427,0.0
9,428,0.0
9,429,0.0
9,430,0.0
9,431,0.0
9,432,0.0
9,433,0.0
9,434,0.0
9,435,58.70978363841368
9,436,0.0
9,437,0.0
9,438,0.0
9,439,0.0
9,440,0.0
9,441,2170.091592044133
9,442,0.0
9,443,0.0
9,444,0.0
9,445,0.0
9,446,0.0
9,447,0.0
9,448,0.0
9,449,0.0
9,450,0.0
9,451,0.0
9,452,0.0
9,453,0.0
9,454,0.0
9,455,0.0
9,456,0.0
9,457,0.0
9,458,0.0
9,459,0.0
9,460,0.0
9,461,0.0
9,462,0.0
9,463,181.69898926909082
9,464,0.0
9,465,0.0
9,466,0.0
9,467,0.0
9,468,0.0
9,469,0.0
9,470,0.0
9,471,26324.54406991369
9,472,0.0
9,473,0.0
9,474,0.0
9,475,0.0
9,476,0.0
9,477,0.0
9,478,0.0
9,479,0.0
9,480,0.0
9,481,0.0
9,482,0.0
9,483,0.0
9,484,0.0
9,485,0.0
9,486,0.0
9,487,0.0
9,488,0.0
9,489,0.0
9,490,0.0
9,491,0.0
9,492,0.0
9,493,1499.3179712376404
9,494,0.0
9,495,0.0
9,496,26324.54406991369
9,497,0.0
9,498,0.0
9,499,0.0
9,500,0.0
9,501,1172.262334851349
9,502,0.0
9,503,0.0
9,504,0.0
9,505,0.0
9,506,0.0
9,507,0.0
9,508,0.0
9,509,0.0
9,510,0.0
9,511,0.0
