generation, individual, diff_after_backprop
0,0,157.8973118862923
0,1,7816.997141692951
0,2,2152.011343061051
0,3,0.0
0,4,1827.3891316741829
0,5,25.36760564436372
0,6,0.0
0,7,0.0
0,8,23.176801506979245
0,9,0.0
0,10,0.0
0,11,0.0
0,12,16050.13268773753
0,13,0.0
0,14,970.2258907895884
0,15,0.0
0,16,9.154844742110981
0,17,1616.3494343330422
0,18,0.0
0,19,0.0
0,20,0.0
0,21,12249.519415292194
0,22,1707.1054843676484
0,23,0.0
0,24,0.0
0,25,21940.688812512806
0,26,0.0
0,27,0.0
0,28,1616.337047332414
0,29,0.0
0,30,0.0
0,31,0.0
0,32,0.0
0,33,0.0
0,34,1001.7210175373184
0,35,0.0
0,36,0.0
0,37,0.0
0,38,0.0
0,39,0.0
0,40,0.12503680781810544
0,41,0.0
0,42,0.0
0,43,0.0
0,44,8212.7175380841
0,45,0.0
0,46,0.0
0,47,0.0
0,48,0.0
0,49,0.0
0,50,1751.0946298060917
0,51,1854.0799587800175
0,52,0.0
0,53,0.0
0,54,0.0
0,55,19.80592819165031
0,56,942.2703452830319
0,57,1242.993209334557
0,58,0.0
0,59,0.0
0,60,0.0
0,61,0.0
0,62,0.0
0,63,1667.903773481983
0,64,0.0
0,65,0.0
0,66,0.0
0,67,0.0
0,68,0.0
0,69,1902.7971247124879
0,70,0.0
0,71,0.0
0,72,0.0
0,73,0.0
0,74,0.0
0,75,0.0
0,76,7248.540539353879
0,77,41.17322469633291
0,78,3113.664666967489
0,79,0.0
0,80,0.0
0,81,0.0
0,82,0.0
0,83,0.0
0,84,0.0
0,85,1787.2281505522951
0,86,0.0
0,87,0.0
0,88,0.0
0,89,0.0
0,90,0.0
0,91,0.0
0,92,0.0
0,93,0.0
0,94,0.0
0,95,0.0
0,96,161.09443844300404
0,97,0.0
0,98,1617.9764661765366
0,99,0.0
0,100,35681.391797797296
0,101,1667.759462220969
0,102,0.0
0,103,0.0
0,104,0.0
0,105,0.0
0,106,0.0
0,107,50.74547527086543
0,108,0.0
0,109,0.0
0,110,0.0
0,111,0.0
0,112,381.7225550809453
0,113,13.699412330773157
0,114,0.0
0,115,0.0
0,116,0.0
0,117,3112.3762970006546
0,118,0.0
0,119,20690.780992675318
0,120,1618.0458659773794
0,121,0.0
0,122,31.112273056030972
0,123,0.0
0,124,0.0
0,125,0.0
0,126,0.0
0,127,0.0
0,128,23119.899340603417
0,129,0.0
0,130,20077.426627997844
0,131,0.0
0,132,0.0
0,133,28.558190146436573
0,134,0.0
0,135,0.0
0,136,0.0
0,137,10354.645202366806
0,138,13285.460410320553
0,139,1823.0050397997547
0,140,0.0
0,141,0.0
0,142,0.0
0,143,0.0
0,144,0.0
0,145,0.0
0,146,0.0
0,147,0.0
0,148,1655.903667649236
0,149,0.0
0,150,0.0
0,151,20963.67804883924
0,152,0.0
0,153,1778.2163963780695
0,154,0.0
0,155,0.0
0,156,0.0
0,157,1778.3146896528451
0,158,0.0
0,159,0.0
0,160,0.0
0,161,16049.865535797635
0,162,0.0
0,163,0.0
0,164,0.0
0,165,0.0
0,166,1667.8012997906735
0,167,0.0
0,168,0.0
0,169,0.0
0,170,0.0
0,171,0.0
0,172,0.0
0,173,0.0
0,174,0.0
0,175,9652.990035006187
0,176,2848.4602597125377
0,177,0.0
0,178,10320.544649380536
0,179,0.0
0,180,0.0
0,181,0.0
0,182,1633.8080230655069
0,183,0.0
0,184,0.0
0,185,15.803818858323211
0,186,0.0
0,187,27.77157706064736
0,188,0.0
0,189,0.0
0,190,804.6130562590333
0,191,0.0
0,192,0.0
0,193,0.0
0,194,1499.5913571295496
0,195,0.0
0,196,0.0
0,197,0.0
0,198,28.558190146436573
0,199,2109.51282962615
0,200,0.0
0,201,1807.2376621948824
0,202,0.0
0,203,0.0
0,204,0.0
0,205,0.0
0,206,3188.766975931713
0,207,1806.9994611672846
0,208,0.0
0,209,0.0
0,210,17.81034283819372
0,211,0.0
0,212,0.0
0,213,0.0
0,214,0.0
0,215,0.0
0,216,0.0
0,217,164.23271083795407
0,218,0.0
0,219,1070.9623291616372
0,220,0.0
0,221,0.0
0,222,0.0
0,223,0.0
0,224,0.0
0,225,0.0
0,226,25.761519689086526
0,227,11013.033564989666
0,228,0.0
0,229,0.0
0,230,1667.7837949915265
0,231,2574.5189816358507
0,232,0.0
0,233,0.0
0,234,0.0
0,235,11430.587933054234
0,236,0.0
0,237,0.0
0,238,1232.1056542148963
0,239,0.0
0,240,0.0
0,241,0.0
0,242,0.0
0,243,0.0
0,244,1704.197096390897
0,245,16843.648592257385
0,246,0.0
0,247,1739.2084060894704
0,248,16408.552101850088
0,249,425.0903560901643
0,250,1616.33466062749
0,251,0.0
0,252,0.0
0,253,0.0
0,254,0.0
0,255,0.0
0,256,0.0
0,257,0.0
0,258,0.0
0,259,0.0
0,260,1633.7412477844591
0,261,1714.3778129231468
0,262,1616.1622523405058
0,263,1667.7535877478877
0,264,0.0
0,265,0.0
0,266,0.0
0,267,2769.7862210346975
0,268,0.0
0,269,235.5242874123387
0,270,10741.720497937917
0,271,0.0
0,272,0.0
0,273,2.364605425499576
0,274,0.0
0,275,14.527304585178172
0,276,0.0
0,277,1295.1963699468724
0,278,0.0
0,279,0.0
0,280,0.0
0,281,0.0
0,282,0.0
0,283,14.539843169714004
0,284,22232.797755973934
0,285,0.0
0,286,0.0
0,287,0.0
0,288,0.0
0,289,0.0
0,290,0.0
0,291,0.0
0,292,0.0
0,293,0.0
0,294,8543.913080254573
0,295,13.699412330773157
0,296,0.0
0,297,20928.556302632132
0,298,1464.1898319676984
0,299,0.0
0,300,10790.793037429514
0,301,0.0
0,302,0.0
0,303,1646.768410589164
0,304,0.0
0,305,0.0
0,306,20.85553799158879
0,307,0.0
0,308,0.0
0,309,1499.8774481742548
0,310,54612.95000318618
0,311,0.0
0,312,0.0
0,313,7821.069405740975
0,314,19304.25434396637
0,315,0.0
0,316,0.0
0,317,0.0
0,318,0.0
0,319,0.0
0,320,14124.269735853077
0,321,0.0
0,322,0.0
0,323,0.0
0,324,0.0
0,325,0.0
0,326,0.0
0,327,1617.997455187433
0,328,0.0
0,329,0.0
0,330,28.259464726476835
0,331,0.0
0,332,0.0
0,333,0.0
0,334,21215.940218742588
0,335,0.0
0,336,0.0
0,337,0.0
0,338,0.0
0,339,0.0
0,340,0.0
0,341,0.0
0,342,0.0
0,343,21578.372276510083
0,344,0.0
0,345,1.43563423620526
0,346,0.0
0,347,0.0
0,348,0.0
0,349,0.0
0,350,0.0
0,351,0.0
0,352,1667.7249482759507
0,353,0.0
0,354,0.0
0,355,7861.914008804088
0,356,0.0
0,357,0.0
0,358,0.0
0,359,1616.1739732421302
0,360,0.0
0,361,1235.8760142262654
0,362,0.0
0,363,0.0
0,364,3178.501491516665
0,365,5575.974288423571
0,366,0.0
0,367,0.0
0,368,1646.8547103443198
0,369,650.8749678953645
0,370,0.0
0,371,20879.018391783626
0,372,0.0
0,373,0.0
0,374,1726.0482445440684
0,375,27566.660405893508
0,376,11462.629439571392
0,377,1853.6492000541257
0,378,0.0
0,379,7796.701840294689
0,380,0.0
0,381,0.0
0,382,0.0
0,383,0.0
0,384,154.89485252339
0,385,0.0
0,386,0.0
0,387,0.0
0,388,0.0
0,389,0.0
0,390,24.393454719037436
0,391,0.0
0,392,0.0
0,393,0.0
0,394,0.0
0,395,0.0
0,396,0.0
0,397,0.0
0,398,0.0
0,399,0.0
0,400,0.0
0,401,0.0
0,402,0.0
0,403,0.0
0,404,0.0
0,405,1782.4266538781048
0,406,0.0
0,407,942.2703452830319
0,408,0.0
0,409,0.0
0,410,0.0
0,411,0.0
0,412,0.0
0,413,11847.920607327636
0,414,4392.110208749462
0,415,0.0
0,416,0.0
0,417,0.0
0,418,0.0
0,419,22.07381397885547
0,420,0.0
0,421,0.0
0,422,0.0
0,423,0.0
0,424,1616.2485168916028
0,425,0.0
0,426,1616.1100219993205
0,427,0.0
0,428,0.0
0,429,1667.8499131208446
0,430,16198.656568126098
0,431,0.0
0,432,0.0
0,433,216.0243863878277
0,434,0.0
0,435,0.0
0,436,0.0
0,437,0.0
0,438,0.0
0,439,0.0
0,440,0.0
0,441,0.0
0,442,0.0
0,443,22550.24751266147
0,444,0.0
0,445,0.0
0,446,1825.6162267533837
0,447,0.0
0,448,19.12303539068853
0,449,0.0
0,450,0.0
0,451,0.0
0,452,0.0
0,453,0.0
0,454,0.0
0,455,16419.785043445863
0,456,0.0
0,457,0.0
0,458,0.0
0,459,1618.073391034497
0,460,0.0
0,461,8357.397280595527
0,462,0.0
0,463,1751.125253020251
0,464,0.0
0,465,0.0
0,466,0.0
0,467,0.0
0,468,0.0
0,469,0.0
0,470,0.0
0,471,0.0
0,472,0.0
0,473,0.0
0,474,0.0
0,475,0.0
0,476,0.0
0,477,0.0
0,478,17208.720127998487
0,479,0.0
0,480,0.0
0,481,1231.975735881504
0,482,0.0
0,483,0.0
0,484,20745.638246551563
0,485,21119.46645715076
0,486,10218.15255724745
0,487,1465.33435501462
0,488,112.07278235830745
0,489,16843.59635431148
0,490,20.399219112405262
0,491,0.0
0,492,2058.1227748983038
0,493,11829.653273817938
0,494,0.0
0,495,12331.70878485553
0,496,10320.544649380536
0,497,1618.0458659773794
0,498,0.0
0,499,0.0
0,500,0.0
0,501,0.0
0,502,0.0
0,503,1663.781817666386
0,504,0.0
0,505,0.0
0,506,0.0
0,507,1667.7127339582767
0,508,1618.0508740277874
0,509,0.0
0,510,10689.65697414727
0,511,0.0
1,0,0.0
1,1,0.0
1,2,1667.8411240986206
1,3,1462.4221659016584
1,4,0.0
1,5,0.0
1,6,0.0
1,7,29.50099095763926
1,8,1562.0871277680126
1,9,236.98182414613075
1,10,2137.4225689107516
1,11,1461.7103986302645
1,12,0.0
1,13,29.276931335837617
1,14,0.0
1,15,0.0
1,16,5529.902876543549
1,17,33.480844222273845
1,18,12331.032328462696
1,19,18.729716784316224
1,20,2465.3011586496687
1,21,0.0
1,22,0.0
1,23,0.0
1,24,28.681496223071008
1,25,0.0
1,26,1462.4854785857024
1,27,0.0
1,28,8.10380525576511
1,29,0.0
1,30,2131.7374384445175
1,31,0.0
1,32,0.0
1,33,4776.640388319858
1,34,1655.795760532481
1,35,8.975016813415095
1,36,1352.4640050729759
1,37,20807.86131584808
1,38,0.0
1,39,0.0
1,40,0.0
1,41,1991.4309894882645
1,42,0.0
1,43,22304.236249655944
1,44,0.0
1,45,0.0
1,46,0.0
1,47,0.0
1,48,1686.6253266988679
1,49,1965.9058027484862
1,50,0.0
1,51,32385.099803367655
1,52,162.45279968853083
1,53,10459.492953119876
1,54,12.943692768022629
1,55,16357.07090523629
1,56,0.0
1,57,1655.8144565618059
1,58,20753.879293889473
1,59,0.0
1,60,0.0
1,61,0.0
1,62,8.698322769472725
1,63,2773.5582146442503
1,64,0.0
1,65,1.0011489647640701
1,66,10.124469849401066
1,67,0.0
1,68,21427.60276670554
1,69,0.0
1,70,0.0
1,71,13737.399707926737
1,72,0.0
1,73,1539.3859357112597
1,74,1743.8529152847987
1,75,0.0
1,76,0.0
1,77,0.0
1,78,1533.4821084273972
1,79,1.5407417786900623
1,80,16077.061351091985
1,81,0.0
1,82,9.630328903408554
1,83,10.680531174177304
1,84,1667.8180489954866
1,85,17735.62690395107
1,86,4898.845309315671
1,87,24.42731085608375
1,88,2347.951731155714
1,89,0.0
1,90,1649.9927508281653
1,91,0.0
1,92,1.8053820181130504
1,93,7305.453661512322
1,94,13.93395130285171
1,95,20906.20817161487
1,96,0.0
1,97,2132.942570869036
1,98,27.491915568475633
1,99,0.0
1,100,0.0
1,101,0.0
1,102,0.0
1,103,1038.7254440598917
1,104,0.0
1,105,14.00420802028475
1,106,0.0
1,107,0.0
1,108,0.0
1,109,0.0
1,110,10689.65697414727
1,111,0.0
1,112,20167.000432470883
1,113,1667.7160546146988
1,114,11.576645450114484
1,115,21741.054429623866
1,116,6.197821000926524
1,117,1539.3330744265586
1,118,0.0
1,119,32.06615029340901
1,120,0.0
1,121,10.030809668722213
1,122,0.0
1,123,0.0
1,124,0.0
1,125,14801.234615174279
1,126,0.0
1,127,0.0
1,128,1690.5324848735509
1,129,0.0
1,130,0.0
1,131,0.0
1,132,0.0
1,133,20768.082751989536
1,134,0.0
1,135,0.0
1,136,12746.26542373862
1,137,0.0
1,138,0.0
1,139,0.0
1,140,0.0
1,141,0.0
1,142,1511.704994201933
1,143,0.0
1,144,14.872100681182928
1,145,1352.4640050729759
1,146,7.131504455295726
1,147,0.0
1,148,0.0
1,149,0.0
1,150,0.0
1,151,15.982303820865127
1,152,0.0
1,153,2131.736359498602
1,154,0.0
1,155,0.0
1,156,15321.269371775856
1,157,1807.6203783054152
1,158,19428.04746500707
1,159,11.459170337715477
1,160,0.0
1,161,0.0
1,162,0.0
1,163,4106.851299988066
1,164,24.413952177787905
1,165,0.0
1,166,4898.845309315671
1,167,0.0
1,168,48.939677440774176
1,169,13.447657049735426
1,170,0.0
1,171,0.0
1,172,0.0
1,173,0.0
1,174,18654.088530467354
1,175,0.0
1,176,0.0
1,177,0.0
1,178,0.0
1,179,0.0
1,180,1542.7059710973845
1,181,0.0
1,182,0.0
1,183,0.0
1,184,0.0
1,185,17625.470347432492
1,186,320.2893825171968
1,187,2785.327998013222
1,188,10.052625279702625
1,189,0.0
1,190,0.0
1,191,9.883447459961644
1,192,0.0
1,193,0.0
1,194,46634.42061917693
1,195,0.0
1,196,0.0
1,197,0.0
1,198,1465.33435501462
1,199,10.214829836272656
1,200,0.0
1,201,0.0
1,202,0.0
1,203,0.0
1,204,0.0
1,205,0.0
1,206,0.0
1,207,0.0
1,208,0.0
1,209,28954.348835876426
1,210,0.0
1,211,0.0
1,212,0.0
1,213,0.0
1,214,87344.20539798196
1,215,0.0
1,216,0.0
1,217,0.0
1,218,320.17979431987897
1,219,10.662248794912557
1,220,1539.3456496909603
1,221,0.0
1,222,0.0
1,223,0.0
1,224,0.0
1,225,1722.962584650155
1,226,1658.8735123452861
1,227,10.122486932104948
1,228,0.0
1,229,0.0
1,230,1836.3760255409543
1,231,0.0
1,232,0.0
1,233,0.0
1,234,0.0
1,235,0.0
1,236,0.0
1,237,1493.3694580692973
1,238,0.0
1,239,0.0
1,240,0.0
1,241,3322.1152035630375
1,242,1223.6111277856417
1,243,0.0
1,244,11.487610231961298
1,245,15.927081898646975
1,246,20.94377925147819
1,247,0.0
1,248,0.0
1,249,0.0
1,250,1781.8667419296617
1,251,0.0
1,252,0.0
1,253,0.0
1,254,19.16986036884464
1,255,0.0
1,256,28.373057916130165
1,257,0.0
1,258,0.0
1,259,0.0
1,260,22136.53130868762
1,261,1658.798543693203
1,262,0.0
1,263,0.0
1,264,28.373057916130165
1,265,0.0
1,266,14847.784863056282
1,267,20929.89816223877
1,268,22148.575483619228
1,269,0.0
1,270,0.0
1,271,4.849635927467716
1,272,21625.88769253
1,273,18.032231866256552
1,274,0.0
1,275,0.0
1,276,0.0
1,277,21.531164455117505
1,278,0.0
1,279,0.0
1,280,1679.0119261812324
1,281,14552.76380852688
1,282,2.168087304531582
1,283,4989.562200241999
1,284,0.0
1,285,0.0
1,286,0.0
1,287,0.0
1,288,2405.415653543696
1,289,0.0
1,290,10.214829836272656
1,291,0.0
1,292,1352.6022459360101
1,293,2132.3279988560244
1,294,0.0
1,295,0.0
1,296,0.0
1,297,1682.5811631187098
1,298,27.491915568475633
1,299,0.0
1,300,0.0
1,301,0.0
1,302,1582.3176930156696
1,303,0.0
1,304,12509.815203751838
1,305,0.0
1,306,1528.2398155426527
1,307,0.0
1,308,0.0
1,309,0.0
1,310,0.0
1,311,0.0
1,312,20974.95070554484
1,313,24.415462811405632
1,314,204.82975039539087
1,315,0.0
1,316,16354.00677123556
1,317,21.728314296910867
1,318,10017.385327368153
1,319,0.0
1,320,31.942409943278108
1,321,0.0
1,322,17952.99252194731
1,323,8383.353286946178
1,324,10.806468627341019
1,325,0.0
1,326,13.699412330773157
1,327,29.37980835205599
1,328,35.65516365199983
1,329,75560.24743676429
1,330,0.0
1,331,1667.720655296187
1,332,0.0
1,333,0.0
1,334,0.0
1,335,10.214829836272656
1,336,0.0
1,337,9.823883076397578
1,338,2138.1911310919677
1,339,0.0
1,340,0.0
1,341,0.0
1,342,0.0
1,343,1491.756851752034
1,344,2785.327998013222
1,345,0.0
1,346,0.0
1,347,0.0
1,348,0.0
1,349,21693.460534441754
1,350,28.558190146436573
1,351,0.0
1,352,1351.4191956423929
1,353,0.0
1,354,0.0
1,355,1616.1293724222269
1,356,0.0
1,357,46.13015436486603
1,358,0.0
1,359,0.0
1,360,0.0
1,361,0.0
1,362,1616.2298378579944
1,363,9877.716999355931
1,364,0.0
1,365,4.633418277318015
1,366,0.0
1,367,0.0
1,368,0.0
1,369,0.0
1,370,1616.1167284767398
1,371,2748.168059290416
1,372,0.0
1,373,0.0
1,374,9.244076470755317
1,375,1616.4141577388
1,376,0.0
1,377,1722.754815105207
1,378,0.0
1,379,1464.1971991068276
1,380,0.0
1,381,0.0
1,382,0.0
1,383,0.0
1,384,8.698322769472725
1,385,0.0
1,386,9.15904147222409
1,387,0.0
1,388,0.0
1,389,1829.6819181180654
1,390,0.0
1,391,0.0
1,392,0.0
1,393,0.0
1,394,3178.501491516665
1,395,1672.3740080238458
1,396,0.0
1,397,0.0
1,398,23.11263154347853
1,399,0.0
1,400,0.0
1,401,12332.867870715272
1,402,381.7225550809453
1,403,0.0
1,404,1655.8144565618059
1,405,1351.4191956423929
1,406,1706.1200495489393
1,407,0.0
1,408,0.0
1,409,0.0
1,410,25.78903930985325
1,411,1557.6048823306555
1,412,9675.283800584226
1,413,0.0
1,414,115.56075411446727
1,415,0.0
1,416,9492.49971095671
1,417,0.0
1,418,1806.9994611672846
1,419,0.0
1,420,0.0
1,421,0.0
1,422,0.0
1,423,86608.64405450548
1,424,14.033614715208387
1,425,0.0
1,426,0.0
1,427,0.0
1,428,0.0
1,429,0.0
1,430,1351.4191956423929
1,431,1539.4414947299774
1,432,0.0
1,433,0.0
1,434,0.0
1,435,36.41867926713803
1,436,0.0
1,437,0.0
1,438,28.558190146436573
1,439,2202.049918337296
1,440,21020.03041113649
1,441,0.0
1,442,1463.9252638252692
1,443,0.0
1,444,1958.0872098325717
1,445,8.766121694251524
1,446,0.0
1,447,195.1114329939919
1,448,21.822603625029842
1,449,0.0
1,450,12750.686702715451
1,451,1965.9058027484862
1,452,17.011495482533974
1,453,0.0
1,454,0.0
1,455,0.0
1,456,0.0
1,457,0.0
1,458,3279.657504932091
1,459,25.493272103680283
1,460,1352.4640050729759
1,461,33.376727482164824
1,462,388.64170516884406
1,463,0.0
1,464,1491.859709898894
1,465,33.06067410520973
1,466,15.96816588841557
1,467,88.87614449812827
1,468,0.0
1,469,0.0
1,470,0.0
1,471,2082.9147779402265
1,472,0.0
1,473,22.08837320508519
1,474,0.0
1,475,0.0
1,476,1384.3423831869732
1,477,51.413738564416235
1,478,0.0
1,479,0.0
1,480,0.0
1,481,0.0
1,482,3284.5558260982334
1,483,20831.53959481896
1,484,1672.2397936120688
1,485,0.0
1,486,34310.052519719706
1,487,0.0
1,488,0.0
1,489,2.156112354007746
1,490,10.214829836272656
1,491,4898.965247776607
1,492,21.527938140055994
1,493,0.0
1,494,0.0
1,495,2082.9147779402265
1,496,0.0
1,497,11.07287056336554
1,498,4776.640388319858
1,499,29.985641048849175
1,500,0.0
1,501,22879.36190349807
1,502,0.0
1,503,1658.8710286811693
1,504,0.0
1,505,0.0
1,506,0.0
1,507,0.0
1,508,1616.259115058594
1,509,30.70501530268757
1,510,0.0
1,511,10.214829836272656
2,0,17.620033446545676
2,1,10.570624908492391
2,2,25.493272103680283
2,3,12.498869901770377
2,4,20.960262884785152
2,5,12.943692768022629
2,6,0.0
2,7,0.0
2,8,24.535509435779204
2,9,0.0
2,10,0.0
2,11,1.997766423172834
2,12,0.0
2,13,2139.1055159488096
2,14,73781.57653257428
2,15,27.79890208366578
2,16,0.0
2,17,16.963391672744365
2,18,20974.95070554484
2,19,24.514526318343997
2,20,25.493272103680283
2,21,39.51724613727765
2,22,27.154073829619847
2,23,14858.911858338848
2,24,23.73166092325482
2,25,4.8509190912391205
2,26,27.491915568475633
2,27,0.0
2,28,1465.971733478178
2,29,0.0
2,30,0.0
2,31,27.49005077118636
2,32,31.71540660692517
2,33,0.0
2,34,27.624962361750477
2,35,0.0
2,36,493.693661122109
2,37,0.0
2,38,0.0
2,39,0.0
2,40,26.68152973391625
2,41,0.0
2,42,0.0
2,43,0.0
2,44,1463.9252638252692
2,45,0.0
2,46,0.0
2,47,1641.0870986696427
2,48,0.0
2,49,0.0
2,50,1583.2430911728297
2,51,1465.971733478178
2,52,0.0
2,53,23391.750910759532
2,54,25.26462895197983
2,55,1329.7180116731024
2,56,0.0
2,57,31.93771697342163
2,58,0.0
2,59,0.0
2,60,24.53179960907528
2,61,0.0
2,62,58.5352673909365
2,63,23.442543057340117
2,64,0.0
2,65,75340.65963641152
2,66,10.33133741403526
2,67,0.0
2,68,0.0
2,69,24.415462811405632
2,70,27.06339482051044
2,71,0.0
2,72,1462.9283481445345
2,73,0.0
2,74,85.51712053771007
2,75,671.6638203734165
2,76,0.0
2,77,0.0
2,78,0.0
2,79,18.10492523952871
2,80,27.774996604446642
2,81,33.345348600878424
2,82,35.65516365199983
2,83,1655.8144565618059
2,84,30.225307181032804
2,85,25.282092560292767
2,86,27.491915568475633
2,87,28.43786706420542
2,88,0.0
2,89,1658.5080377664453
2,90,0.0
2,91,0.0
2,92,0.0
2,93,0.0
2,94,0.0
2,95,9.219397795730401
2,96,335.7135744910838
2,97,33.345348600878424
2,98,1446.4373819689208
2,99,50397.10357838833
2,100,0.0
2,101,0.0
2,102,0.0
2,103,0.0
2,104,0.0
2,105,0.0
2,106,18.832551695335496
2,107,1.9160163020851542
2,108,0.0
2,109,4.075978200544341
2,110,1722.556338223978
2,111,17.714033025263234
2,112,0.0
2,113,65994.99595119595
2,114,0.0
2,115,26.23561932805933
2,116,32.85689855333294
2,117,0.0
2,118,0.0
2,119,0.0
2,120,0.0
2,121,0.0
2,122,0.0
2,123,55573.1215953173
2,124,17.620033446545676
2,125,0.0
2,126,25.951113425057883
2,127,7862.035472908969
2,128,7.214307373879819
2,129,29.244099708415888
2,130,149.8804862518682
2,131,0.0
2,132,0.0
2,133,1722.5598237820886
2,134,6575.387550976656
2,135,0.0
2,136,13.417058465268383
2,137,0.0
2,138,16610.40698878224
2,139,31.25085320706512
2,140,0.0
2,141,767.8973610270814
2,142,0.0
2,143,1656.105087665619
2,144,0.0
2,145,28.558190146436573
2,146,0.0
2,147,26.135355288672145
2,148,16.376429329258826
2,149,35.26351741946564
2,150,0.0
2,151,0.0
2,152,23.666458207455435
2,153,0.0
2,154,13.035910043206059
2,155,0.0
2,156,0.0
2,157,0.0
2,158,0.0
2,159,1722.6696880614763
2,160,3346.522667639849
2,161,0.0
2,162,0.0
2,163,0.0
2,164,1402.662527121909
2,165,0.0
2,166,1641.0870986696427
2,167,32.09049568066621
2,168,0.0
2,169,0.0
2,170,25.493272103680283
2,171,18.032231866256552
2,172,58070.563883087525
2,173,71337.64829947248
2,174,15.443724875053704
2,175,18.172905064873703
2,176,16.985475956833398
2,177,0.0
2,178,0.0
2,179,18.704926515872103
2,180,0.0
2,181,0.0
2,182,0.0
2,183,28.681496223071008
2,184,0.0
2,185,1466.9313620750036
2,186,0.0
2,187,0.0
2,188,37.57124327516158
2,189,25.06010415777382
2,190,0.0
2,191,8.025495415614387
2,192,2082.9147779402265
2,193,1679.7297727693658
2,194,54000.60636722302
2,195,13.008772941591815
2,196,0.0
2,197,0.0
2,198,32.95423086601295
2,199,19.571723587569977
2,200,20.05381553389998
2,201,153.2596104772756
2,202,0.0
2,203,24.415462811405632
2,204,4.633418277318015
2,205,0.0
2,206,0.0
2,207,37.035709879000024
2,208,0.0
2,209,0.0
2,210,0.0
2,211,37.98800174516418
2,212,0.0
2,213,0.0
2,214,0.0
2,215,0.0
2,216,0.0
2,217,876.0311761217981
2,218,0.0
2,219,24.02528116805479
2,220,1655.8363516631653
2,221,28.545461669403267
2,222,0.0
2,223,23.176977757217173
2,224,0.0
2,225,0.0
2,226,0.0
2,227,33.706423249837826
2,228,20723.55169357903
2,229,24.377569921029135
2,230,0.0
2,231,9.651327092316023
2,232,0.0
2,233,17.620033446545676
2,234,0.0
2,235,32.19579590899866
2,236,1461.842405275267
2,237,0.0
2,238,1464.1487293456303
2,239,30.838691616097094
2,240,17.972182184930716
2,241,0.0
2,242,1103.661809413149
2,243,0.0
2,244,18.661580216283255
2,245,11604.034334885528
2,246,0.0
2,247,0.0
2,248,33.06067410520973
2,249,0.0
2,250,0.0
2,251,0.0
2,252,13.286506818303678
2,253,2313.675779523008
2,254,19.102790541969625
2,255,22.73286680156889
2,256,1829.6819181180654
2,257,24.45034223319726
2,258,23.927059320943954
2,259,111.38093817839308
2,260,0.0
2,261,30.203414084143333
2,262,0.0
2,263,4.075978200544341
2,264,0.0
2,265,8.956380154340877
2,266,2139.1055159488096
2,267,15.772656197781544
2,268,0.0
2,269,0.0
2,270,0.0
2,271,0.0
2,272,0.0
2,273,4.999439229478412
2,274,69.90482162871285
2,275,0.0
2,276,37.930121158272414
2,277,35.26351741946564
2,278,0.0
2,279,0.0
2,280,569.7190079479824
2,281,0.0
2,282,1829.6819181180654
2,283,26.522430381454797
2,284,0.0
2,285,0.0
2,286,25.3933175634711
2,287,10.053784289016221
2,288,0.0
2,289,0.0
2,290,0.0
2,291,0.0
2,292,0.0
2,293,48.46261458993831
2,294,15.517041734346094
2,295,0.0
2,296,13.695870449643735
2,297,2132.942570869036
2,298,20768.082751989536
2,299,9.184447565236042
2,300,0.0
2,301,146.5466899259518
2,302,35.65516365199983
2,303,0.0
2,304,30.858443427972816
2,305,18.677272051384534
2,306,35.0888759674026
2,307,27792.421421421837
2,308,35.27514206657088
2,309,1581.9775206907434
2,310,1465.971733478178
2,311,23.31086261856035
2,312,0.0
2,313,0.0
2,314,0.0
2,315,0.0
2,316,1722.7816205425443
2,317,0.0
2,318,17.46668910194967
2,319,0.0
2,320,10.704228891134335
2,321,0.0
2,322,5529.902876543549
2,323,0.0
2,324,0.0
2,325,0.0
2,326,36.91954911801349
2,327,41.559081894068186
2,328,0.0
2,329,11.481867894033712
2,330,25.3117287814639
2,331,0.0
2,332,35.65516365199983
2,333,26.158287894498244
2,334,0.0
2,335,0.0
2,336,19.51364890084642
2,337,0.0
2,338,1655.8144565618059
2,339,0.0
2,340,0.0
2,341,18.032231866256552
2,342,30.184896279448367
2,343,0.0
2,344,0.0
2,345,0.0
2,346,24.415462811405632
2,347,26.158287894498244
2,348,0.0
2,349,27.62586724827088
2,350,0.0
2,351,35.55230925268734
2,352,0.0
2,353,25.3117287814639
2,354,7861.406063774253
2,355,16.950347555186454
2,356,0.0
2,357,31.417879775172878
2,358,1679.810250281258
2,359,0.0
2,360,0.0
2,361,9.475250484391836
2,362,0.0
2,363,0.0
2,364,24.662525613406615
2,365,1655.9974849216342
2,366,526.2299754299665
2,367,18.172905064873703
2,368,0.0
2,369,18.81410475105713
2,370,26.674028032847673
2,371,1.0722727207166827
2,372,1722.8952130540201
2,373,0.0
2,374,28.758939413236476
2,375,0.0
2,376,33.34208479213521
2,377,0.0
2,378,7862.88949634995
2,379,0.0
2,380,19.571723587569977
2,381,1465.427451003743
2,382,23.789792734316507
2,383,0.0
2,384,0.0
2,385,1466.6036009206255
2,386,0.0
2,387,0.0
2,388,2130.1839162282304
2,389,0.0
2,390,0.0
2,391,0.0
2,392,0.0
2,393,18.479831559802733
2,394,0.0
2,395,0.0
2,396,24.415462811405632
2,397,0.0
2,398,38.52430301239656
2,399,0.0
2,400,13.035910043206059
2,401,0.0
2,402,0.0
2,403,5.248856852219433
2,404,0.0
2,405,0.0
2,406,0.0
2,407,0.0
2,408,1460.09048325623
2,409,0.0
2,410,32.437586273001216
2,411,2137.5374094320796
2,412,207.07275710393878
2,413,0.0
2,414,248.8051073041761
2,415,0.0
2,416,32.51296500603166
2,417,1461.879930545143
2,418,26.320358117892283
2,419,28.37344476341059
2,420,0.0
2,421,160.21492874762043
2,422,0.0
2,423,0.0
2,424,0.0
2,425,1679.518628855898
2,426,0.0
2,427,0.0
2,428,67554.03123347201
2,429,7861.607204590509
2,430,2139.1876490343857
2,431,2747.112495796089
2,432,0.0
2,433,67271.18919350987
2,434,25.18362934203742
2,435,24.449351631426907
2,436,26.135355288672145
2,437,4.8510637157223755
2,438,0.0
2,439,0.0
2,440,908.4178518999242
2,441,13.035910043206059
2,442,2081.9409638450015
2,443,0.0
2,444,14.539843169714004
2,445,18673.237464336184
2,446,0.0
2,447,0.0
2,448,0.0
2,449,24.535509435779204
2,450,0.0
2,451,0.0
2,452,0.0
2,453,0.0
2,454,64039.8762394864
2,455,9.883447459961644
2,456,0.0
2,457,41001.13349207934
2,458,190.60084851955253
2,459,0.0
2,460,0.0
2,461,0.0
2,462,0.0
2,463,0.0
2,464,1649.9927508281653
2,465,0.0
2,466,0.0
2,467,0.0
2,468,1750.889330476708
2,469,0.0
2,470,13.527272203542452
2,471,0.0
2,472,18.285977392526547
2,473,32.95423086601295
2,474,24.14667659931456
2,475,0.0
2,476,0.0
2,477,1722.8632914470218
2,478,0.0
2,479,0.0
2,480,35.65516365199983
2,481,0.0
2,482,13.528713370090372
2,483,0.0
2,484,28.370775200724893
2,485,35.17157814754319
2,486,27.937763604776592
2,487,0.0
2,488,0.0
2,489,0.0
2,490,0.0
2,491,456.66001720407075
2,492,0.0
2,493,0.0
2,494,0.0
2,495,42.07750019891955
2,496,27.491915568475633
2,497,16.950347555186454
2,498,15.025944373333004
2,499,0.0
2,500,11584.121669007407
2,501,0.0
2,502,69290.06319781463
2,503,26.135355288672145
2,504,0.0
2,505,1656.034501215785
2,506,0.0
2,507,18.85929873788882
2,508,17.047533702500914
2,509,0.0
2,510,0.0
2,511,53.7700584645072
3,0,0.0
3,1,49.175079525030014
3,2,0.0
3,3,0.0
3,4,0.0
3,5,1722.7816205425443
3,6,0.0
3,7,39.564970596948115
3,8,0.0
3,9,43.78586588219969
3,10,26.158287894498244
3,11,42.99077116777244
3,12,2140.285748821567
3,13,35.65516365199983
3,14,0.0
3,15,0.0
3,16,61.703189493037826
3,17,0.0
3,18,0.0
3,19,0.0
3,20,0.0
3,21,0.0
3,22,0.0
3,23,31.71540660692517
3,24,0.0
3,25,23708.92030732735
3,26,35.65516365199983
3,27,25.68076681187813
3,28,0.0
3,29,0.0
3,30,0.0
3,31,33.345348600878424
3,32,33.79010171056507
3,33,2137.6358374600313
3,34,0.0
3,35,35.2235880519529
3,36,0.0
3,37,24.6803369353147
3,38,0.0
3,39,0.0
3,40,0.0
3,41,0.0
3,42,0.0
3,43,0.0
3,44,1722.677660104051
3,45,22.32330852151972
3,46,0.0
3,47,0.0
3,48,46.94820393614464
3,49,0.0
3,50,0.0
3,51,24.569725757849483
3,52,979.1407944228422
3,53,0.0
3,54,0.0
3,55,1565.2138010804192
3,56,0.0
3,57,32.09187979557191
3,58,0.0
3,59,48.23729401795572
3,60,0.0
3,61,0.0
3,62,0.0
3,63,75448.64701726146
3,64,17.073667030229444
3,65,27.718352530444463
3,66,46.94820393614464
3,67,0.0
3,68,1582.0353073278275
3,69,32.36753164164929
3,70,0.0
3,71,3.920683166650633
3,72,0.0
3,73,1641.298880729053
3,74,0.0
3,75,0.0
3,76,0.0
3,77,0.0
3,78,0.0
3,79,35.65516365199983
3,80,0.0
3,81,0.0
3,82,0.0
3,83,0.0
3,84,48.292820704647056
3,85,0.0
3,86,0.0
3,87,0.0
3,88,0.0
3,89,18.854924598955222
3,90,0.0
3,91,24.730426817327498
3,92,0.0
3,93,1464.5858892292963
3,94,2081.9409638450015
3,95,18242.540933159446
3,96,25.282092560292767
3,97,39.11827524612909
3,98,0.0
3,99,48.23729401795572
3,100,1656.126324469271
3,101,78.95695195372537
3,102,16.764588021474083
3,103,0.0
3,104,504.2992976356254
3,105,99.24939078354146
3,106,32.77256849009882
3,107,21.69878760379197
3,108,0.0
3,109,32.40467955155327
3,110,1722.8970695492244
3,111,0.0
3,112,19.347591064176413
3,113,0.0
3,114,27.949007386690027
3,115,32.43963523862203
3,116,0.0
3,117,24.8534628368634
3,118,0.0
3,119,24.737768117257474
3,120,0.0
3,121,30.838691616097094
3,122,39.78219199045361
3,123,0.0
3,124,32.09049568066621
3,125,39.03247686962277
3,126,1154.7985250500515
3,127,0.0
3,128,0.0
3,129,0.0
3,130,1722.8970695492244
3,131,35.447199931652904
3,132,24.42731085608375
3,133,0.0
3,134,0.0
3,135,0.0
3,136,0.0
3,137,34.12698775422723
3,138,0.0
3,139,19.181379674227173
3,140,0.0
3,141,25.493272103680283
3,142,0.0
3,143,0.0
3,144,1565.4905140386472
3,145,0.0
3,146,25.493272103680283
3,147,0.0
3,148,31.71540660692517
3,149,17.61414933454398
3,150,26.916430295872487
3,151,0.0
3,152,24.474509512285294
3,153,35.65516365199983
3,154,0.0
3,155,1462.9379725560284
3,156,0.0
3,157,39.11827524612909
3,158,146.5134650842756
3,159,22.68252744196525
3,160,0.0
3,161,0.0
3,162,25.282092560292767
3,163,26.12501809872174
3,164,31.71540660692517
3,165,33.85590720379969
3,166,0.0
3,167,39.701170717535206
3,168,42.39393318548173
3,169,0.0
3,170,0.0
3,171,0.0
3,172,1581.7803970688801
3,173,0.0
3,174,0.0
3,175,0.0
3,176,0.0
3,177,18.234618338626206
3,178,0.0
3,179,4416.283106988755
3,180,0.0
3,181,0.0
3,182,25.493272103680283
3,183,18.633596038478572
3,184,0.0
3,185,1908.4891412748548
3,186,0.0
3,187,0.0
3,188,0.0
3,189,18.65859293903486
3,190,0.0
3,191,32.74017949194422
3,192,0.0
3,193,1565.437289829777
3,194,0.0
3,195,0.0
3,196,18.172905064873703
3,197,11697.615193390047
3,198,37.98800174516418
3,199,1465.784128666306
3,200,0.0
3,201,13.731523227506841
3,202,8481.862423104498
3,203,2139.1055159488096
3,204,31.82945635924625
3,205,91637.3441871019
3,206,31.71540660692517
3,207,259.5637408446564
3,208,35952.11783973042
3,209,0.0
3,210,1783.9573928371437
3,211,0.0
3,212,39.11827524612909
3,213,0.0
3,214,0.0
3,215,48.292820704647056
3,216,0.0
3,217,0.0
3,218,0.0
3,219,0.0
3,220,26.89915785361336
3,221,0.0
3,222,0.0
3,223,0.0
3,224,0.0
3,225,0.0
3,226,0.0
3,227,1465.621333131974
3,228,0.0
3,229,0.0
3,230,0.0
3,231,0.0
3,232,0.0
3,233,33.24174007860802
3,234,18.172905064873703
3,235,40.94397664106782
3,236,4398.271527222529
3,237,78.95695195372537
3,238,0.0
3,239,0.0
3,240,0.0
3,241,0.0
3,242,0.0
3,243,33.72199977108539
3,244,43.89390055194781
3,245,35.17157814754319
3,246,0.0
3,247,0.0
3,248,2981.0092708733864
3,249,0.0
3,250,29.268745478856545
3,251,0.0
3,252,192.6606500038015
3,253,0.0
3,254,0.0
3,255,0.0
3,256,49389.200302652185
3,257,0.0
3,258,1542.8930570144666
3,259,0.0
3,260,0.0
3,261,48.23729401795572
3,262,27.379767638161866
3,263,21.69878760379197
3,264,0.0
3,265,11635.468865458115
3,266,0.0
3,267,1656.425517739819
3,268,24.824139517492767
3,269,0.0
3,270,0.0
3,271,0.0
3,272,0.0
3,273,0.0
3,274,0.0
3,275,32.865739883007336
3,276,0.0
3,277,26.916430295872487
3,278,0.0
3,279,0.0
3,280,0.0
3,281,19.254016422875793
3,282,3832.5930307203116
3,283,0.0
3,284,140.0853898839896
3,285,0.0
3,286,26.100691521830413
3,287,39.11827524612909
3,288,0.0
3,289,32.73096838529273
3,290,1723.0417666564317
3,291,0.0
3,292,0.0
3,293,0.0
3,294,137.23188084310914
3,295,1655.863653666198
3,296,0.0
3,297,35.65516365199983
3,298,33.246113292513655
3,299,0.0
3,300,28.560126718100946
3,301,30.874712203053605
3,302,0.0
3,303,1477.79413600744
3,304,0.0
3,305,0.0
3,306,30.44906270523279
3,307,0.0
3,308,0.0
3,309,19.17627397378419
3,310,35.65516365199983
3,311,1795.5632765451483
3,312,19.40161716982948
3,313,26.35731576460057
3,314,22.32330852151972
3,315,0.0
3,316,0.0
3,317,0.0
3,318,31.59028506224513
3,319,27.648781304051226
3,320,39.701170717535206
3,321,31.25085320706512
3,322,0.0
3,323,84545.18373204012
3,324,0.0
3,325,0.0
3,326,28.547461368460063
3,327,83932.85801006055
3,328,0.0
3,329,1784.445274662462
3,330,0.0
3,331,39.11827524612909
3,332,0.0
3,333,0.0
3,334,0.0
3,335,0.0
3,336,0.0
3,337,0.0
3,338,26.35731576460057
3,339,1462.9379725560284
3,340,1461.842692037928
3,341,73284.91950491388
3,342,0.0
3,343,0.0
3,344,26.38693225613406
3,345,35.65516365199983
3,346,39.11827524612909
3,347,0.0
3,348,27.937763604776592
3,349,0.0
3,350,0.0
3,351,0.0
3,352,91.72223636420222
3,353,0.0
3,354,1655.8412715597551
3,355,24.757295419715774
3,356,0.0
3,357,23.648501747404225
3,358,29.818172309988768
3,359,31.71540660692517
3,360,0.0
3,361,0.0
3,362,24.326382093633583
3,363,31.71540660692517
3,364,0.0
3,365,4401.294953687489
3,366,25.30896583503636
3,367,30.62740159828718
3,368,30.0670255972409
3,369,0.0
3,370,141.9515839566002
3,371,0.0
3,372,19.11079426890592
3,373,1655.7033546537605
3,374,2137.901111825129
3,375,0.0
3,376,942.4753780475576
3,377,25.351869264957713
3,378,0.0
3,379,25.784160070626967
3,380,26.152371924047657
3,381,120.73488185926908
3,382,0.0
3,383,0.0
3,384,0.0
3,385,30.0670255972409
3,386,71354.01143535138
3,387,60.625674034262374
3,388,0.0
3,389,0.0
3,390,2137.69686374961
3,391,26.158287894498244
3,392,0.0
3,393,0.0
3,394,0.0
3,395,28.591271801590665
3,396,2981.0092708733864
3,397,0.0
3,398,0.0
3,399,24.882394908663628
3,400,0.0
3,401,24.882601255976624
3,402,0.0
3,403,31.032798076244944
3,404,0.0
3,405,20.463376234592033
3,406,0.0
3,407,25.55089841827794
3,408,33.72199977108539
3,409,1829.4972752073409
3,410,1191.904366778448
3,411,0.0
3,412,0.0
3,413,0.0
3,414,22.74701771243599
3,415,0.0
3,416,26.308999758778555
3,417,0.0
3,418,24.464979343113555
3,419,104.47821441846554
3,420,1565.437289829777
3,421,0.0
3,422,0.0
3,423,1722.556338223978
3,424,0.0
3,425,4398.485946109888
3,426,24.94125596014601
3,427,16.965616978244725
3,428,0.0
3,429,2130.1134262675296
3,430,0.0
3,431,39.6097852693556
3,432,0.0
3,433,10.942096104487973
3,434,6602.455491794174
3,435,33.33384480139466
3,436,0.0
3,437,10461.535579849944
3,438,20.19614050574819
3,439,18712.780369620872
3,440,1680.0304484404005
3,441,0.0
3,442,47077.096551273324
3,443,0.0
3,444,0.0
3,445,0.0
3,446,0.0
3,447,0.0
3,448,27.767523988663015
3,449,0.0
3,450,0.0
3,451,22.295932933573567
3,452,23.548178009070398
3,453,32.73096838529273
3,454,0.0
3,455,55.470072926467765
3,456,0.0
3,457,24.389243206162064
3,458,0.0
3,459,0.0
3,460,0.0
3,461,26.92829412736228
3,462,49.28507689169601
3,463,30.36894763753662
3,464,10.267554288618157
3,465,21.599065774307746
3,466,0.0
3,467,0.0
3,468,1809.0232325711513
3,469,31.71540660692517
3,470,0.0
3,471,0.0
3,472,11.835665376227553
3,473,0.0
3,474,0.0
3,475,123.27553308800361
3,476,0.0
3,477,39.03247686962277
3,478,32.40467955155327
3,479,26.158287894498244
3,480,0.0
3,481,0.0
3,482,0.0
3,483,0.0
3,484,24.10513985108355
3,485,27.020516321322248
3,486,17.133523566128133
3,487,0.0
3,488,0.0
3,489,0.0
3,490,1463.9159697505856
3,491,1655.145224015443
3,492,0.0
3,493,2198.8352368093047
3,494,39.11827524612909
3,495,33.57888092594476
3,496,999.659182415613
3,497,0.0
3,498,0.0
3,499,22.68900827656853
3,500,0.0
3,501,0.0
3,502,32.73096838529273
3,503,0.0
3,504,25.4824210984807
3,505,24.42731085608375
3,506,31.71540660692517
3,507,26.916430295872487
3,508,0.0
3,509,0.0
3,510,0.0
3,511,13.381622091555982
4,0,0.0
4,1,0.0
4,2,35.65516365199983
4,3,0.0
4,4,42.57741230636657
4,5,39.11827524612909
4,6,39.11827524612909
4,7,39.11827524612909
4,8,0.0
4,9,25.225815473965667
4,10,0.0
4,11,0.0
4,12,0.0
4,13,31.71540660692517
4,14,24.01482142938312
4,15,0.0
4,16,32.128511677196
4,17,0.0
4,18,0.0
4,19,25.282092560292767
4,20,0.0
4,21,678.5372169355151
4,22,0.0
4,23,0.0
4,24,21.089313740177204
4,25,0.0
4,26,39.11827524612909
4,27,0.0
4,28,28.875565983440538
4,29,0.0
4,30,0.0
4,31,6637.517204480514
4,32,39.11827524612909
4,33,32.84786306249316
4,34,0.0
4,35,0.0
4,36,0.0
4,37,0.0
4,38,41.38838372036935
4,39,22.709708315157513
4,40,0.0
4,41,31.032798076244944
4,42,0.0
4,43,0.0
4,44,35.65516365199983
4,45,0.0
4,46,18.95561442874714
4,47,32.50872616871493
4,48,0.0
4,49,23.10268605780948
4,50,0.0
4,51,0.0
4,52,31.71540660692517
4,53,31.032798076244944
4,54,28.97115867604316
4,55,0.0
4,56,39.11827524612909
4,57,31.032798076244944
4,58,0.0
4,59,0.0
4,60,31.71540660692517
4,61,0.0
4,62,0.0
4,63,39.11827524612909
4,64,0.0
4,65,39.11827524612909
4,66,48.23729401795572
4,67,39.11827524612909
4,68,42.987055499956114
4,69,48.23729401795572
4,70,0.0
4,71,0.0
4,72,1723.0104388774162
4,73,35.65516365199983
4,74,0.0
4,75,34.154501013405934
4,76,33.90064265675392
4,77,32.43963523862203
4,78,39.11827524612909
4,79,0.0
4,80,39.11827524612909
4,81,0.0
4,82,42.29554482099047
4,83,39.11827524612909
4,84,24.01482142938312
4,85,34.46560014948864
4,86,0.0
4,87,0.0
4,88,27.663283780771053
4,89,0.0
4,90,0.0
4,91,35.65516365199983
4,92,21.28215779945458
4,93,0.0
4,94,34.154501013405934
4,95,0.0
4,96,39.11827524612909
4,97,31.254481853516154
4,98,0.0
4,99,0.0
4,100,21.835646597295636
4,101,1723.212805150346
4,102,0.0
4,103,36.39333814450947
4,104,31.71540660692517
4,105,0.0
4,106,0.0
4,107,0.0
4,108,38.361018226331
4,109,0.0
4,110,48.23729401795572
4,111,0.0
4,112,0.0
4,113,0.0
4,114,24.978972836509456
4,115,0.0
4,116,39.11827524612909
4,117,0.0
4,118,0.0
4,119,43.69197169949712
4,120,42.29554482099047
4,121,286.5415536219034
4,122,0.0
4,123,39.11827524612909
4,124,39.11827524612909
4,125,39.11827524612909
4,126,39.11827524612909
4,127,0.0
4,128,35.65516365199983
4,129,0.0
4,130,0.0
4,131,25.99148701503873
4,132,0.0
4,133,26.3992319014842
4,134,0.0
4,135,0.0
4,136,0.0
4,137,34.154501013405934
4,138,36.39333814450947
4,139,0.0
4,140,0.0
4,141,38.361018226331
4,142,0.0
4,143,0.0
4,144,30.381978425441048
4,145,0.0
4,146,0.0
4,147,0.0
4,148,33.90064265675392
4,149,0.0
4,150,24.01482142938312
4,151,0.0
4,152,0.0
4,153,0.0
4,154,0.0
4,155,0.0
4,156,0.0
4,157,0.0
4,158,30.381978425441048
4,159,35.65516365199983
4,160,21.28215779945458
4,161,33.90064265675392
4,162,31.032798076244944
4,163,0.0
4,164,18.95561442874714
4,165,0.0
4,166,0.0
4,167,0.0
4,168,0.0
4,169,0.0
4,170,0.0
4,171,35.65516365199983
4,172,42.29554482099047
4,173,31.71540660692517
4,174,0.0
4,175,18.019334797189913
4,176,14.002249168896014
4,177,26.3992319014842
4,178,0.0
4,179,0.0
4,180,0.0
4,181,0.0
4,182,0.0
4,183,0.0
4,184,34.16173916386197
4,185,0.0
4,186,0.0
4,187,44.05937168545006
4,188,26.894313890250487
4,189,0.0
4,190,0.0
4,191,0.0
4,192,0.0
4,193,0.0
4,194,19.081453392523144
4,195,21.599065774307746
4,196,6678.480553355457
4,197,0.0
4,198,0.0
4,199,39.11827524612909
4,200,0.0
4,201,0.0
4,202,0.0
4,203,0.0
4,204,0.0
4,205,32.84786306249316
4,206,36.39333814450947
4,207,32.397064271728595
4,208,0.0
4,209,0.0
4,210,31.71540660692517
4,211,35.65516365199983
4,212,0.0
4,213,39.11827524612909
4,214,35.65516365199983
4,215,6603.015910456551
4,216,0.0
4,217,0.0
4,218,31.71540660692517
4,219,34.16173916386197
4,220,18.95561442874714
4,221,0.0
4,222,0.0
4,223,0.0
4,224,0.0
4,225,0.0
4,226,31.032798076244944
4,227,0.0
4,228,0.0
4,229,0.0
4,230,25.493272103680283
4,231,0.0
4,232,42.29554482099047
4,233,0.0
4,234,0.0
4,235,0.0
4,236,26.35731576460057
4,237,0.0
4,238,21.599065774307746
4,239,31.71540660692517
4,240,31.032798076244944
4,241,0.0
4,242,0.0
4,243,25.147744152525775
4,244,0.0
4,245,34.154501013405934
4,246,26.3992319014842
4,247,0.0
4,248,0.0
4,249,31.71540660692517
4,250,39.11827524612909
4,251,48.23729401795572
4,252,0.0
4,253,31.262298525865845
4,254,0.0
4,255,19.494955135768578
4,256,0.0
4,257,0.0
4,258,39.11827524612909
4,259,48.23729401795572
4,260,0.0
4,261,2152.110973064391
4,262,35.65516365199983
4,263,0.0
4,264,0.0
4,265,0.0
4,266,0.0
4,267,0.0
4,268,0.0
4,269,12.624369991315689
4,270,0.0
4,271,0.0
4,272,42.57741230636657
4,273,0.0
4,274,41.29189786026291
4,275,16.36376638695583
4,276,0.0
4,277,42.57741230636657
4,278,31.71540660692517
4,279,39.11827524612909
4,280,1908.4891412748548
4,281,0.0
4,282,0.0
4,283,31.71540660692517
4,284,0.0
4,285,0.0
4,286,39.11827524612909
4,287,35.65516365199983
4,288,38.252115079657415
4,289,0.0
4,290,0.0
4,291,0.0
4,292,21.28215779945458
4,293,31.032798076244944
4,294,0.0
4,295,0.0
4,296,0.0
4,297,35.65516365199983
4,298,35.74970905277951
4,299,38.361018226331
4,300,31.71540660692517
4,301,31.254481853516154
4,302,31.032798076244944
4,303,39.11827524612909
4,304,49.28507689169601
4,305,0.0
4,306,38.15126463029901
4,307,0.0
4,308,26.3992319014842
4,309,33.83831873381587
4,310,26.667989589854187
4,311,32.40467955155327
4,312,0.0
4,313,41.38838372036935
4,314,39.11827524612909
4,315,1905.3000576631712
4,316,34.154501013405934
4,317,31.71540660692517
4,318,9301.79370259538
4,319,33.486647690223435
4,320,39.11827524612909
4,321,35.65516365199983
4,322,0.0
4,323,33.38118059197495
4,324,39.11827524612909
4,325,0.0
4,326,21.599065774307746
4,327,0.0
4,328,0.0
4,329,46.77454762580146
4,330,0.0
4,331,0.0
4,332,0.0
4,333,35.65516365199983
4,334,0.0
4,335,26.549216316226193
4,336,39.11827524612909
4,337,0.0
4,338,0.0
4,339,0.0
4,340,39.11827524612909
4,341,31.71540660692517
4,342,39.11827524612909
4,343,34.154501013405934
4,344,1582.1292982707128
4,345,0.0
4,346,21.089313740177204
4,347,31.032798076244944
4,348,18.95561442874714
4,349,0.0
4,350,39.11827524612909
4,351,0.0
4,352,21.982719789474686
4,353,0.0
4,354,43.78586588219969
4,355,0.0
4,356,0.0
4,357,31.71540660692517
4,358,0.0
4,359,0.0
4,360,33.24174007860802
4,361,31.720638238878564
4,362,35.65516365199983
4,363,0.0
4,364,0.0
4,365,0.0
4,366,42.39393318548173
4,367,35.65516365199983
4,368,34.154501013405934
4,369,37.720556561681406
4,370,28.669181533592564
4,371,39.11827524612909
4,372,24.218071603069802
4,373,0.0
4,374,0.0
4,375,39.11827524612909
4,376,0.0
4,377,42.29554482099047
4,378,0.0
4,379,39.11827524612909
4,380,0.0
4,381,33.90064265675392
4,382,0.0
4,383,0.0
4,384,26.3992319014842
4,385,25.970803873765362
4,386,13.822575510823299
4,387,31.71540660692517
4,388,31.71540660692517
4,389,26.3992319014842
4,390,21.599065774307746
4,391,35.65516365199983
4,392,48.23729401795572
4,393,0.0
4,394,0.0
4,395,35.65516365199983
4,396,48.23729401795572
4,397,0.0
4,398,26.35731576460057
4,399,42.57741230636657
4,400,21.599065774307746
4,401,0.0
4,402,44.05937168545006
4,403,0.0
4,404,21.089313740177204
4,405,42.34804535119565
4,406,31.71540660692517
4,407,31.71540660692517
4,408,0.0
4,409,0.0
4,410,0.0
4,411,0.0
4,412,302.3127561673273
4,413,46.94820393614464
4,414,0.0
4,415,35.65516365199983
4,416,0.0
4,417,0.0
4,418,0.0
4,419,0.0
4,420,38.361018226331
4,421,39.11827524612909
4,422,39.11827524612909
4,423,34.154501013405934
4,424,48.23729401795572
4,425,22.709708315157513
4,426,0.0
4,427,28.50043839366026
4,428,0.0
4,429,0.0
4,430,39.11827524612909
4,431,31.254481853516154
4,432,0.0
4,433,28.152454586378553
4,434,0.0
4,435,38.43873080365938
4,436,18.019334797189913
4,437,0.0
4,438,0.0
4,439,36.39333814450947
4,440,31.71540660692517
4,441,34.154501013405934
4,442,0.0
4,443,0.0
4,444,39.11827524612909
4,445,0.0
4,446,33.38118059197495
4,447,0.0
4,448,31.032798076244944
4,449,0.0
4,450,0.0
4,451,39.11827524612909
4,452,0.0
4,453,0.0
4,454,0.0
4,455,0.0
4,456,0.0
4,457,0.0
4,458,0.0
4,459,26.3992319014842
4,460,0.0
4,461,42.57741230636657
4,462,0.0
4,463,0.0
4,464,31.71540660692517
4,465,34.154501013405934
4,466,0.0
4,467,25.07959322782426
4,468,27.663283780771053
4,469,39.11827524612909
4,470,0.0
4,471,33.83831873381587
4,472,0.0
4,473,0.0
4,474,42.77608406048785
4,475,35.65516365199983
4,476,48.23729401795572
4,477,0.0
4,478,21.896414445524897
4,479,39.11827524612909
4,480,0.0
4,481,0.0
4,482,0.0
4,483,0.0
4,484,39.11827524612909
4,485,0.0
4,486,0.0
4,487,48.23729401795572
4,488,21.786789641394535
4,489,32.28166912383858
4,490,0.0
4,491,0.0
4,492,0.0
4,493,0.0
4,494,0.0
4,495,37.928704756741354
4,496,25.020135452010436
4,497,0.0
4,498,0.0
4,499,0.0
4,500,31.250432883958638
4,501,39.11827524612909
4,502,31.71540660692517
4,503,48.23729401795572
4,504,0.0
4,505,0.0
4,506,36.01491329040891
4,507,42.39393318548173
4,508,0.0
4,509,0.0
4,510,0.0
4,511,13.001496133766523
5,0,29.761007400852577
5,1,0.0
5,2,23.162159352393246
5,3,27.04896320649459
5,4,0.0
5,5,42.95777494669619
5,6,0.0
5,7,0.0
5,8,33.69861571533511
5,9,0.0
5,10,0.0
5,11,30.381978425441048
5,12,42.29554482099047
5,13,42.57741230636657
5,14,0.0
5,15,0.0
5,16,0.0
5,17,41.29189786026291
5,18,43.69197169949712
5,19,0.0
5,20,34.154501013405934
5,21,34.154501013405934
5,22,33.50843193320816
5,23,0.0
5,24,33.615803014761696
5,25,41.38838372036935
5,26,30.381978425441048
5,27,26.3992319014842
5,28,42.29554482099047
5,29,34.154501013405934
5,30,33.52187883226179
5,31,43.138404491611254
5,32,40.406122122787565
5,33,30.381978425441048
5,34,0.0
5,35,33.90064265675392
5,36,0.0
5,37,0.0
5,38,0.0
5,39,0.0
5,40,23.289069591375664
5,41,43.138404491611254
5,42,0.0
5,43,0.0
5,44,39.11827524612909
5,45,0.0
5,46,0.0
5,47,43.891008235351364
5,48,0.0
5,49,0.0
5,50,0.0
5,51,0.0
5,52,31.59967160367978
5,53,31.032798076244944
5,54,0.0
5,55,40.21008314777009
5,56,0.0
5,57,0.0
5,58,0.0
5,59,0.0
5,60,41.29189786026291
5,61,42.57741230636657
5,62,0.0
5,63,31.513317782369995
5,64,29.46759300846861
5,65,0.0
5,66,0.0
5,67,0.0
5,68,40.311777727416484
5,69,33.615803014761696
5,70,0.0
5,71,2080.9212668049986
5,72,33.69861571533511
5,73,0.0
5,74,41.20763432865624
5,75,44.05505031865687
5,76,31.032798076244944
5,77,0.0
5,78,21.244375933422816
5,79,42.893644943772415
5,80,43.891008235351364
5,81,0.0
5,82,42.77608406048785
5,83,0.0
5,84,34.16173916386197
5,85,41.20763432865624
5,86,0.0
5,87,42.57741230636657
5,88,33.14476988736624
5,89,42.57741230636657
5,90,0.0
5,91,0.0
5,92,0.0
5,93,42.57741230636657
5,94,41.29189786026291
5,95,0.0
5,96,0.0
5,97,0.0
5,98,33.69861571533511
5,99,33.91101036383225
5,100,0.0
5,101,0.0
5,102,33.50843193320816
5,103,42.95777494669619
5,104,0.0
5,105,0.0
5,106,42.57741230636657
5,107,42.77608406048785
5,108,0.0
5,109,0.0
5,110,31.60723307362514
5,111,0.0
5,112,43.030424431005486
5,113,26.513549479348512
5,114,41.481301661266116
5,115,0.0
5,116,0.0
5,117,41.29189786026291
5,118,0.0
5,119,0.0
5,120,0.0
5,121,42.57741230636657
5,122,0.0
5,123,0.0
5,124,0.0
5,125,588.6162472140531
5,126,0.0
5,127,0.0
5,128,0.0
5,129,32.73901021496022
5,130,0.0
5,131,30.034835974191992
5,132,0.0
5,133,34.154501013405934
5,134,41.872907518421016
5,135,34.154501013405934
5,136,0.0
5,137,0.0
5,138,43.69197169949712
5,139,0.0
5,140,0.0
5,141,31.032798076244944
5,142,43.134130380491115
5,143,0.0
5,144,30.381978425441048
5,145,42.27823208088648
5,146,0.0
5,147,41.20763432865624
5,148,48.070445723615194
5,149,0.0
5,150,40.311777727416484
5,151,41.29189786026291
5,152,0.0
5,153,0.0
5,154,0.0
5,155,0.0
5,156,0.0
5,157,0.0
5,158,40.406122122787565
5,159,40.406122122787565
5,160,32.28166912383858
5,161,42.29554482099047
5,162,0.0
5,163,0.0
5,164,0.0
5,165,41.481301661266116
5,166,0.0
5,167,41.29189786026291
5,168,42.77608406048785
5,169,33.69861571533511
5,170,41.481301661266116
5,171,42.893644943772415
5,172,0.0
5,173,31.032798076244944
5,174,41.481301661266116
5,175,30.381978425441048
5,176,0.0
5,177,0.0
5,178,0.0
5,179,34.154501013405934
5,180,0.0
5,181,31.71540660692517
5,182,0.0
5,183,34.154501013405934
5,184,43.4417913013358
5,185,41.20763432865624
5,186,39.11827524612909
5,187,34.154501013405934
5,188,0.0
5,189,33.14476988736624
5,190,0.0
5,191,39.11827524612909
5,192,0.0
5,193,0.0
5,194,43.25297413421231
5,195,0.0
5,196,42.29554482099047
5,197,0.0
5,198,0.0
5,199,0.0
5,200,0.0
5,201,41.29189786026291
5,202,41.872907518421016
5,203,0.0
5,204,41.58564270032821
5,205,0.0
5,206,0.0
5,207,0.0
5,208,43.030424431005486
5,209,30.381978425441048
5,210,0.0
5,211,31.032798076244944
5,212,41.65508295847485
5,213,0.0
5,214,40.311777727416484
5,215,31.032798076244944
5,216,42.29554482099047
5,217,0.0
5,218,0.0
5,219,0.0
5,220,34.154501013405934
5,221,0.0
5,222,0.0
5,223,31.032798076244944
5,224,35.04433221432009
5,225,27.04896320649459
5,226,33.223736472390556
5,227,0.0
5,228,34.154501013405934
5,229,0.0
5,230,33.69721239824594
5,231,0.0
5,232,42.77608406048785
5,233,0.0
5,234,0.0
5,235,42.95777494669619
5,236,0.0
5,237,33.615803014761696
5,238,0.0
5,239,0.0
5,240,0.0
5,241,0.0
5,242,0.0
5,243,34.154501013405934
5,244,0.0
5,245,42.77608406048785
5,246,0.0
5,247,42.29554482099047
5,248,0.0
5,249,0.0
5,250,0.0
5,251,0.0
5,252,41.481301661266116
5,253,0.0
5,254,33.534786457506016
5,255,0.0
5,256,0.0
5,257,41.29189786026291
5,258,34.154501013405934
5,259,0.0
5,260,34.154501013405934
5,261,40.311777727416484
5,262,0.0
5,263,32.07923079043576
5,264,0.0
5,265,21.628837571384793
5,266,0.0
5,267,42.19690841015472
5,268,21.677837741556687
5,269,42.798227878087346
5,270,33.38118059197495
5,271,0.0
5,272,31.032798076244944
5,273,0.0
5,274,0.0
5,275,33.69861571533511
5,276,18.301351686346607
5,277,40.406122122787565
5,278,0.0
5,279,40.31519766884958
5,280,34.154501013405934
5,281,0.0
5,282,42.29554482099047
5,283,0.0
5,284,0.0
5,285,42.29554482099047
5,286,42.57741230636657
5,287,0.0
5,288,0.0
5,289,34.154501013405934
5,290,0.0
5,291,0.0
5,292,10708.521077182453
5,293,0.0
5,294,0.0
5,295,41.29189786026291
5,296,0.0
5,297,33.02397117795772
5,298,42.19690841015472
5,299,0.0
5,300,0.0
5,301,34.16173916386197
5,302,0.0
5,303,26.258266022296084
5,304,0.0
5,305,0.0
5,306,42.29554482099047
5,307,0.0
5,308,0.0
5,309,43.901720121683866
5,310,21.34980477134377
5,311,0.0
5,312,24.913377498019145
5,313,33.38118059197495
5,314,42.27823208088648
5,315,0.0
5,316,0.0
5,317,0.0
5,318,30.034835974191992
5,319,0.0
5,320,0.0
5,321,41.29189786026291
5,322,0.0
5,323,0.0
5,324,0.0
5,325,34.154501013405934
5,326,42.564458792514415
5,327,41.95262697691942
5,328,33.54434260533526
5,329,33.38118059197495
5,330,0.0
5,331,33.52187883226179
5,332,0.0
5,333,0.0
5,334,33.38118059197495
5,335,41.20763432865624
5,336,0.0
5,337,26.38887161245566
5,338,0.0
5,339,43.287496398759686
5,340,18.024107432156597
5,341,0.0
5,342,34.154501013405934
5,343,0.0
5,344,33.38118059197495
5,345,41.481301661266116
5,346,42.57741230636657
5,347,41.481301661266116
5,348,43.901720121683866
5,349,0.0
5,350,0.0
5,351,0.0
5,352,33.38118059197495
5,353,19708.970095777368
5,354,0.0
5,355,0.0
5,356,0.0
5,357,33.50843193320816
5,358,0.0
5,359,0.0
5,360,0.0
5,361,0.0
5,362,43.69197169949712
5,363,0.0
5,364,34.16173916386197
5,365,33.02397117795772
5,366,0.0
5,367,0.0
5,368,42.77608406048785
5,369,31.62606491385668
5,370,0.0
5,371,21.786789641394535
5,372,31.032798076244944
5,373,0.0
5,374,0.0
5,375,26.513549479348512
5,376,0.0
5,377,0.0
5,378,34.00185047350351
5,379,33.714417651705844
5,380,0.0
5,381,34.154501013405934
5,382,41.94467500391693
5,383,31.032798076244944
5,384,0.0
5,385,30.905357491797986
5,386,44.05505031865687
5,387,0.0
5,388,0.0
5,389,42.57741230636657
5,390,33.02397117795772
5,391,42.669210302721694
5,392,41.39635735847787
5,393,302.3127561673273
5,394,0.0
5,395,42.893644943772415
5,396,0.0
5,397,0.0
5,398,1855.3168218501742
5,399,0.0
5,400,34.154501013405934
5,401,0.0
5,402,43.71722241111456
5,403,23.494109285868035
5,404,42.29554482099047
5,405,33.69861571533511
5,406,33.69861571533511
5,407,0.0
5,408,34.154501013405934
5,409,33.52187883226179
5,410,0.0
5,411,0.0
5,412,20.59447635631659
5,413,34.154501013405934
5,414,0.0
5,415,42.77608406048785
5,416,0.0
5,417,33.41298021940747
5,418,40.321141380284644
5,419,31.032798076244944
5,420,0.0
5,421,0.0
5,422,0.0
5,423,0.0
5,424,33.69861571533511
5,425,41.58564270032821
5,426,0.0
5,427,20.874267113972564
5,428,15777.14787125754
5,429,42.57741230636657
5,430,33.38118059197495
5,431,22.832308653054497
5,432,34.154501013405934
5,433,43.891008235351364
5,434,0.0
5,435,33.49274928756404
5,436,43.69197169949712
5,437,0.0
5,438,0.0
5,439,0.0
5,440,42.57741230636657
5,441,30.633897027806597
5,442,2990.6730667569373
5,443,30.633897027806597
5,444,33.21471582347567
5,445,0.0
5,446,0.0
5,447,0.0
5,448,0.0
5,449,0.0
5,450,0.0
5,451,0.0
5,452,33.02397117795772
5,453,23.289069591375664
5,454,0.0
5,455,41.481301661266116
5,456,0.0
5,457,33.231746256128645
5,458,42.77608406048785
5,459,0.0
5,460,829.6273264852807
5,461,0.0
5,462,0.0
5,463,40.21008314777009
5,464,39.11827524612909
5,465,0.0
5,466,0.0
5,467,0.0
5,468,33.69721239824594
5,469,0.0
5,470,24.21119041223028
5,471,33.909363346327154
5,472,0.0
5,473,0.0
5,474,33.54138210135898
5,475,32.40467955155327
5,476,0.0
5,477,34.154501013405934
5,478,43.030424431005486
5,479,0.0
5,480,42.57741230636657
5,481,42.669210302721694
5,482,0.0
5,483,0.0
5,484,0.0
5,485,0.0
5,486,31.032798076244944
5,487,34.154501013405934
5,488,0.0
5,489,0.0
5,490,0.0
5,491,0.0
5,492,0.0
5,493,0.0
5,494,0.0
5,495,41.20763432865624
5,496,0.0
5,497,0.0
5,498,0.0
5,499,0.0
5,500,0.0
5,501,41.20763432865624
5,502,302.3127561673273
5,503,0.0
5,504,0.0
5,505,40.406122122787565
5,506,0.0
5,507,0.0
5,508,0.0
5,509,42.29554482099047
5,510,0.0
5,511,43.891008235351364
6,0,40.22982084459545
6,1,30.381978425441048
6,2,0.0
6,3,0.0
6,4,42.46869030282414
6,5,69.15655058015273
6,6,41.20763432865624
6,7,42.23232072868632
6,8,33.09701399584992
6,9,42.990306924718425
6,10,0.0
6,11,40.311777727416484
6,12,0.0
6,13,39.27401121568073
6,14,40.311777727416484
6,15,40.22982084459545
6,16,32.6931104402729
6,17,41.20763432865624
6,18,0.0
6,19,41.20763432865624
6,20,0.0
6,21,0.0
6,22,0.0
6,23,0.0
6,24,0.0
6,25,40.22982084459545
6,26,0.0
6,27,0.0
6,28,0.0
6,29,0.0
6,30,0.0
6,31,0.0
6,32,0.0
6,33,41.20763432865624
6,34,42.46869030282414
6,35,0.0
6,36,29.776404092174744
6,37,41.400910810897585
6,38,20.208670383633944
6,39,0.0
6,40,41.467897505727706
6,41,0.0
6,42,41.18418100434337
6,43,40.18352616645916
6,44,0.0
6,45,0.0
6,46,29.168272798039652
6,47,39.35359106479882
6,48,41.20763432865624
6,49,40.22982084459545
6,50,0.0
6,51,0.0
6,52,0.0
6,53,0.0
6,54,40.41854887493628
6,55,0.0
6,56,19708.970095777368
6,57,41.20763432865624
6,58,0.0
6,59,0.0
6,60,0.0
6,61,0.0
6,62,66.89885976494861
6,63,32.77533206414137
6,64,0.0
6,65,0.0
6,66,0.0
6,67,39.168823790272654
6,68,69.15655058015273
6,69,0.0
6,70,39.168823790272654
6,71,39.168823790272654
6,72,40.41854887493628
6,73,0.0
6,74,0.0
6,75,40.998934446711246
6,76,834.3600001597633
6,77,0.0
6,78,0.0
6,79,0.0
6,80,0.0
6,81,0.0
6,82,0.0
6,83,0.0
6,84,0.0
6,85,0.0
6,86,41.20763432865624
6,87,0.0
6,88,42.244499789163456
6,89,41.481301661266116
6,90,0.0
6,91,41.20763432865624
6,92,0.0
6,93,40.22982084459545
6,94,0.0
6,95,0.0
6,96,0.0
6,97,0.0
6,98,33.69861571533511
6,99,39.20395317751718
6,100,0.0
6,101,41.20763432865624
6,102,41.53842748698571
6,103,0.0
6,104,0.0
6,105,32.58393807493667
6,106,0.0
6,107,42.893644943772415
6,108,40.311777727416484
6,109,0.0
6,110,0.0
6,111,40.22982084459545
6,112,0.0
6,113,323.5602305432476
6,114,33.27287888189312
6,115,33.02397117795772
6,116,0.0
6,117,29.761007400852577
6,118,0.0
6,119,0.0
6,120,0.0
6,121,0.0
6,122,0.0
6,123,42.92461118915162
6,124,0.0
6,125,41.20763432865624
6,126,0.0
6,127,0.0
6,128,38.29925099292723
6,129,0.0
6,130,0.0
6,131,40.41854887493628
6,132,0.0
6,133,41.676718690926464
6,134,0.0
6,135,40.41854887493628
6,136,0.0
6,137,33.2801921144428
6,138,0.0
6,139,0.0
6,140,0.0
6,141,0.0
6,142,0.0
6,143,0.0
6,144,0.0
6,145,31.377577435308012
6,146,33.117129940294035
6,147,0.0
6,148,0.0
6,149,0.0
6,150,0.0
6,151,32.62025360446205
6,152,0.0
6,153,30.381978425441048
6,154,0.0
6,155,0.0
6,156,0.0
6,157,0.0
6,158,40.998934446711246
6,159,0.0
6,160,41.29189786026291
6,161,0.0
6,162,0.0
6,163,40.311777727416484
6,164,0.0
6,165,0.0
6,166,33.27287888189312
6,167,0.0
6,168,40.18352616645916
6,169,41.20763432865624
6,170,0.0
6,171,33.16904961091677
6,172,30.780263539078987
6,173,0.0
6,174,41.481301661266116
6,175,42.116076056971906
6,176,0.0
6,177,0.0
6,178,69.15655058015273
6,179,41.90039118302957
6,180,0.0
6,181,0.0
6,182,40.998934446711246
6,183,0.0
6,184,0.0
6,185,30.0693071587757
6,186,21492.87933706018
6,187,0.0
6,188,0.0
6,189,29.168272798039652
6,190,0.0
6,191,0.0
6,192,0.0
6,193,0.0
6,194,0.0
6,195,41.20763432865624
6,196,0.0
6,197,40.22982084459545
6,198,39.749263921730744
6,199,40.41854887493628
6,200,0.0
6,201,42.116076056971906
6,202,0.0
6,203,0.0
6,204,40.22982084459545
6,205,0.0
6,206,40.22982084459545
6,207,41.20763432865624
6,208,0.0
6,209,0.0
6,210,0.0
6,211,39.35359106479882
6,212,0.0
6,213,0.0
6,214,32.43400747671967
6,215,40.41854887493628
6,216,0.0
6,217,42.361807593757476
6,218,42.80578243210857
6,219,0.0
6,220,0.0
6,221,32.62025360446205
6,222,0.0
6,223,32.68581757115771
6,224,69.15655058015273
6,225,40.998934446711246
6,226,40.15303233408849
6,227,0.0
6,228,0.0
6,229,0.0
6,230,0.0
6,231,0.0
6,232,40.814024854382296
6,233,0.0
6,234,40.15303233408849
6,235,0.0
6,236,42.990306924718425
6,237,42.91308211764226
6,238,39.35359106479882
6,239,0.0
6,240,0.0
6,241,0.0
6,242,0.0
6,243,40.86072605444406
6,244,32.544029822303855
6,245,0.0
6,246,31.377577435308012
6,247,40.311777727416484
6,248,0.0
6,249,0.0
6,250,0.0
6,251,41.20763432865624
6,252,33.02397117795772
6,253,0.0
6,254,42.669210302721694
6,255,32.62025360446205
6,256,40.22982084459545
6,257,40.41854887493628
6,258,0.0
6,259,41.20763432865624
6,260,0.0
6,261,33.16904961091677
6,262,0.0
6,263,0.0
6,264,41.29189786026291
6,265,41.481301661266116
6,266,0.0
6,267,0.0
6,268,0.0
6,269,40.41854887493628
6,270,0.0
6,271,0.0
6,272,0.0
6,273,0.0
6,274,0.0
6,275,42.57741230636657
6,276,0.0
6,277,43.11361300034969
6,278,0.0
6,279,41.20763432865624
6,280,0.0
6,281,0.0
6,282,39.27401121568073
6,283,69.67973193887065
6,284,0.0
6,285,0.0
6,286,0.0
6,287,43.42287325607231
6,288,0.0
6,289,40.22982084459545
6,290,41.400910810897585
6,291,42.815178174388166
6,292,39.168823790272654
6,293,40.22982084459545
6,294,0.0
6,295,31.784921756725453
6,296,42.27551013079483
6,297,0.0
6,298,0.0
6,299,42.348079485023845
6,300,0.0
6,301,41.29189786026291
6,302,0.0
6,303,40.15303233408849
6,304,33.197627305034075
6,305,0.0
6,306,0.0
6,307,42.893644943772415
6,308,0.0
6,309,0.0
6,310,0.0
6,311,41.29189786026291
6,312,0.0
6,313,42.893644943772415
6,314,32.229274837885896
6,315,0.0
6,316,0.0
6,317,40.15303233408849
6,318,0.0
6,319,40.15303233408849
6,320,0.0
6,321,0.0
6,322,40.85249699360702
6,323,42.92461118915162
6,324,33.09597771879271
6,325,0.0
6,326,30.381978425441048
6,327,0.0
6,328,0.0
6,329,41.481301661266116
6,330,39.35359106479882
6,331,0.0
6,332,69.15655058015273
6,333,0.0
6,334,40.80508612313861
6,335,0.0
6,336,0.0
6,337,0.0
6,338,0.0
6,339,0.0
6,340,0.0
6,341,41.20763432865624
6,342,40.22982084459545
6,343,0.0
6,344,42.116076056971906
6,345,0.0
6,346,0.0
6,347,40.29955706739656
6,348,0.0
6,349,42.94332835969999
6,350,42.17614725646217
6,351,0.0
6,352,0.0
6,353,0.0
6,354,0.0
6,355,39.34070378402339
6,356,43.11361300034969
6,357,41.29189786026291
6,358,0.0
6,359,0.0
6,360,37.54691708061182
6,361,0.0
6,362,0.0
6,363,0.0
6,364,0.0
6,365,0.0
6,366,40.22982084459545
6,367,0.0
6,368,48.070445723615194
6,369,0.0
6,370,41.20763432865624
6,371,0.0
6,372,0.0
6,373,0.0
6,374,42.85000212335672
6,375,0.0
6,376,32.6931104402729
6,377,40.41854887493628
6,378,42.46869030282414
6,379,0.0
6,380,0.0
6,381,1463.2133268724938
6,382,41.29189786026291
6,383,40.15303233408849
6,384,33.54138210135898
6,385,42.893644943772415
6,386,39.168823790272654
6,387,0.0
6,388,40.22982084459545
6,389,39.27401121568073
6,390,40.22982084459545
6,391,40.41854887493628
6,392,30.922978720091123
6,393,42.57741230636657
6,394,41.29189786026291
6,395,40.41854887493628
6,396,43.134130380491115
6,397,0.0
6,398,0.0
6,399,40.85249699360702
6,400,0.0
6,401,0.0
6,402,43.11361300034969
6,403,30.905357491797986
6,404,0.0
6,405,0.0
6,406,0.0
6,407,40.22982084459545
6,408,41.29189786026291
6,409,0.0
6,410,33.02397117795772
6,411,33.27287888189312
6,412,0.0
6,413,0.0
6,414,33.09597771879271
6,415,0.0
6,416,0.0
6,417,0.0
6,418,0.0
6,419,0.0
6,420,42.23232072868632
6,421,1463.2133268724938
6,422,33.02397117795772
6,423,41.20763432865624
6,424,0.0
6,425,0.0
6,426,0.0
6,427,0.0
6,428,0.0
6,429,0.0
6,430,41.481301661266116
6,431,0.0
6,432,40.18352616645916
6,433,41.481301661266116
6,434,0.0
6,435,29.168272798039652
6,436,32.6931104402729
6,437,0.0
6,438,0.0
6,439,0.0
6,440,40.22982084459545
6,441,39.27401121568073
6,442,0.0
6,443,39.35359106479882
6,444,41.20763432865624
6,445,0.0
6,446,0.0
6,447,42.669210302721694
6,448,0.0
6,449,40.858347286289245
6,450,0.0
6,451,0.0
6,452,0.0
6,453,0.0
6,454,42.46869030282414
6,455,0.0
6,456,0.0
6,457,0.0
6,458,0.0
6,459,0.0
6,460,41.676718690926464
6,461,42.990306924718425
6,462,40.36023224149994
6,463,39.168823790272654
6,464,39.35359106479882
6,465,0.0
6,466,40.15303233408849
6,467,0.0
6,468,0.0
6,469,0.0
6,470,42.564458792514415
6,471,0.0
6,472,25.95985125770312
6,473,40.22982084459545
6,474,0.0
6,475,0.0
6,476,0.0
6,477,33.38821794327396
6,478,0.0
6,479,0.0
6,480,41.47693350917689
6,481,33.02397117795772
6,482,41.676718690926464
6,483,0.0
6,484,0.0
6,485,0.0
6,486,0.0
6,487,0.0
6,488,41.481301661266116
6,489,2142.5105161014653
6,490,0.0
6,491,42.94987528441288
6,492,0.0
6,493,41.29189786026291
6,494,0.0
6,495,0.0
6,496,41.20763432865624
6,497,0.0
6,498,0.0
6,499,40.80508612313861
6,500,0.0
6,501,0.0
6,502,42.893644943772415
6,503,0.0
6,504,0.0
6,505,40.22982084459545
6,506,0.0
6,507,40.858347286289245
6,508,0.0
6,509,41.481301661266116
6,510,0.0
6,511,0.0
7,0,0.0
7,1,0.0
7,2,0.0
7,3,0.0
7,4,0.0
7,5,0.0
7,6,69.67973193887065
7,7,32.15957215038816
7,8,0.0
7,9,0.0
7,10,40.13642247601729
7,11,0.0
7,12,29.50441922396749
7,13,2146.862098850317
7,14,0.0
7,15,0.0
7,16,0.0
7,17,0.0
7,18,0.0
7,19,39.388431347914775
7,20,0.0
7,21,39.25035759921502
7,22,0.0
7,23,0.0
7,24,0.0
7,25,40.858347286289245
7,26,40.15303233408849
7,27,0.0
7,28,40.21008314777009
7,29,0.0
7,30,0.0
7,31,0.0
7,32,39.131025835155924
7,33,0.0
7,34,0.0
7,35,0.0
7,36,0.0
7,37,19683.074341765154
7,38,0.0
7,39,0.0
7,40,0.0
7,41,19708.970095777368
7,42,22.336459714416378
7,43,19708.970095777368
7,44,0.0
7,45,0.0
7,46,42.21502332501041
7,47,0.0
7,48,41.41402812051638
7,49,0.0
7,50,83.29703286918993
7,51,0.0
7,52,0.0
7,53,0.0
7,54,39.142383996074386
7,55,0.0
7,56,69.67973193887065
7,57,32.20644189639643
7,58,0.0
7,59,40.15303233408849
7,60,0.0
7,61,0.0
7,62,0.0
7,63,0.0
7,64,0.0
7,65,42.19690841015472
7,66,0.0
7,67,0.0
7,68,30.107384569231726
7,69,0.0
7,70,32.20644189639643
7,71,40.118497642685725
7,72,0.0
7,73,0.0
7,74,0.0
7,75,0.0
7,76,0.0
7,77,0.0
7,78,39.807632504618596
7,79,0.0
7,80,41.35853832641442
7,81,38.338830074035286
7,82,0.0
7,83,19683.074341765154
7,84,0.0
7,85,0.0
7,86,42.156566319757076
7,87,40.040720894036895
7,88,0.0
7,89,41.50268561112625
7,90,834.3600001597633
7,91,30.07126197168327
7,92,0.0
7,93,39.199724272695676
7,94,42.156566319757076
7,95,19708.970095777368
7,96,41.4981236116555
7,97,0.0
7,98,0.0
7,99,0.0
7,100,0.0
7,101,0.0
7,102,29.629955020396665
7,103,363.74402777085743
7,104,1462.6666212733362
7,105,0.0
7,106,0.0
7,107,0.0
7,108,0.0
7,109,0.0
7,110,0.0
7,111,41.20763432865624
7,112,0.0
7,113,83.40265165956043
7,114,31.476408317886126
7,115,0.0
7,116,0.0
7,117,0.0
7,118,0.0
7,119,40.34353832366105
7,120,0.0
7,121,0.0
7,122,42.23232072868632
7,123,0.0
7,124,0.0
7,125,38.338830074035286
7,126,0.0
7,127,48.03141332681207
7,128,41.70511339695713
7,129,0.0
7,130,40.41854887493628
7,131,39.336283942264345
7,132,0.0
7,133,0.0
7,134,38.2670473397493
7,135,0.0
7,136,0.0
7,137,0.0
7,138,0.0
7,139,32.56303079592999
7,140,0.0
7,141,0.0
7,142,0.0
7,143,0.0
7,144,0.0
7,145,0.0
7,146,38.7328756691586
7,147,0.0
7,148,38.29925099292723
7,149,0.0
7,150,0.0
7,151,0.0
7,152,39.168823790272654
7,153,0.0
7,154,0.0
7,155,39.199724272695676
7,156,36.642300651404184
7,157,0.0
7,158,69.67973193887065
7,159,40.85249699360702
7,160,39.11328526616671
7,161,19725.917691873135
7,162,0.0
7,163,0.0
7,164,0.0
7,165,0.0
7,166,0.0
7,167,0.0
7,168,0.0
7,169,42.21502332501041
7,170,40.858347286289245
7,171,38.338830074035286
7,172,0.0
7,173,0.0
7,174,0.0
7,175,0.0
7,176,0.0
7,177,29.24446641173654
7,178,55.39950111984217
7,179,38.29925099292723
7,180,1462.6666212733362
7,181,19708.970095777368
7,182,38.338830074035286
7,183,0.0
7,184,0.0
7,185,19708.970095777368
7,186,19708.970095777368
7,187,0.0
7,188,0.0
7,189,0.0
7,190,0.0
7,191,0.0
7,192,40.76816283540029
7,193,0.0
7,194,38.17030255345799
7,195,0.0
7,196,0.0
7,197,0.0
7,198,0.0
7,199,40.85249699360702
7,200,40.13642247601729
7,201,0.0
7,202,30.0693071587757
7,203,0.0
7,204,0.0
7,205,0.0
7,206,37.4713218786037
7,207,0.0
7,208,0.0
7,209,0.0
7,210,0.0
7,211,0.0
7,212,0.0
7,213,39.131025835155924
7,214,0.0
7,215,0.0
7,216,0.0
7,217,0.0
7,218,0.0
7,219,0.0
7,220,55.39950111984217
7,221,69.15655058015273
7,222,144.09277413456675
7,223,0.0
7,224,0.0
7,225,69.67973193887065
7,226,36.533729862649125
7,227,148.50365328726912
7,228,413.02372189765083
7,229,0.0
7,230,0.0
7,231,39.77174134489451
7,232,41.50072690577417
7,233,19708.970095777368
7,234,0.0
7,235,0.0
7,236,0.0
7,237,0.0
7,238,40.15303233408849
7,239,0.0
7,240,0.0
7,241,0.0
7,242,0.0
7,243,39.388431347914775
7,244,41.35853832641442
7,245,0.0
7,246,41.70511339695713
7,247,0.0
7,248,0.0
7,249,39.168823790272654
7,250,2146.862098850317
7,251,0.0
7,252,0.0
7,253,39.27401121568073
7,254,0.0
7,255,48.070445723615194
7,256,19708.970095777368
7,257,42.116076056971906
7,258,0.0
7,259,39.199724272695676
7,260,0.0
7,261,83.29590389778787
7,262,0.0
7,263,0.0
7,264,0.0
7,265,36.642300651404184
7,266,0.0
7,267,0.0
7,268,0.0
7,269,0.0
7,270,0.0
7,271,40.15303233408849
7,272,0.0
7,273,0.0
7,274,0.0
7,275,0.0
7,276,0.0
7,277,0.0
7,278,0.0
7,279,39.388431347914775
7,280,83.40265165956043
7,281,0.0
7,282,2142.5105161014653
7,283,0.0
7,284,0.0
7,285,76.23325772706994
7,286,0.0
7,287,0.0
7,288,0.0
7,289,38.2670473397493
7,290,0.0
7,291,39.199724272695676
7,292,0.0
7,293,0.0
7,294,0.0
7,295,0.0
7,296,0.0
7,297,19708.970095777368
7,298,41.50072690577417
7,299,1462.6666212733362
7,300,39.168823790272654
7,301,0.0
7,302,0.0
7,303,48.070445723615194
7,304,69.15655058015273
7,305,0.0
7,306,40.15303233408849
7,307,38.711789425102324
7,308,0.0
7,309,0.0
7,310,0.0
7,311,19683.074341765154
7,312,0.0
7,313,0.0
7,314,0.0
7,315,84.30178784466898
7,316,42.92461118915162
7,317,0.0
7,318,0.0
7,319,0.0
7,320,20595.020545880216
7,321,0.0
7,322,0.0
7,323,39.25035759921502
7,324,0.0
7,325,0.0
7,326,0.0
7,327,0.0
7,328,39.131025835155924
7,329,0.0
7,330,0.0
7,331,0.0
7,332,38.250447524837
7,333,0.0
7,334,0.0
7,335,0.0
7,336,42.289257425060896
7,337,28.92557523749474
7,338,0.0
7,339,0.0
7,340,0.0
7,341,0.0
7,342,0.0
7,343,0.0
7,344,41.468088949904995
7,345,32.62025360446205
7,346,0.0
7,347,36.642300651404184
7,348,39.388431347914775
7,349,69.15655058015273
7,350,0.0
7,351,2144.7909540981673
7,352,84.42427621583101
7,353,25.049894679953468
7,354,19708.970095777368
7,355,0.0
7,356,0.0
7,357,0.0
7,358,0.0
7,359,42.116076056971906
7,360,39.131025835155924
7,361,0.0
7,362,31.599045542361637
7,363,0.0
7,364,0.0
7,365,32.02346411169401
7,366,0.0
7,367,40.86028024209736
7,368,0.0
7,369,40.118497642685725
7,370,0.0
7,371,42.249707235198
7,372,42.116076056971906
7,373,0.0
7,374,0.0
7,375,0.0
7,376,0.0
7,377,0.0
7,378,0.0
7,379,39.35359106479882
7,380,0.0
7,381,0.0
7,382,0.0
7,383,41.50072690577417
7,384,0.0
7,385,0.0
7,386,0.0
7,387,0.0
7,388,40.15303233408849
7,389,38.250447524837
7,390,40.118497642685725
7,391,0.0
7,392,0.0
7,393,0.0
7,394,0.0
7,395,0.0
7,396,39.142383996074386
7,397,39.35359106479882
7,398,32.2346300057452
7,399,0.0
7,400,0.0
7,401,0.0
7,402,84.42427621583101
7,403,0.0
7,404,41.20763432865624
7,405,0.0
7,406,0.0
7,407,0.0
7,408,0.0
7,409,0.0
7,410,0.0
7,411,40.13642247601729
7,412,0.0
7,413,0.0
7,414,40.118497642685725
7,415,0.0
7,416,38.43148646420559
7,417,0.0
7,418,0.0
7,419,0.0
7,420,29.768756757498522
7,421,0.0
7,422,829.6273264852807
7,423,32.09040230133269
7,424,0.0
7,425,0.0
7,426,69.15655058015273
7,427,0.0
7,428,0.0
7,429,40.15303233408849
7,430,0.0
7,431,0.0
7,432,0.0
7,433,0.0
7,434,40.22982084459545
7,435,40.85249699360702
7,436,36.642300651404184
7,437,19708.970095777368
7,438,0.0
7,439,41.50268561112625
7,440,41.58564270032821
7,441,0.0
7,442,0.0
7,443,0.0
7,444,0.0
7,445,0.0
7,446,19708.970095777368
7,447,0.0
7,448,40.22982084459545
7,449,0.0
7,450,0.0
7,451,42.19690841015472
7,452,0.0
7,453,0.0
7,454,0.0
7,455,0.0
7,456,19708.970095777368
7,457,0.0
7,458,0.0
7,459,39.199724272695676
7,460,40.118497642685725
7,461,0.0
7,462,0.0
7,463,41.53102997317001
7,464,0.0
7,465,0.0
7,466,0.0
7,467,0.0
7,468,0.0
7,469,0.0
7,470,0.0
7,471,0.0
7,472,0.0
7,473,0.0
7,474,0.0
7,475,0.0
7,476,40.858347286289245
7,477,41.35853832641442
7,478,40.15303233408849
7,479,30.839020672790866
7,480,0.0
7,481,42.19423251857188
7,482,0.0
7,483,0.0
7,484,30.48828550936105
7,485,32.57977175056567
7,486,41.680252058341466
7,487,0.0
7,488,39.199724272695676
7,489,19708.970095777368
7,490,0.0
7,491,39.168823790272654
7,492,0.0
7,493,40.15303233408849
7,494,0.0
7,495,0.0
7,496,0.0
7,497,0.0
7,498,0.0
7,499,0.0
7,500,0.0
7,501,69.15655058015273
7,502,57.48496210845133
7,503,0.0
7,504,69.15655058015273
7,505,0.0
7,506,0.0
7,507,0.0
7,508,0.0
7,509,39.25035759921502
7,510,0.0
7,511,0.0
8,0,0.0
8,1,0.0
8,2,0.0
8,3,55.81507340735334
8,4,69.15655058015273
8,5,0.0
8,6,0.0
8,7,0.0
8,8,0.0
8,9,0.0
8,10,0.0
8,11,0.0
8,12,0.0
8,13,0.0
8,14,0.0
8,15,0.0
8,16,0.0
8,17,0.0
8,18,0.0
8,19,0.0
8,20,0.0
8,21,48.070445723615194
8,22,0.0
8,23,0.0
8,24,0.0
8,25,0.0
8,26,0.0
8,27,0.0
8,28,0.0
8,29,0.0
8,30,0.0
8,31,0.0
8,32,0.0
8,33,0.0
8,34,0.0
8,35,0.0
8,36,0.0
8,37,0.0
8,38,0.0
8,39,39.39535421063556
8,40,0.0
8,41,55.39950111984217
8,42,0.0
8,43,0.0
8,44,0.0
8,45,0.0
8,46,0.0
8,47,0.0
8,48,0.0
8,49,0.0
8,50,0.0
8,51,0.0
8,52,0.0
8,53,0.0
8,54,0.0
8,55,0.0
8,56,0.0
8,57,0.0
8,58,0.0
8,59,0.0
8,60,0.0
8,61,0.0
8,62,0.0
8,63,389.65964354889456
8,64,19708.970095777368
8,65,0.0
8,66,0.0
8,67,0.0
8,68,78.07410479439659
8,69,0.0
8,70,0.0
8,71,0.0
8,72,66.02454169697194
8,73,0.0
8,74,0.0
8,75,0.0
8,76,0.0
8,77,0.0
8,78,0.0
8,79,0.0
8,80,0.0
8,81,0.0
8,82,0.0
8,83,0.0
8,84,0.0
8,85,0.0
8,86,69.67973193887065
8,87,0.0
8,88,0.0
8,89,0.0
8,90,0.0
8,91,0.0
8,92,0.0
8,93,0.0
8,94,0.0
8,95,0.0
8,96,0.0
8,97,0.0
8,98,0.0
8,99,0.0
8,100,0.0
8,101,0.0
8,102,0.0
8,103,0.0
8,104,0.0
8,105,0.0
8,106,0.0
8,107,0.0
8,108,0.0
8,109,0.0
8,110,0.0
8,111,0.0
8,112,0.0
8,113,0.0
8,114,0.0
8,115,0.0
8,116,0.0
8,117,0.0
8,118,0.0
8,119,80.21333306149154
8,120,0.0
8,121,0.0
8,122,69.15655058015273
8,123,0.0
8,124,0.0
8,125,0.0
8,126,0.0
8,127,0.0
8,128,0.0
8,129,0.0
8,130,0.0
8,131,0.0
8,132,0.0
8,133,0.0
8,134,1462.6666212733362
8,135,0.0
8,136,0.0
8,137,1463.2133268724938
8,138,0.0
8,139,19725.917691873135
8,140,0.0
8,141,0.0
8,142,0.0
8,143,78.07410479439659
8,144,66.02454169697194
8,145,0.0
8,146,19725.917691873135
8,147,0.0
8,148,370.18150822225925
8,149,0.0
8,150,0.0
8,151,48.03141332681207
8,152,0.0
8,153,0.0
8,154,0.0
8,155,66.97346252043826
8,156,0.0
8,157,0.0
8,158,0.0
8,159,0.0
8,160,19725.917691873135
8,161,0.0
8,162,0.0
8,163,31.402309270018122
8,164,0.0
8,165,144.09277413456675
8,166,0.0
8,167,0.0
8,168,0.0
8,169,69.67973193887065
8,170,0.0
8,171,0.0
8,172,0.0
8,173,13310.522947429316
8,174,19725.917691873135
8,175,0.0
8,176,0.0
8,177,0.0
8,178,0.0
8,179,0.0
8,180,0.0
8,181,0.0
8,182,0.0
8,183,0.0
8,184,0.0
8,185,0.0
8,186,19708.970095777368
8,187,0.0
8,188,0.0
8,189,0.0
8,190,69.15655058015273
8,191,0.0
8,192,0.0
8,193,0.0
8,194,0.0
8,195,0.0
8,196,0.0
8,197,0.0
8,198,0.0
8,199,0.0
8,200,0.0
8,201,0.0
8,202,0.0
8,203,0.0
8,204,0.0
8,205,0.0
8,206,0.0
8,207,0.0
8,208,0.0
8,209,0.0
8,210,0.0
8,211,0.0
8,212,0.0
8,213,0.0
8,214,0.0
8,215,0.0
8,216,0.0
8,217,0.0
8,218,0.0
8,219,0.0
8,220,0.0
8,221,0.0
8,222,0.0
8,223,0.0
8,224,0.0
8,225,0.0
8,226,0.0
8,227,0.0
8,228,0.0
8,229,0.0
8,230,0.0
8,231,0.0
8,232,0.0
8,233,0.0
8,234,0.0
8,235,0.0
8,236,0.0
8,237,0.0
8,238,0.0
8,239,0.0
8,240,69.15655058015273
8,241,0.0
8,242,0.0
8,243,0.0
8,244,12778.259488537518
8,245,31.402309270018122
8,246,0.0
8,247,0.0
8,248,0.0
8,249,0.0
8,250,0.0
8,251,0.0
8,252,0.0
8,253,0.0
8,254,0.0
8,255,0.0
8,256,0.0
8,257,0.0
8,258,1463.2133268724938
8,259,0.0
8,260,0.0
8,261,69.15655058015273
8,262,0.0
8,263,0.0
8,264,0.0
8,265,19708.970095777368
8,266,0.0
8,267,0.0
8,268,0.0
8,269,0.0
8,270,0.0
8,271,0.0
8,272,55.39950111984217
8,273,0.0
8,274,0.0
8,275,0.0
8,276,0.0
8,277,0.0
8,278,0.0
8,279,0.0
8,280,0.0
8,281,57.76943894297165
8,282,66.89885976494861
8,283,0.0
8,284,69.67973193887065
8,285,0.0
8,286,0.0
8,287,0.0
8,288,0.0
8,289,135.16188362132107
8,290,19708.970095777368
8,291,0.0
8,292,0.0
8,293,69.67973193887065
8,294,78.07410479439659
8,295,0.0
8,296,0.0
8,297,0.0
8,298,0.0
8,299,0.0
8,300,0.0
8,301,0.0
8,302,0.0
8,303,0.0
8,304,0.0
8,305,0.0
8,306,0.0
8,307,0.0
8,308,0.0
8,309,0.0
8,310,84.30178784466898
8,311,0.0
8,312,0.0
8,313,0.0
8,314,40.13642247601729
8,315,69.15655058015273
8,316,106.31854997816299
8,317,0.0
8,318,0.0
8,319,0.0
8,320,0.0
8,321,0.0
8,322,40.71829251336021
8,323,0.0
8,324,0.0
8,325,37.284892151928034
8,326,0.0
8,327,0.0
8,328,0.0
8,329,0.0
8,330,0.0
8,331,0.0
8,332,0.0
8,333,0.0
8,334,0.0
8,335,0.0
8,336,0.0
8,337,0.0
8,338,0.0
8,339,0.0
8,340,0.0
8,341,0.0
8,342,0.0
8,343,0.0
8,344,0.0
8,345,0.0
8,346,0.0
8,347,0.0
8,348,0.0
8,349,0.0
8,350,0.0
8,351,0.0
8,352,0.0
8,353,0.0
8,354,0.0
8,355,0.0
8,356,19725.917691873135
8,357,69.67973193887065
8,358,0.0
8,359,0.0
8,360,0.0
8,361,0.0
8,362,84.30178784466898
8,363,0.0
8,364,0.0
8,365,0.0
8,366,0.0
8,367,107.13440350795918
8,368,69.67973193887065
8,369,0.0
8,370,0.0
8,371,0.0
8,372,106.89263789465076
8,373,0.0
8,374,0.0
8,375,0.0
8,376,0.0
8,377,0.0
8,378,0.0
8,379,1462.6666212733362
8,380,69.15655058015273
8,381,0.0
8,382,69.67973193887065
8,383,0.0
8,384,39.471496803971604
8,385,0.0
8,386,45.11364527891601
8,387,0.0
8,388,0.0
8,389,0.0
8,390,0.0
8,391,0.0
8,392,0.0
8,393,0.0
8,394,0.0
8,395,69.15655058015273
8,396,0.0
8,397,0.0
8,398,0.0
8,399,0.0
8,400,2146.862098850317
8,401,0.0
8,402,0.0
8,403,0.0
8,404,0.0
8,405,0.0
8,406,0.0
8,407,40.13642247601729
8,408,0.0
8,409,0.0
8,410,0.0
8,411,0.0
8,412,0.0
8,413,0.0
8,414,0.0
8,415,0.0
8,416,0.0
8,417,0.0
8,418,48.070445723615194
8,419,0.0
8,420,0.0
8,421,69.15655058015273
8,422,0.0
8,423,0.0
8,424,0.0
8,425,0.0
8,426,0.0
8,427,55.39950111984217
8,428,0.0
8,429,0.0
8,430,0.0
8,431,0.0
8,432,19708.970095777368
8,433,19708.970095777368
8,434,84.41675051627954
8,435,0.0
8,436,0.0
8,437,0.0
8,438,0.0
8,439,0.0
8,440,0.0
8,441,0.0
8,442,0.0
8,443,19708.970095777368
8,444,0.0
8,445,0.0
8,446,0.0
8,447,0.0
8,448,0.0
8,449,0.0
8,450,0.0
8,451,1463.2515931257112
8,452,0.0
8,453,0.0
8,454,0.0
8,455,0.0
8,456,0.0
8,457,0.0
8,458,0.0
8,459,19725.917691873135
8,460,144.01930602597713
8,461,0.0
8,462,0.0
8,463,0.0
8,464,40.02332319502875
8,465,55.81507340735334
8,466,0.0
8,467,0.0
8,468,0.0
8,469,0.0
8,470,0.0
8,471,2146.862098850317
8,472,0.0
8,473,69.67973193887065
8,474,0.0
8,475,0.0
8,476,0.0
8,477,0.0
8,478,0.0
8,479,0.0
8,480,0.0
8,481,0.0
8,482,144.09277413456675
8,483,13310.522947429316
8,484,0.0
8,485,0.0
8,486,0.0
8,487,0.0
8,488,69.15655058015273
8,489,69.15655058015273
8,490,0.0
8,491,0.0
8,492,0.0
8,493,0.0
8,494,0.0
8,495,0.0
8,496,0.0
8,497,0.0
8,498,39.199724272695676
8,499,0.0
8,500,0.0
8,501,0.0
8,502,0.0
8,503,0.0
8,504,107.13440350795918
8,505,0.0
8,506,88.12371603461452
8,507,0.0
8,508,106.31854997816299
8,509,0.0
8,510,0.0
8,511,0.0
9,0,0.0
9,1,0.0
9,2,0.0
9,3,0.0
9,4,0.0
9,5,0.0
9,6,0.0
9,7,0.0
9,8,0.0
9,9,0.0
9,10,0.0
9,11,0.0
9,12,0.0
9,13,84.41675051627954
9,14,0.0
9,15,0.0
9,16,0.0
9,17,0.0
9,18,0.0
9,19,0.0
9,20,0.0
9,21,107.13440350795918
9,22,137.82452319360436
9,23,84.30394560869081
9,24,0.0
9,25,0.0
9,26,0.0
9,27,0.0
9,28,0.0
9,29,0.0
9,30,0.0
9,31,0.0
9,32,0.0
9,33,0.0
9,34,0.0
9,35,133.76205729954472
9,36,0.0
9,37,0.0
9,38,0.0
9,39,84.42427621583101
9,40,144.09277413456675
9,41,144.09277413456675
9,42,0.0
9,43,0.0
9,44,0.0
9,45,0.0
9,46,133.76205729954472
9,47,134.27980577464405
9,48,0.0
9,49,0.0
9,50,0.0
9,51,0.0
9,52,84.30394560869081
9,53,0.0
9,54,0.0
9,55,0.0
9,56,0.0
9,57,0.0
9,58,0.0
9,59,0.0
9,60,84.22051546156854
9,61,0.0
9,62,0.0
9,63,0.0
9,64,0.0
9,65,0.0
9,66,84.30394560869081
9,67,0.0
9,68,0.0
9,69,133.76205729954472
9,70,0.0
9,71,0.0
9,72,0.0
9,73,0.0
9,74,0.0
9,75,0.0
9,76,0.0
9,77,1463.2133268724938
9,78,0.0
9,79,0.0
9,80,0.0
9,81,0.0
9,82,0.0
9,83,0.0
9,84,84.30394560869081
9,85,0.0
9,86,1725.7279124804227
9,87,0.0
9,88,0.0
9,89,19924.25266426592
9,90,0.0
9,91,84.41675051627954
9,92,0.0
9,93,0.0
9,94,0.0
9,95,0.0
9,96,0.0
9,97,0.0
9,98,0.0
9,99,0.0
9,100,0.0
9,101,0.0
9,102,0.0
9,103,0.0
9,104,0.0
9,105,84.57693460424798
9,106,0.0
9,107,0.0
9,108,0.0
9,109,2146.862098850317
9,110,46.44380747872492
9,111,0.0
9,112,0.0
9,113,0.0
9,114,0.0
9,115,0.0
9,116,0.0
9,117,149.25983448600164
9,118,0.0
9,119,0.0
9,120,2743.1334599496777
9,121,0.0
9,122,0.0
9,123,0.0
9,124,0.0
9,125,0.0
9,126,0.0
9,127,83.29590389778787
9,128,0.0
9,129,0.0
9,130,0.0
9,131,0.0
9,132,0.0
9,133,0.0
9,134,0.0
9,135,0.0
9,136,0.0
9,137,0.0
9,138,0.0
9,139,0.0
9,140,0.0
9,141,0.0
9,142,0.0
9,143,0.0
9,144,0.0
9,145,0.0
9,146,0.0
9,147,0.0
9,148,0.0
9,149,0.0
9,150,0.0
9,151,0.0
9,152,1729.4199683274674
9,153,89.22778419800215
9,154,84.42427621583101
9,155,0.0
9,156,0.0
9,157,0.0
9,158,0.0
9,159,0.0
9,160,0.0
9,161,84.42427621583101
9,162,0.0
9,163,0.0
9,164,0.0
9,165,0.0
9,166,0.0
9,167,0.0
9,168,0.0
9,169,0.0
9,170,0.0
9,171,0.0
9,172,0.0
9,173,0.0
9,174,0.0
9,175,0.0
9,176,0.0
9,177,0.0
9,178,84.33451043746572
9,179,0.0
9,180,0.0
9,181,0.0
9,182,0.0
9,183,128.13245197156994
9,184,0.0
9,185,0.0
9,186,0.0
9,187,0.0
9,188,0.0
9,189,0.0
9,190,0.0
9,191,0.0
9,192,0.0
9,193,0.0
9,194,0.0
9,195,0.0
9,196,0.0
9,197,1463.2515931257112
9,198,69.15655058015273
9,199,0.0
9,200,0.0
9,201,0.0
9,202,113.24451710133872
9,203,0.0
9,204,0.0
9,205,0.0
9,206,83.39731022288925
9,207,975.1171955433183
9,208,981.4105641257984
9,209,0.0
9,210,0.0
9,211,0.0
9,212,0.0
9,213,0.0
9,214,0.0
9,215,0.0
9,216,0.0
9,217,133.76205729954472
9,218,0.0
9,219,2146.862098850317
9,220,0.0
9,221,0.0
9,222,0.0
9,223,0.0
9,224,0.0
9,225,0.0
9,226,0.0
9,227,0.0
9,228,0.0
9,229,0.0
9,230,144.58512084911035
9,231,19708.970095777368
9,232,0.0
9,233,0.0
9,234,0.0
9,235,0.0
9,236,0.0
9,237,0.0
9,238,0.0
9,239,0.0
9,240,0.0
9,241,0.0
9,242,0.0
9,243,0.0
9,244,0.0
9,245,1463.288400848498
9,246,0.0
9,247,0.0
9,248,0.0
9,249,0.0
9,250,0.0
9,251,0.0
9,252,84.42427621583101
9,253,0.0
9,254,0.0
9,255,0.0
9,256,0.0
9,257,0.0
9,258,0.0
9,259,0.0
9,260,1462.6666212733362
9,261,0.0
9,262,0.0
9,263,0.0
9,264,0.0
9,265,0.0
9,266,13265.44573661999
9,267,0.0
9,268,0.0
9,269,0.0
9,270,133.76205729954472
9,271,0.0
9,272,0.0
9,273,0.0
9,274,0.0
9,275,0.0
9,276,0.0
9,277,0.0
9,278,0.0
9,279,0.0
9,280,0.0
9,281,0.0
9,282,0.0
9,283,0.0
9,284,0.0
9,285,0.0
9,286,0.0
9,287,0.0
9,288,13375.805402927133
9,289,44.6024314160386
9,290,84.42427621583101
9,291,0.0
9,292,0.0
9,293,84.18000563315945
9,294,0.0
9,295,0.0
9,296,107.97759195088838
9,297,84.30394560869081
9,298,0.0
9,299,0.0
9,300,0.0
9,301,133.76205729954472
9,302,0.0
9,303,0.0
9,304,1463.2133268724938
9,305,0.0
9,306,0.0
9,307,0.0
9,308,0.0
9,309,0.0
9,310,0.0
9,311,1462.6666212733362
9,312,0.0
9,313,0.0
9,314,0.0
9,315,0.0
9,316,41.20763432865624
9,317,0.0
9,318,0.0
9,319,0.0
9,320,0.0
9,321,0.0
9,322,45.194204711632665
9,323,0.0
9,324,0.0
9,325,0.0
9,326,0.0
9,327,0.0
9,328,0.0
9,329,0.0
9,330,0.0
9,331,0.0
9,332,0.0
9,333,0.0
9,334,0.0
9,335,0.0
9,336,0.0
9,337,0.0
9,338,0.0
9,339,0.0
9,340,0.0
9,341,0.0
9,342,0.0
9,343,0.0
9,344,0.0
9,345,0.0
9,346,83.40265165956043
9,347,0.0
9,348,0.0
9,349,0.0
9,350,19708.970095777368
9,351,0.0
9,352,0.0
9,353,0.0
9,354,0.0
9,355,0.0
9,356,0.0
9,357,0.0
9,358,0.0
9,359,0.0
9,360,0.0
9,361,107.13440350795918
9,362,0.0
9,363,12294.787321241598
9,364,0.0
9,365,0.0
9,366,0.0
9,367,0.0
9,368,0.0
9,369,0.0
9,370,0.0
9,371,144.09277413456675
9,372,0.0
9,373,0.0
9,374,0.0
9,375,0.0
9,376,0.0
9,377,0.0
9,378,0.0
9,379,2146.862098850317
9,380,0.0
9,381,0.0
9,382,0.0
9,383,0.0
9,384,0.0
9,385,144.09277413456675
9,386,0.0
9,387,0.0
9,388,1463.288400848498
9,389,0.0
9,390,0.0
9,391,0.0
9,392,0.0
9,393,0.0
9,394,0.0
9,395,0.0
9,396,0.0
9,397,0.0
9,398,0.0
9,399,0.0
9,400,4239.374394113151
9,401,0.0
9,402,0.0
9,403,0.0
9,404,0.0
9,405,0.0
9,406,0.0
9,407,0.0
9,408,1463.2133268724938
9,409,0.0
9,410,83.33464878899031
9,411,13310.522947429316
9,412,0.0
9,413,0.0
9,414,1727.650286648004
9,415,127.34785687110161
9,416,0.0
9,417,105.54401068602328
9,418,0.0
9,419,0.0
9,420,0.0
9,421,0.0
9,422,0.0
9,423,0.0
9,424,31.20946868917781
9,425,0.0
9,426,0.0
9,427,0.0
9,428,0.0
9,429,144.09277413456675
9,430,0.0
9,431,0.0
9,432,0.0
9,433,143.15498822525842
9,434,1463.2133268724938
9,435,0.0
9,436,0.0
9,437,0.0
9,438,0.0
9,439,0.0
9,440,2146.862098850317
9,441,0.0
9,442,0.0
9,443,272.9048731242365
9,444,0.0
9,445,0.0
9,446,0.0
9,447,0.0
9,448,0.0
9,449,0.0
9,450,0.0
9,451,1463.2133268724938
9,452,363.74402777085743
9,453,69.15655058015273
9,454,0.0
9,455,0.0
9,456,0.0
9,457,0.0
9,458,0.0
9,459,2146.862098850317
9,460,0.0
9,461,0.0
9,462,126.10795878921544
9,463,0.0
9,464,0.0
9,465,0.0
9,466,1463.2279784739367
9,467,105.54401068602328
9,468,84.42427621583101
9,469,2146.862098850317
9,470,0.0
9,471,144.01930602597713
9,472,0.0
9,473,84.42427621583101
9,474,0.0
9,475,0.0
9,476,0.0
9,477,106.59275296816031
9,478,0.0
9,479,0.0
9,480,0.0
9,481,0.0
9,482,0.0
9,483,144.01930602597713
9,484,0.0
9,485,0.0
9,486,0.0
9,487,0.0
9,488,0.0
9,489,75.74812775170358
9,490,0.0
9,491,127.86204305726096
9,492,84.22051546156854
9,493,0.0
9,494,0.0
9,495,0.0
9,496,0.0
9,497,48.070445723615194
9,498,0.0
9,499,0.0
9,500,0.0
9,501,0.0
9,502,19683.074341765154
9,503,0.0
9,504,0.0
9,505,2146.8636624251158
9,506,144.01930602597713
9,507,0.0
9,508,0.0
9,509,0.0
9,510,0.0
9,511,0.0
