generation, individual, diff_after_backprop
0,0,157.58262305501194
0,1,6977.913347225029
0,2,2180.0739926066426
0,3,0.0
0,4,1821.5420105126468
0,5,28.421530129022358
0,6,0.0
0,7,0.0
0,8,23.11422047407177
0,9,0.0
0,10,0.0
0,11,0.0
0,12,16026.348511097145
0,13,0.0
0,14,964.9581536950463
0,15,0.0
0,16,7.9125832003173855
0,17,1611.0763763274917
0,18,0.0
0,19,0.0
0,20,0.0
0,21,12126.458592884796
0,22,1702.738669279328
0,23,0.0
0,24,0.0
0,25,21864.743657722924
0,26,0.0
0,27,0.0
0,28,1611.0546184992272
0,29,0.0
0,30,0.0
0,31,0.0
0,32,0.0
0,33,0.0
0,34,935.3955950746349
0,35,0.0
0,36,0.0
0,37,0.0
0,38,0.0
0,39,0.0
0,40,0.12488660329836421
0,41,0.0
0,42,0.0
0,43,0.0
0,44,8187.729056888875
0,45,0.0
0,46,0.0
0,47,0.0
0,48,0.0
0,49,0.0
0,50,1745.37418442719
0,51,1848.3571235776108
0,52,0.0
0,53,0.0
0,54,0.0
0,55,19.712201892674784
0,56,881.5678043260923
0,57,1276.3929174301393
0,58,0.0
0,59,0.0
0,60,0.0
0,61,0.0
0,62,0.0
0,63,1662.5013833541161
0,64,0.0
0,65,0.0
0,66,0.0
0,67,0.0
0,68,0.0
0,69,1895.6862461265446
0,70,0.0
0,71,0.0
0,72,0.0
0,73,0.0
0,74,0.0
0,75,0.0
0,76,7264.910309316521
0,77,47.319888713641376
0,78,3133.6537717743886
0,79,0.0
0,80,0.0
0,81,0.0
0,82,0.0
0,83,0.0
0,84,0.0
0,85,1781.4390363597158
0,86,0.0
0,87,0.0
0,88,0.0
0,89,0.0
0,90,0.0
0,91,0.0
0,92,0.0
0,93,0.0
0,94,0.0
0,95,0.0
0,96,160.31777487990257
0,97,0.0
0,98,1612.7333635903851
0,99,0.0
0,100,34329.67381210807
0,101,1662.4297168856938
0,102,0.0
0,103,0.0
0,104,0.0
0,105,0.0
0,106,0.0
0,107,50.83785767630616
0,108,0.0
0,109,0.0
0,110,0.0
0,111,0.0
0,112,390.57200062481206
0,113,14.790185142089285
0,114,0.0
0,115,0.0
0,116,0.0
0,117,3133.3686574063977
0,118,0.0
0,119,20624.00832783834
0,120,1612.758968081067
0,121,0.0
0,122,30.641304779810525
0,123,0.0
0,124,0.0
0,125,0.0
0,126,0.0
0,127,0.0
0,128,23062.70832192903
0,129,0.0
0,130,20018.752490616553
0,131,0.0
0,132,0.0
0,133,28.06794107873975
0,134,0.0
0,135,0.0
0,136,0.0
0,137,10274.748364432526
0,138,13240.894838818873
0,139,1817.0481956952972
0,140,0.0
0,141,0.0
0,142,0.0
0,143,0.0
0,144,0.0
0,145,0.0
0,146,0.0
0,147,0.0
0,148,1650.4472017562257
0,149,0.0
0,150,0.0
0,151,20890.59144868242
0,152,0.0
0,153,1772.495581368894
0,154,0.0
0,155,0.0
0,156,0.0
0,157,1772.6306876080998
0,158,0.0
0,159,0.0
0,160,0.0
0,161,16026.422280093237
0,162,0.0
0,163,0.0
0,164,0.0
0,165,0.0
0,166,1662.614532323987
0,167,0.0
0,168,0.0
0,169,0.0
0,170,0.0
0,171,0.0
0,172,0.0
0,173,0.0
0,174,0.0
0,175,10538.288606892824
0,176,2836.9569446051864
0,177,0.0
0,178,10236.484224406766
0,179,0.0
0,180,0.0
0,181,0.0
0,182,1628.0593268643206
0,183,0.0
0,184,0.0
0,185,14.922352051698908
0,186,0.0
0,187,28.98147205273017
0,188,0.0
0,189,0.0
0,190,832.5356376060299
0,191,0.0
0,192,0.0
0,193,0.0
0,194,1495.1374019116301
0,195,0.0
0,196,0.0
0,197,0.0
0,198,28.06794107873975
0,199,2102.456897697488
0,200,0.0
0,201,1801.8207717351106
0,202,0.0
0,203,0.0
0,204,0.0
0,205,0.0
0,206,3220.653443295736
0,207,1801.113889355689
0,208,0.0
0,209,0.0
0,210,16.473354565086083
0,211,0.0
0,212,0.0
0,213,0.0
0,214,0.0
0,215,0.0
0,216,0.0
0,217,163.14419192247806
0,218,0.0
0,219,1014.7743344557384
0,220,0.0
0,221,0.0
0,222,0.0
0,223,0.0
0,224,0.0
0,225,0.0
0,226,27.122888800694454
0,227,10655.375932940413
0,228,0.0
0,229,0.0
0,230,1662.3838632183106
0,231,0.0
0,232,0.0
0,233,0.0
0,234,0.0
0,235,11389.385546739704
0,236,0.0
0,237,0.0
0,238,1246.1181315182657
0,239,0.0
0,240,0.0
0,241,0.0
0,242,0.0
0,243,0.0
0,244,1698.5630731380843
0,245,16849.774455760922
0,246,0.0
0,247,1733.6743383111498
0,248,16469.63514716292
0,249,221.36999816228854
0,250,1611.0795327289488
0,251,0.0
0,252,0.0
0,253,0.0
0,254,0.0
0,255,0.0
0,256,0.0
0,257,0.0
0,258,0.0
0,259,0.0
0,260,1627.998045319826
0,261,1708.881382273721
0,262,1610.869934819144
0,263,1662.3886857396137
0,264,0.0
0,265,0.0
0,266,0.0
0,267,2805.0369818428953
0,268,0.0
0,269,244.05923448767317
0,270,10713.80057568755
0,271,0.0
0,272,0.0
0,273,1.9925014676591672
0,274,0.0
0,275,14.95672378978179
0,276,0.0
0,277,1295.571190857936
0,278,0.0
0,279,0.0
0,280,0.0
0,281,0.0
0,282,0.0
0,283,13.923694858767703
0,284,21159.93381146233
0,285,0.0
0,286,0.0
0,287,0.0
0,288,0.0
0,289,0.0
0,290,0.0
0,291,0.0
0,292,0.0
0,293,0.0
0,294,8468.72437114082
0,295,14.790185142089285
0,296,0.0
0,297,20802.55712279723
0,298,1459.283980934215
0,299,0.0
0,300,10766.104265913265
0,301,0.0
0,302,0.0
0,303,1638.5288037568607
0,304,0.0
0,305,0.0
0,306,20.58055266233714
0,307,0.0
0,308,0.0
0,309,1495.2614675347213
0,310,48399.7252207375
0,311,0.0
0,312,0.0
0,313,7794.951878670401
0,314,19031.327313388392
0,315,0.0
0,316,0.0
0,317,0.0
0,318,0.0
0,319,0.0
0,320,14025.932040628526
0,321,0.0
0,322,0.0
0,323,0.0
0,324,0.0
0,325,0.0
0,326,0.0
0,327,1612.710224024493
0,328,0.0
0,329,0.0
0,330,30.52040254288113
0,331,0.0
0,332,0.0
0,333,0.0
0,334,21122.916780131465
0,335,0.0
0,336,0.0
0,337,0.0
0,338,0.0
0,339,0.0
0,340,0.0
0,341,0.0
0,342,0.0
0,343,21509.015823094924
0,344,0.0
0,345,1.1947703446949163
0,346,0.0
0,347,0.0
0,348,0.0
0,349,0.0
0,350,0.0
0,351,0.0
0,352,1662.5260557106922
0,353,0.0
0,354,0.0
0,355,7830.807185301903
0,356,0.0
0,357,0.0
0,358,0.0
0,359,1610.8911619592654
0,360,0.0
0,361,1267.9383075963442
0,362,0.0
0,363,0.0
0,364,3205.9073976636864
0,365,5593.257392141553
0,366,0.0
0,367,0.0
0,368,1638.6214304616224
0,369,628.0812773282087
0,370,0.0
0,371,20718.42544749934
0,372,0.0
0,373,0.0
0,374,1720.2528497791718
0,375,27519.96332612791
0,376,11417.638647021953
0,377,1847.7506510796593
0,378,0.0
0,379,7808.205056808663
0,380,0.0
0,381,0.0
0,382,0.0
0,383,0.0
0,384,153.23297033003473
0,385,0.0
0,386,0.0
0,387,0.0
0,388,0.0
0,389,0.0
0,390,26.99376059705537
0,391,0.0
0,392,0.0
0,393,0.0
0,394,0.0
0,395,0.0
0,396,0.0
0,397,0.0
0,398,0.0
0,399,0.0
0,400,0.0
0,401,0.0
0,402,0.0
0,403,0.0
0,404,0.0
0,405,1776.6469556140219
0,406,0.0
0,407,881.5678043260923
0,408,0.0
0,409,0.0
0,410,0.0
0,411,0.0
0,412,0.0
0,413,11449.214945664648
0,414,3850.475802592009
0,415,0.0
0,416,0.0
0,417,0.0
0,418,0.0
0,419,22.01024281867649
0,420,0.0
0,421,0.0
0,422,0.0
0,423,0.0
0,424,1611.0223621310652
0,425,0.0
0,426,1610.826629279978
0,427,0.0
0,428,0.0
0,429,1662.536311520198
0,430,16039.858599662253
0,431,0.0
0,432,0.0
0,433,210.9091814248277
0,434,0.0
0,435,0.0
0,436,0.0
0,437,0.0
0,438,0.0
0,439,0.0
0,440,0.0
0,441,0.0
0,442,0.0
0,443,22433.237617625015
0,444,0.0
0,445,0.0
0,446,1820.218987633929
0,447,0.0
0,448,18.466409469896462
0,449,0.0
0,450,0.0
0,451,0.0
0,452,0.0
0,453,0.0
0,454,0.0
0,455,16479.740263497322
0,456,0.0
0,457,0.0
0,458,0.0
0,459,1612.7993598773646
0,460,0.0
0,461,8301.026732072878
0,462,0.0
0,463,1745.4084651959856
0,464,0.0
0,465,0.0
0,466,0.0
0,467,0.0
0,468,0.0
0,469,0.0
0,470,0.0
0,471,0.0
0,472,0.0
0,473,0.0
0,474,0.0
0,475,0.0
0,476,0.0
0,477,0.0
0,478,17824.023472385517
0,479,0.0
0,480,0.0
0,481,1245.9171054452936
0,482,0.0
0,483,0.0
0,484,20673.149628391675
0,485,21058.419548921527
0,486,10271.617271002815
0,487,1460.4510556331006
0,488,111.28536356260156
0,489,16850.06863370229
0,490,23.62170464052815
0,491,0.0
0,492,2050.994369631466
0,493,12324.692758123205
0,494,0.0
0,495,12276.49984090179
0,496,10236.484224406766
0,497,1612.758968081067
0,498,0.0
0,499,0.0
0,500,0.0
0,501,0.0
0,502,0.0
0,503,1657.6797027813373
0,504,0.0
0,505,0.0
0,506,0.0
0,507,1662.3966446448976
0,508,1612.8099908068543
0,509,0.0
0,510,10450.494352660506
0,511,0.0
1,0,0.0
1,1,0.0
1,2,1662.5113593474161
1,3,1457.3686728504545
1,4,0.0
1,5,0.0
1,6,0.0
1,7,29.498368419393955
1,8,1556.8528782018439
1,9,236.93528005166718
1,10,2130.8117993175656
1,11,1456.7204894368151
1,12,0.0
1,13,29.155526295907293
1,14,0.0
1,15,1148.9256418719415
1,16,0.0
1,17,0.0
1,18,0.0
1,19,1638.5288037568607
1,20,1346.890717927039
1,21,0.0
1,22,2052.279524570986
1,23,0.0
1,24,0.0
1,25,0.0
1,26,2130.8117993175656
1,27,0.0
1,28,0.0
1,29,0.0
1,30,26360.17248175451
1,31,59.84634736213775
1,32,15955.15996179836
1,33,0.0
1,34,4760.270622851902
1,35,1665.7092393929306
1,36,1360.1903318606383
1,37,1248.1692483557235
1,38,0.0
1,39,0.0
1,40,18935.38784946032
1,41,9976.108699613982
1,42,1760.8735110582165
1,43,0.0
1,44,4087.5491922825404
1,45,0.0
1,46,0.0
1,47,0.0
1,48,1681.2280457118613
1,49,1795.75850728785
1,50,0.0
1,51,0.0
1,52,35.34122865464451
1,53,0.0
1,54,14.424789496577432
1,55,16418.80274944154
1,56,3426.847245321039
1,57,0.0
1,58,20877.327666432833
1,59,55.19826366845973
1,60,6.97847222859491
1,61,0.0
1,62,0.0
1,63,9.30509477159012
1,64,2764.2962482820094
1,65,0.0
1,66,1653.2436657239996
1,67,12326.820426433613
1,68,0.0
1,69,0.0
1,70,2.664398029687618
1,71,1662.3778236165635
1,72,0.0
1,73,1486.9021087532674
1,74,0.0
1,75,1739.2550681290086
1,76,18.451416007408625
1,77,0.0
1,78,21596.8473922148
1,79,24.4174851910484
1,80,0.0
1,81,20940.336536782852
1,82,0.0
1,83,1.7791875180764691
1,84,0.0
1,85,1459.090611159223
1,86,11566.627226835126
1,87,0.0
1,88,0.0
1,89,0.0
1,90,30.818272312283625
1,91,0.0
1,92,0.0
1,93,0.0
1,94,19.556078186557897
1,95,0.0
1,96,0.0
1,97,0.0
1,98,2126.3577851228292
1,99,26.8468609370957
1,100,1506.656482421553
1,101,0.0
1,102,0.0
1,103,18.734041671348677
1,104,40.35379544290845
1,105,0.0
1,106,0.0
1,107,0.0
1,108,10.025779297758163
1,109,12767.627528508474
1,110,12732.647592486188
1,111,0.0
1,112,1610.9012792814465
1,113,0.0
1,114,0.0
1,115,0.0
1,116,3.355179664462412
1,117,0.0
1,118,3346.850475091971
1,119,0.0
1,120,0.0
1,121,10.215987012896221
1,122,0.0
1,123,0.0
1,124,0.0
1,125,14088.321367168412
1,126,0.0
1,127,0.0
1,128,1685.0959579005103
1,129,0.0
1,130,0.0
1,131,0.0
1,132,0.0
1,133,20698.08197856304
1,134,0.0
1,135,0.0
1,136,12755.306557263866
1,137,0.0
1,138,0.0
1,139,0.0
1,140,0.0
1,141,0.0
1,142,1506.6996522257032
1,143,0.0
1,144,13.197682768332925
1,145,1347.9575229787442
1,146,8.416684781725962
1,147,0.0
1,148,0.0
1,149,0.0
1,150,0.0
1,151,18.918755646608588
1,152,0.0
1,153,2125.1368011967497
1,154,0.0
1,155,0.0
1,156,14601.273444874862
1,157,1801.7731394053335
1,158,18808.175686377675
1,159,11.569629915475161
1,160,0.0
1,161,0.0
1,162,0.0
1,163,4041.5235891463817
1,164,23.72048280387662
1,165,0.0
1,166,4883.938065005006
1,167,0.0
1,168,55.241716510267906
1,169,11.872874899167982
1,170,0.0
1,171,0.0
1,172,0.0
1,173,0.0
1,174,18605.258026099968
1,175,0.0
1,176,0.0
1,177,0.0
1,178,0.0
1,179,0.0
1,180,1537.4765423390163
1,181,0.0
1,182,0.0
1,183,0.0
1,184,0.0
1,185,17565.23029650102
1,186,328.5759227546214
1,187,2774.3072016574797
1,188,10.207330041611385
1,189,0.0
1,190,0.0
1,191,9.031927386069583
1,192,0.0
1,193,0.0
1,194,46371.76336044391
1,195,0.0
1,196,0.0
1,197,0.0
1,198,1460.4510556331006
1,199,10.374118510500011
1,200,0.0
1,201,0.0
1,202,0.0
1,203,0.0
1,204,0.0
1,205,0.0
1,206,0.0
1,207,0.0
1,208,0.0
1,209,28840.254927861228
1,210,0.0
1,211,0.0
1,212,0.0
1,213,0.0
1,214,87019.61249465086
1,215,0.0
1,216,0.0
1,217,0.0
1,218,328.5508931759914
1,219,10.025779297758163
1,220,1534.5604045987202
1,221,0.0
1,222,0.0
1,223,0.0
1,224,0.0
1,225,1717.4491914411847
1,226,1653.1710363422753
1,227,10.28484775416382
1,228,0.0
1,229,0.0
1,230,1830.2488928259372
1,231,0.0
1,232,0.0
1,233,0.0
1,234,0.0
1,235,0.0
1,236,0.0
1,237,1488.6891422858134
1,238,0.0
1,239,0.0
1,240,0.0
1,241,3350.392712785372
1,242,1235.4396558599492
1,243,0.0
1,244,11.4328284301846
1,245,18.87429342795531
1,246,22.386298563489618
1,247,0.0
1,248,0.0
1,249,0.0
1,250,1775.9626986854964
1,251,0.0
1,252,0.0
1,253,0.0
1,254,18.515438954596902
1,255,0.0
1,256,27.62260551851432
1,257,0.0
1,258,0.0
1,259,0.0
1,260,22061.911171119995
1,261,1653.5213943832532
1,262,0.0
1,263,0.0
1,264,27.62260551851432
1,265,0.0
1,266,14531.17687816276
1,267,20915.241206758583
1,268,22244.457128483205
1,269,0.0
1,270,0.0
1,271,3.3576898838691704
1,272,21584.592611161126
1,273,17.166202578539014
1,274,0.0
1,275,0.0
1,276,0.0
1,277,25.53476655718896
1,278,0.0
1,279,0.0
1,280,1673.6288235191132
1,281,14857.686138594476
1,282,1.5563301296178906
1,283,5704.961412964709
1,284,0.0
1,285,0.0
1,286,0.0
1,287,0.0
1,288,2738.6888780513727
1,289,0.0
1,290,10.374118510500011
1,291,0.0
1,292,1348.1038672195536
1,293,2125.742697353071
1,294,0.0
1,295,0.0
1,296,0.0
1,297,1677.0841502851617
1,298,26.8468609370957
1,299,0.0
1,300,0.0
1,301,0.0
1,302,1577.2442723630338
1,303,0.0
1,304,12210.184501054857
1,305,0.0
1,306,1523.1464693259113
1,307,0.0
1,308,0.0
1,309,0.0
1,310,0.0
1,311,0.0
1,312,20963.059155042756
1,313,23.716646100439903
1,314,204.4059324555883
1,315,0.0
1,316,16409.247828982832
1,317,20.767540471147186
1,318,9991.592796941331
1,319,0.0
1,320,31.485907833559395
1,321,0.0
1,322,17884.08620638343
1,323,8302.670159887715
1,324,10.350805227653836
1,325,0.0
1,326,14.790185142089285
1,327,29.353357598282855
1,328,34.80479548986932
1,329,63919.96895509158
1,330,0.0
1,331,1662.3098109514722
1,332,0.0
1,333,0.0
1,334,0.0
1,335,10.374118510500011
1,336,0.0
1,337,10.550730188120724
1,338,2131.643619536513
1,339,0.0
1,340,0.0
1,341,0.0
1,342,0.0
1,343,1486.8728255972746
1,344,2774.3072016574797
1,345,0.0
1,346,0.0
1,347,0.0
1,348,0.0
1,349,27376.467147160947
1,350,28.06794107873975
1,351,0.0
1,352,1346.890717927039
1,353,0.0
1,354,0.0
1,355,1610.8573688644756
1,356,0.0
1,357,43.898062004130225
1,358,0.0
1,359,0.0
1,360,0.0
1,361,0.0
1,362,1610.956363456964
1,363,9823.990706502776
1,364,0.0
1,365,2.905136472565573
1,366,0.0
1,367,0.0
1,368,0.0
1,369,0.0
1,370,1610.848150309248
1,371,2739.2409978825963
1,372,0.0
1,373,0.0
1,374,8.656627357485377
1,375,1611.0964031032854
1,376,0.0
1,377,1717.4014024528842
1,378,0.0
1,379,1459.2909807778415
1,380,0.0
1,381,0.0
1,382,0.0
1,383,0.0
1,384,9.30509477159012
1,385,0.0
1,386,7.918247894277556
1,387,40628.86192611101
1,388,0.0
1,389,1824.0414119661
1,390,0.0
1,391,0.0
1,392,0.0
1,393,0.0
1,394,3205.9073976636864
1,395,1667.0147891060878
1,396,0.0
1,397,0.0
1,398,24.020269593379453
1,399,0.0
1,400,0.0
1,401,12290.868696312464
1,402,390.57200062481206
1,403,0.0
1,404,1650.207458748122
1,405,1346.890717927039
1,406,1700.4786720200282
1,407,0.0
1,408,0.0
1,409,0.0
1,410,27.1936844704951
1,411,1552.6286739453972
1,412,9623.331321464007
1,413,0.0
1,414,112.71826842099472
1,415,0.0
1,416,9461.066910340363
1,417,0.0
1,418,1801.113889355689
1,419,0.0
1,420,0.0
1,421,0.0
1,422,0.0
1,423,86263.62042333836
1,424,12.534156990553129
1,425,0.0
1,426,0.0
1,427,0.0
1,428,0.0
1,429,0.0
1,430,1346.890717927039
1,431,1534.4550024847777
1,432,0.0
1,433,0.0
1,434,0.0
1,435,35.48953757678919
1,436,0.0
1,437,0.0
1,438,28.06794107873975
1,439,2119.882298354969
1,440,20940.336536782852
1,441,0.0
1,442,1459.090611159223
1,443,0.0
1,444,2066.50353034034
1,445,8.741929323658042
1,446,0.0
1,447,192.16748706957878
1,448,20.868250972075657
1,449,0.0
1,450,12759.692211488573
1,451,1958.3648158291617
1,452,16.53375550709734
1,453,0.0
1,454,0.0
1,455,0.0
1,456,0.0
1,457,0.0
1,458,3319.8807642747124
1,459,28.619081879269288
1,460,1347.9575229787442
1,461,36.18647331679949
1,462,399.97752974633113
1,463,0.0
1,464,1486.9922188717028
1,465,35.907605137039354
1,466,18.922693747161247
1,467,87.74543711529441
1,468,0.0
1,469,0.0
1,470,0.0
1,471,2076.5548810517575
1,472,0.0
1,473,22.96965438121788
1,474,0.0
1,475,0.0
1,476,1380.0814054796174
1,477,50.82800469609174
1,478,0.0
1,479,0.0
1,480,0.0
1,481,0.0
1,482,3324.8132672931206
1,483,20769.718766705188
1,484,1666.8967825838445
1,485,0.0
1,486,34239.9422487698
1,487,0.0
1,488,0.0
1,489,1.4793182496086956
1,490,10.374118510500011
1,491,4884.047879206333
1,492,25.531550971544675
1,493,0.0
1,494,0.0
1,495,2076.5548810517575
1,496,0.0
1,497,9.818556475122932
1,498,4760.270622851902
1,499,29.21277123913751
1,500,0.0
1,501,22793.408063700932
1,502,0.0
1,503,1652.9134511330958
1,504,0.0
1,505,0.0
1,506,0.0
1,507,0.0
1,508,1610.9825024038182
1,509,30.168744942920057
1,510,0.0
1,511,10.374118510500011
2,0,18.36646414883853
2,1,15.387983501014787
2,2,28.619081879269288
2,3,12.655463197089375
2,4,20.991389696702754
2,5,12.338976432331947
2,6,0.0
2,7,0.0
2,8,23.83313656593873
2,9,0.0
2,10,0.0
2,11,1.6247419212168097
2,12,0.0
2,13,2132.5294577675413
2,14,73726.40178130008
2,15,25.059950938689326
2,16,0.0
2,17,16.48547114851317
2,18,0.0
2,19,1751.8563829806926
2,20,28.619081879269288
2,21,35.23659854017569
2,22,26.50256809189068
2,23,14869.03697643616
2,24,24.73254566590731
2,25,3.3601172819917338
2,26,26.8468609370957
2,27,0.0
2,28,1461.004686125325
2,29,0.0
2,30,0.0
2,31,26.762559018304273
2,32,30.796460542248496
2,33,0.0
2,34,25.36676735669971
2,35,0.0
2,36,537.4626734274807
2,37,0.0
2,38,0.0
2,39,0.0
2,40,25.978139589797138
2,41,0.0
2,42,0.0
2,43,0.0
2,44,1459.090611159223
2,45,0.0
2,46,0.0
2,47,1635.7368199951452
2,48,0.0
2,49,0.0
2,50,1578.8044971545605
2,51,1461.004686125325
2,52,0.0
2,53,23305.093080855924
2,54,0.0
2,55,1327.9018242868906
2,56,0.0
2,57,34.6865542481537
2,58,0.0
2,59,0.0
2,60,23.841237544184878
2,61,0.0
2,62,57.60456604874162
2,63,24.428486670648454
2,64,0.0
2,65,529.6990298064184
2,66,9.872891045913093
2,67,0.0
2,68,0.0
2,69,23.716646100439903
2,70,28.46119058753993
2,71,0.0
2,72,1457.958436734334
2,73,0.0
2,74,81.69530237649542
2,75,669.4630481265594
2,76,0.0
2,77,0.0
2,78,0.0
2,79,20.639971181002693
2,80,27.148610044497218
2,81,36.191792633385376
2,82,34.80479548986932
2,83,1650.207458748122
2,84,29.449779392648452
2,85,24.779939731685772
2,86,26.8468609370957
2,87,27.686551480693197
2,88,0.0
2,89,1652.936906253235
2,90,0.0
2,91,0.0
2,92,0.0
2,93,0.0
2,94,0.0
2,95,8.251226109176969
2,96,335.14070743420416
2,97,36.191792633385376
2,98,1426.359827539979
2,99,530.4456980125442
2,100,0.0
2,101,0.0
2,102,30.21006725159441
2,103,0.0
2,104,0.0
2,105,0.0
2,106,17.86311037876567
2,107,1.548412923531032
2,108,0.0
2,109,2.5989470468630316
2,110,79555.40384526702
2,111,20.851506451949717
2,112,0.0
2,113,65763.27281744851
2,114,0.0
2,115,33.31029094288351
2,116,35.666300522009806
2,117,0.0
2,118,0.0
2,119,0.0
2,120,0.0
2,121,0.0
2,122,0.0
2,123,55469.573386154545
2,124,18.36646414883853
2,125,0.0
2,126,25.68014165880959
2,127,7832.509079022915
2,128,8.465078243859352
2,129,28.007245333466017
2,130,147.75770898903102
2,131,0.0
2,132,0.0
2,133,25104.774001133577
2,134,6579.366744298043
2,135,0.0
2,136,11.834611433916507
2,137,0.0
2,138,58.46873379417775
2,139,37.16243024602318
2,140,0.0
2,141,767.0464654353636
2,142,0.0
2,143,1650.1590652289997
2,144,0.0
2,145,28.06794107873975
2,146,0.0
2,147,28.662191287614405
2,148,17.58194992764129
2,149,34.59895454074467
2,150,0.0
2,151,0.0
2,152,21.26846701613431
2,153,0.0
2,154,14.57743499064054
2,155,0.0
2,156,0.0
2,157,0.0
2,158,0.0
2,159,1717.3107494236137
2,160,1865.4804479487939
2,161,0.0
2,162,0.0
2,163,0.0
2,164,1397.7796022096481
2,165,0.0
2,166,1635.7368199951452
2,167,31.6315833548897
2,168,3557.135172733768
2,169,0.0
2,170,28.619081879269288
2,171,17.166202578539014
2,172,57825.01325291147
2,173,16.08613655344743
2,174,24.3592723151296
2,175,17.3016914784821
2,176,13.87488828991627
2,177,0.0
2,178,0.0
2,179,18.085373835268
2,180,0.0
2,181,0.0
2,182,0.0
2,183,28.199642435080023
2,184,0.0
2,185,1462.029917762491
2,186,38.24449127126809
2,187,1458.5798492597205
2,188,1.6544290157053183
2,189,24.30820380579371
2,190,0.0
2,191,7.602122531585337
2,192,2076.5548810517575
2,193,1674.2262279450042
2,194,53772.51209296494
2,195,11.472135133108168
2,196,0.0
2,197,0.0
2,198,35.76218268241155
2,199,18.86226765698484
2,200,21.989031814288865
2,201,151.30701720373872
2,202,0.0
2,203,23.716646100439903
2,204,2.905136472565573
2,205,0.0
2,206,0.0
2,207,54.857867473159786
2,208,0.0
2,209,0.0
2,210,0.0
2,211,41.23957542456719
2,212,0.0
2,213,0.0
2,214,0.0
2,215,0.0
2,216,0.0
2,217,874.6477609753747
2,218,0.0
2,219,26.586216802254967
2,220,1650.5705322884387
2,221,27.79167086383768
2,222,0.0
2,223,24.147056194367906
2,224,0.0
2,225,0.0
2,226,0.0
2,227,32.73815062675749
2,228,6577.710434161874
2,229,23.68484720368997
2,230,0.0
2,231,8.539399454446539
2,232,0.0
2,233,18.36646414883853
2,234,0.0
2,235,38.287450028911735
2,236,1457.001601777305
2,237,0.0
2,238,1459.1453220380463
2,239,36.66089654351981
2,240,17.105398140596662
2,241,0.0
2,242,1104.5461157916934
2,243,0.0
2,244,20.574037470623807
2,245,11594.13569256004
2,246,0.0
2,247,0.0
2,248,35.907605137039354
2,249,0.0
2,250,0.0
2,251,0.0
2,252,11.695319961942914
2,253,0.0
2,254,21.007363552155766
2,255,26.906945963108228
2,256,1824.0414119661
2,257,27.04976509972039
2,258,23.25350256983893
2,259,112.18705351676454
2,260,0.0
2,261,29.407467904604346
2,262,0.0
2,263,2.5989470468630316
2,264,0.0
2,265,9.081508650055184
2,266,2132.5294577675413
2,267,15.18279751276441
2,268,0.0
2,269,0.0
2,270,0.0
2,271,0.0
2,272,0.0
2,273,3.3676783949276796
2,274,68.80091649241513
2,275,0.0
2,276,37.38531412883276
2,277,34.59895454074467
2,278,0.0
2,279,0.0
2,280,582.348193162602
2,281,0.0
2,282,1824.0414119661
2,283,26.66300831265744
2,284,0.0
2,285,0.0
2,286,25.12380628115534
2,287,10.208745478386845
2,288,0.0
2,289,0.0
2,290,37.54303345259086
2,291,0.0
2,292,0.0
2,293,48.32150769229975
2,294,14.614853498608682
2,295,0.0
2,296,12.834952091788182
2,297,0.0
2,298,20698.08197856304
2,299,10.025701646148264
2,300,0.0
2,301,152.97407440902225
2,302,34.80479548986932
2,303,0.0
2,304,36.65432965202763
2,305,18.516878507943147
2,306,38.101744441093615
2,307,27757.908479338537
2,308,34.65829430492158
2,309,1576.7426738517534
2,310,1461.004686125325
2,311,27.58417493511388
2,312,0.0
2,313,0.0
2,314,0.0
2,315,0.0
2,316,1717.3561951487172
2,317,0.0
2,318,17.756289292641668
2,319,37.71252824525436
2,320,1.6811064186795193
2,321,0.0
2,322,5511.353217319791
2,323,0.0
2,324,0.0
2,325,0.0
2,326,36.65945138297775
2,327,44.98924350528705
2,328,0.0
2,329,9.932781833867011
2,330,25.044949540505513
2,331,0.0
2,332,34.80479548986932
2,333,27.645123764222262
2,334,0.0
2,335,0.0
2,336,18.165843219193448
2,337,0.0
2,338,1650.207458748122
2,339,0.0
2,340,0.0
2,341,17.166202578539014
2,342,29.421079193135483
2,343,0.0
2,344,0.0
2,345,0.0
2,346,23.716646100439903
2,347,27.645123764222262
2,348,0.0
2,349,26.838972630692297
2,350,0.0
2,351,39.315229362810896
2,352,0.0
2,353,25.044949540505513
2,354,1650.085323187941
2,355,16.46331040532641
2,356,0.0
2,357,37.33449841660422
2,358,1674.3387044130359
2,359,0.0
2,360,0.0
2,361,8.39401026066389
2,362,0.0
2,363,0.0
2,364,24.39279161480954
2,365,1650.4594855462456
2,366,525.6599069329595
2,367,17.3016914784821
2,368,0.0
2,369,20.730281981875123
2,370,11.180456220627093
2,371,0.0
2,372,28.601559248098965
2,373,26.8468609370957
2,374,311.38216645146986
2,375,0.0
2,376,27.620154435385302
2,377,0.0
2,378,0.0
2,379,21.847539177922044
2,380,0.0
2,381,25.92225764023715
2,382,1460.5234277144336
2,383,1576.1553950151792
2,384,0.0
2,385,0.0
2,386,1461.85300992044
2,387,0.0
2,388,27.806595186250888
2,389,0.0
2,390,0.0
2,391,14.019333244526933
2,392,0.0
2,393,0.0
2,394,8.733420047512482
2,395,53.62602596458146
2,396,0.0
2,397,23.716646100439903
2,398,19.104527729562506
2,399,0.0
2,400,0.0
2,401,14.57743499064054
2,402,0.0
2,403,3.61498765108081
2,404,216.11298728139172
2,405,0.0
2,406,0.0
2,407,0.0
2,408,3.3555158871040476
2,409,1455.1625678943856
2,410,27.810886039820616
2,411,4394.6795757204
2,412,2.581795819767649
2,413,9.582123644449894
2,414,0.0
2,415,20.794869255234516
2,416,27.389719509573297
2,417,0.0
2,418,26.61312735579304
2,419,0.0
2,420,15.117141749064103
2,421,36.946750317219994
2,422,44.02691689173571
2,423,0.0
2,424,0.0
2,425,14.57743499064054
2,426,2.623285190255956
2,427,2739.2409978825963
2,428,1457.9624294186942
2,429,0.0
2,430,1650.370115022797
2,431,2132.6595095345765
2,432,0.0
2,433,1665.7142893105665
2,434,29.647332218015436
2,435,24.254515786049524
2,436,1576.7139194869815
2,437,28.662191287614405
2,438,8.416684781725962
2,439,0.0
2,440,0.0
2,441,183.44438981275835
2,442,14.57743499064054
2,443,2075.663320112715
2,444,0.0
2,445,16.5193439545601
2,446,1576.7477838228806
2,447,0.0
2,448,0.0
2,449,0.0
2,450,23.83313656593873
2,451,0.0
2,452,0.0
2,453,0.0
2,454,0.0
2,455,17.527132444116432
2,456,9.031927386069583
2,457,0.0
2,458,71346.68464164258
2,459,278.3894223322759
2,460,0.0
2,461,0.0
2,462,0.0
2,463,10.02602046030006
2,464,17.118400199602547
2,465,52.2781629582787
2,466,27.645123764222262
2,467,0.0
2,468,0.0
2,469,1576.3162271019828
2,470,13.864397967291552
2,471,4362.405170453494
2,472,0.0
2,473,35.171470067444716
2,474,35.76218268241155
2,475,55.24069105016224
2,476,0.0
2,477,0.0
2,478,20.437663115154464
2,479,0.0
2,480,0.0
2,481,34.80479548986932
2,482,0.0
2,483,0.0
2,484,0.0
2,485,21.718509652380817
2,486,59.521072116963296
2,487,3.296379370228351
2,488,0.0
2,489,0.0
2,490,0.0
2,491,1665.4884820800871
2,492,455.6056804615
2,493,0.0
2,494,0.0
2,495,0.0
2,496,27.148610044497218
2,497,16.46331040532641
2,498,19.001936109214512
2,499,1.6571086342182753
2,500,0.0
2,501,22.35309843993491
2,502,0.0
2,503,522.1727267776796
2,504,28.662191287614405
2,505,0.0
2,506,1717.4849272627544
2,507,0.0
2,508,29.849330411646406
2,509,8.952777751920621
2,510,0.0
2,511,0.0
3,0,34.80479548986932
3,1,28.999951900084852
3,2,0.0
3,3,0.0
3,4,72946.50925804995
3,5,0.0
3,6,0.0
3,7,28.91613881822923
3,8,0.0
3,9,1650.4249959262015
3,10,2123.634278165515
3,11,2123.593759258645
3,12,25.23217343592114
3,13,33.29093954596647
3,14,2130.9407596768506
3,15,38.619500876512575
3,16,16.483455132204654
3,17,18.615348121251373
3,18,32.76137364091937
3,19,28.662191287614405
3,20,0.0
3,21,0.0
3,22,0.0
3,23,0.0
3,24,0.0
3,25,39.43453640025109
3,26,0.0
3,27,6610.508909436845
3,28,0.0
3,29,32.87814961595723
3,30,0.0
3,31,0.0
3,32,0.0
3,33,27.645123764222262
3,34,33.638148270159945
3,35,1457.5642402825288
3,36,1577.3637481554288
3,37,4383.090692339222
3,38,24.900187553101205
3,39,1717.6072608630384
3,40,373.8803826074909
3,41,0.0
3,42,37.46992904056151
3,43,0.0
3,44,20.741391940801805
3,45,0.0
3,46,0.0
3,47,0.0
3,48,0.0
3,49,0.0
3,50,52.2781629582787
3,51,0.0
3,52,20.658918827885827
3,53,37.94894869607924
3,54,0.0
3,55,0.0
3,56,1460.2828733925598
3,57,0.0
3,58,0.0
3,59,23.42595150548459
3,60,26.213611583468264
3,61,23.4324179188352
3,62,39.43453640025109
3,63,0.0
3,64,0.0
3,65,302.6980073606437
3,66,0.0
3,67,28.662191287614405
3,68,46.5144462578055
3,69,0.0
3,70,0.0
3,71,17.637316873767304
3,72,28.93064371503715
3,73,0.0
3,74,24.4823490948811
3,75,27.1936844704951
3,76,28.662191287614405
3,77,28.619081879269288
3,78,0.0
3,79,28.619081879269288
3,80,0.0
3,81,28.2616064033964
3,82,0.0
3,83,19.950373564471192
3,84,0.0
3,85,18.51754922494456
3,86,0.0
3,87,0.0
3,88,83.9106585059526
3,89,0.0
3,90,1560.4474615127729
3,91,0.0
3,92,0.0
3,93,0.0
3,94,28.71904011942297
3,95,0.0
3,96,0.0
3,97,0.0
3,98,15.29693997166487
3,99,26.330737524714095
3,100,34.80479548986932
3,101,2078.346688722624
3,102,0.0
3,103,35.59042594788298
3,104,0.0
3,105,27.588490842085776
3,106,31.6315833548897
3,107,0.0
3,108,173.12527108902577
3,109,0.0
3,110,16.5733307896744
3,111,0.0
3,112,0.0
3,113,1717.6825426578107
3,114,0.0
3,115,26.73363126984532
3,116,9.001382383165037
3,117,0.0
3,118,0.0
3,119,34.80479548986932
3,120,0.0
3,121,0.0
3,122,0.0
3,123,20.09808266669097
3,124,0.0
3,125,37.410116479408316
3,126,2327.026577188206
3,127,34.80479548986932
3,128,13510.8110343806
3,129,1460.633108333528
3,130,0.0
3,131,0.0
3,132,0.0
3,133,17.492952342004173
3,134,73995.55498207654
3,135,24.779939731685772
3,136,39.43453640025109
3,137,13.233726265636506
3,138,0.0
3,139,55.786412678240595
3,140,34.80479548986932
3,141,24.160401009135967
3,142,0.0
3,143,23.954393011100365
3,144,0.0
3,145,11.743275362727218
3,146,0.0
3,147,0.0
3,148,0.0
3,149,30.796460542248496
3,150,0.0
3,151,0.0
3,152,34.80479548986932
3,153,28.619081879269288
3,154,0.0
3,155,0.0
3,156,0.0
3,157,26.980643131371835
3,158,0.0
3,159,0.0
3,160,0.0
3,161,0.0
3,162,27.810886039820616
3,163,32.65508157666682
3,164,0.0
3,165,34.80479548986932
3,166,0.0
3,167,24.45286412709993
3,168,0.0
3,169,23.876644231864702
3,170,28.619081879269288
3,171,0.0
3,172,0.0
3,173,1459.328039051401
3,174,0.0
3,175,0.0
3,176,0.0
3,177,21.064026913438283
3,178,0.0
3,179,0.0
3,180,28.102378781064544
3,181,0.0
3,182,34.58282390678869
3,183,0.0
3,184,0.0
3,185,27.645123764222262
3,186,1650.362107612018
3,187,0.0
3,188,43.839118074619364
3,189,0.0
3,190,0.0
3,191,0.0
3,192,11.216241384259774
3,193,89.07930242349903
3,194,0.0
3,195,0.0
3,196,2123.5389811426903
3,197,34.80479548986932
3,198,0.0
3,199,28.619081879269288
3,200,41.59445649780355
3,201,39.43453640025109
3,202,0.0
3,203,2143.451329598978
3,204,0.0
3,205,1717.6807383411433
3,206,0.0
3,207,23385.229610307924
3,208,28.617570779143534
3,209,24.046193930078516
3,210,0.0
3,211,0.0
3,212,0.0
3,213,0.0
3,214,0.0
3,215,0.0
3,216,34.80479548986932
3,217,0.0
3,218,1459.0033230470108
3,219,27.424099533545814
3,220,26.980643131371835
3,221,0.0
3,222,0.0
3,223,0.0
3,224,0.0
3,225,23384.153735407886
3,226,0.0
3,227,0.0
3,228,0.0
3,229,0.0
3,230,0.0
3,231,35.57915619417872
3,232,17.87661452183238
3,233,240.25600538109757
3,234,28.619081879269288
3,235,192.88907408254727
3,236,0.0
3,237,0.0
3,238,0.0
3,239,24.779939731685772
3,240,0.0
3,241,0.0
3,242,0.0
3,243,0.0
3,244,0.0
3,245,0.0
3,246,27.22185661076128
3,247,34.80479548986932
3,248,25.032031205204476
3,249,0.0
3,250,0.0
3,251,0.0
3,252,0.0
3,253,0.0
3,254,2123.593759258645
3,255,1717.8447889989948
3,256,0.0
3,257,1457.677708826839
3,258,29.017259810737414
3,259,679.6799305268787
3,260,0.0
3,261,0.0
3,262,0.0
3,263,0.0
3,264,25.89655661258621
3,265,0.0
3,266,0.0
3,267,0.0
3,268,20652.170695684115
3,269,35.17329620301007
3,270,6653.203340659303
3,271,0.0
3,272,30.796460542248496
3,273,28.619081879269288
3,274,27.619412701191322
3,275,27.48831428606354
3,276,0.0
3,277,1474.8484063014257
3,278,1451.3412174928453
3,279,1164.8188938810663
3,280,1556.1209795285904
3,281,30.796460542248496
3,282,0.0
3,283,4565.32235966559
3,284,43.839118074619364
3,285,23.437278855243676
3,286,0.0
3,287,29.074025303366398
3,288,0.0
3,289,0.0
3,290,28.785394241976974
3,291,0.0
3,292,2130.9407596768506
3,293,0.0
3,294,0.0
3,295,0.0
3,296,35.90630688473357
3,297,48.29892971310437
3,298,0.0
3,299,0.0
3,300,17.675642137741306
3,301,47.71052162106025
3,302,0.0
3,303,38.06627037696762
3,304,37.95910304096924
3,305,2123.621896169454
3,306,0.0
3,307,28.619081879269288
3,308,0.0
3,309,75892.18136774554
3,310,0.0
3,311,37.16243024602318
3,312,27.645123764222262
3,313,0.0
3,314,20661.392128188993
3,315,845.2436411936342
3,316,21.783130739618173
3,317,1803.2373902830186
3,318,0.0
3,319,18.252411289006886
3,320,23.785691474960913
3,321,2125.4948754979996
3,322,0.0
3,323,28.22279026635897
3,324,0.0
3,325,34.80479548986932
3,326,0.0
3,327,30.796460542248496
3,328,47.71052162106025
3,329,0.0
3,330,0.0
3,331,38.06627037696762
3,332,52.2781629582787
3,333,0.0
3,334,0.0
3,335,0.0
3,336,16.53875455047546
3,337,39.17926129033549
3,338,0.0
3,339,0.0
3,340,0.0
3,341,0.0
3,342,20.88315013590909
3,343,24.65286351429404
3,344,1717.479817366886
3,345,32.64196815204559
3,346,39.73038285954408
3,347,28.63282089454151
3,348,34.80479548986932
3,349,0.0
3,350,499.4516653844548
3,351,27.066201963349158
3,352,16.483455132204654
3,353,68.76329240087125
3,354,29.017259810737414
3,355,16.483455132204654
3,356,37.95333854153432
3,357,2125.1389755423734
3,358,0.0
3,359,57753.13460474325
3,360,0.0
3,361,28.886822584162474
3,362,27.040967990174067
3,363,28.617570779143534
3,364,37.16243024602318
3,365,176.0276122080213
3,366,1650.494509415119
3,367,1459.6647677432193
3,368,35.65412614248453
3,369,0.0
3,370,1577.4317535578266
3,371,2128.6827046476574
3,372,19.97821354131065
3,373,26.531710425016172
3,374,1577.2668849071524
3,375,0.0
3,376,56280.55560334141
3,377,0.0
3,378,0.0
3,379,1650.015844982332
3,380,17767.373432839995
3,381,0.0
3,382,30.796460542248496
3,383,0.0
3,384,0.0
3,385,0.0
3,386,28.252047326345746
3,387,0.0
3,388,0.0
3,389,28.662191287614405
3,390,20676.829016732983
3,391,0.0
3,392,27.645123764222262
3,393,17553.865466996438
3,394,119.76568656574636
3,395,675.8672573060994
3,396,0.0
3,397,20.72574822783372
3,398,1462.4111617203016
3,399,0.0
3,400,0.0
3,401,29.895054594587236
3,402,0.0
3,403,57.571474321397545
3,404,37.410116479408316
3,405,28.93064371503715
3,406,0.0
3,407,26.983260673671793
3,408,25.914309394398515
3,409,0.0
3,410,11368.506627422841
3,411,0.0
3,412,40.06536481196963
3,413,0.0
3,414,1717.0984389356381
3,415,0.0
3,416,39.43453640025109
3,417,34.58282390678869
3,418,0.0
3,419,11.505663336694852
3,420,0.0
3,421,30.796460542248496
3,422,28.93064371503715
3,423,0.0
3,424,28.662191287614405
3,425,0.0
3,426,1650.370115022797
3,427,0.0
3,428,65491.13759517652
3,429,28.676572679071796
3,430,37.015850846876674
3,431,0.0
3,432,0.0
3,433,0.0
3,434,86141.33139944618
3,435,0.0
3,436,0.0
3,437,140.63862138218246
3,438,29.50546190707064
3,439,0.0
3,440,0.0
3,441,0.0
3,442,1674.4674394846697
3,443,28.095700836111973
3,444,32.080332271119914
3,445,1576.5935524854503
3,446,37.99132135756554
3,447,0.0
3,448,40.06536481196963
3,449,0.0
3,450,0.0
3,451,1576.7373833307793
3,452,52.2781629582787
3,453,0.0
3,454,0.0
3,455,0.0
3,456,28.896837338847035
3,457,1683.4308219770464
3,458,0.0
3,459,0.0
3,460,0.0
3,461,0.0
3,462,26389.742550114144
3,463,23.83313656593873
3,464,0.0
3,465,24.489085355315183
3,466,30.910553217702727
3,467,25.044949540505513
3,468,0.0
3,469,0.0
3,470,0.0
3,471,39.43453640025109
3,472,0.0
3,473,18.034663252244172
3,474,1717.3561951487172
3,475,34.80479548986932
3,476,0.0
3,477,17.412772825142383
3,478,30.796460542248496
3,479,0.0
3,480,2340.809793027791
3,481,2125.1389755423734
3,482,0.0
3,483,25.14312847869678
3,484,0.0
3,485,35.98809602052734
3,486,0.0
3,487,29410.27848652942
3,488,0.0
3,489,31.6315833548897
3,490,0.0
3,491,0.0
3,492,0.0
3,493,0.0
3,494,0.0
3,495,10.46828785100115
3,496,39.43453640025109
3,497,0.0
3,498,30.796460542248496
3,499,23.352508618556385
3,500,0.0
3,501,30.796460542248496
3,502,1459.344092261992
3,503,0.0
3,504,1458.0544102491258
3,505,1929.1531797828793
3,506,0.0
3,507,0.0
3,508,0.0
3,509,28.69404972976008
3,510,0.0
3,511,0.0
4,0,1927.8804663572992
4,1,0.0
4,2,37.629052431790114
4,3,0.0
4,4,0.0
4,5,0.0
4,6,27.403987505799705
4,7,0.0
4,8,17.266725658640098
4,9,0.0
4,10,0.0
4,11,0.0
4,12,42.243361767767055
4,13,0.0
4,14,39.43453640025109
4,15,39.43453640025109
4,16,3008.460326130382
4,17,61920.85271422672
4,18,0.0
4,19,0.0
4,20,24.779939731685772
4,21,0.0
4,22,42.27948539884619
4,23,0.0
4,24,0.0
4,25,29.08755194195419
4,26,0.0
4,27,30.796460542248496
4,28,34.80479548986932
4,29,0.0
4,30,0.0
4,31,30.796460542248496
4,32,0.0
4,33,39.43453640025109
4,34,0.0
4,35,0.0
4,36,0.0
4,37,0.0
4,38,41.794926473598935
4,39,0.0
4,40,0.0
4,41,0.0
4,42,0.0
4,43,2128.689886169079
4,44,34.69131181081866
4,45,47.78714015050264
4,46,0.0
4,47,30.796460542248496
4,48,0.0
4,49,34.80479548986932
4,50,30.796460542248496
4,51,1793.3321343397583
4,52,0.0
4,53,37.015850846876674
4,54,2129.435206680133
4,55,1717.6123315149707
4,56,39.43453640025109
4,57,0.0
4,58,33.638148270159945
4,59,21.064026913438283
4,60,0.0
4,61,0.0
4,62,1436.4556826590815
4,63,0.0
4,64,30.14542725710271
4,65,11.109102835694102
4,66,0.0
4,67,0.0
4,68,0.0
4,69,30.796460542248496
4,70,0.0
4,71,162.9856558375168
4,72,21128.20297828579
4,73,29.017259810737414
4,74,0.0
4,75,0.0
4,76,0.0
4,77,35.98809602052734
4,78,0.0
4,79,34.55016418890318
4,80,0.0
4,81,34.58282390678869
4,82,0.0
4,83,30.14542725710271
4,84,0.0
4,85,0.0
4,86,24.518174608461777
4,87,0.0
4,88,0.0
4,89,0.0
4,90,0.0
4,91,0.0
4,92,0.0
4,93,0.0
4,94,0.0
4,95,0.0
4,96,0.0
4,97,0.0
4,98,0.0
4,99,0.0
4,100,0.0
4,101,32.123511457600216
4,102,21.718509652380817
4,103,0.0
4,104,0.0
4,105,0.0
4,106,30.796460542248496
4,107,36.55749370352987
4,108,0.0
4,109,0.0
4,110,52.2781629582787
4,111,0.0
4,112,0.0
4,113,0.0
4,114,39.43453640025109
4,115,0.0
4,116,47.500446851441666
4,117,0.0
4,118,30.796460542248496
4,119,29.017259810737414
4,120,12.015842275814066
4,121,32.652690594725755
4,122,0.0
4,123,0.0
4,124,0.0
4,125,0.0
4,126,38.06627037696762
4,127,0.0
4,128,47.71052162106025
4,129,39.43453640025109
4,130,0.0
4,131,30.14542725710271
4,132,0.0
4,133,0.0
4,134,0.0
4,135,0.0
4,136,40.82024782973167
4,137,0.0
4,138,21.117026350746528
4,139,0.0
4,140,0.0
4,141,38.32965160184904
4,142,39.61656905807831
4,143,39.43453640025109
4,144,0.0
4,145,20.972038955196695
4,146,0.0
4,147,38.16680438472122
4,148,0.0
4,149,0.0
4,150,111.22687384764777
4,151,0.0
4,152,0.0
4,153,47.71052162106025
4,154,0.0
4,155,0.0
4,156,30.796460542248496
4,157,30.14542725710271
4,158,48.29892971310437
4,159,0.0
4,160,30.796460542248496
4,161,47.72871577680144
4,162,45.37212274042122
4,163,0.0
4,164,0.0
4,165,21.783130739618173
4,166,0.0
4,167,0.0
4,168,0.0
4,169,0.0
4,170,0.0
4,171,39.43453640025109
4,172,0.0
4,173,47.71052162106025
4,174,47.78855624366679
4,175,0.0
4,176,0.0
4,177,22.071270298678428
4,178,23757.262981075575
4,179,0.0
4,180,0.0
4,181,38.660184539488
4,182,30.796460542248496
4,183,31.271475237533195
4,184,4361.781542491302
4,185,0.0
4,186,0.0
4,187,0.0
4,188,30.796460542248496
4,189,39.43453640025109
4,190,30.796460542248496
4,191,36.28875315725054
4,192,0.0
4,193,30.629247361418493
4,194,0.0
4,195,34.31271460842163
4,196,0.0
4,197,0.0
4,198,0.0
4,199,0.0
4,200,0.0
4,201,0.0
4,202,0.0
4,203,0.0
4,204,34.80479548986932
4,205,0.0
4,206,0.0
4,207,0.0
4,208,0.0
4,209,31.911331551456897
4,210,0.0
4,211,0.0
4,212,39.43453640025109
4,213,1929.1531797828793
4,214,0.0
4,215,0.0
4,216,21.064026913438283
4,217,449.81149858724075
4,218,0.0
4,219,0.0
4,220,0.0
4,221,39.43453640025109
4,222,0.0
4,223,34.58282390678869
4,224,0.0
4,225,0.0
4,226,0.0
4,227,46.92113108953254
4,228,0.0
4,229,30.14542725710271
4,230,0.0
4,231,0.0
4,232,0.0
4,233,33.0063357798781
4,234,0.0
4,235,0.0
4,236,30.796460542248496
4,237,0.0
4,238,0.0
4,239,0.0
4,240,48.29892971310437
4,241,13840.573221630742
4,242,0.0
4,243,0.0
4,244,3008.460326130382
4,245,0.0
4,246,0.0
4,247,0.0
4,248,0.0
4,249,39.43453640025109
4,250,34.80479548986932
4,251,26.679583693049608
4,252,0.0
4,253,0.0
4,254,47.71052162106025
4,255,26.856388663789403
4,256,0.0
4,257,0.0
4,258,47.71052162106025
4,259,0.0
4,260,0.0
4,261,1461.1864127636763
4,262,31.9802151463673
4,263,0.0
4,264,48.29892971310437
4,265,0.0
4,266,0.0
4,267,0.0
4,268,0.0
4,269,0.0
4,270,1793.3321343397583
4,271,34.80479548986932
4,272,1576.937206579958
4,273,33.17633887308148
4,274,0.0
4,275,0.0
4,276,0.0
4,277,1927.8804663572992
4,278,46.92113108953254
4,279,0.0
4,280,0.0
4,281,25.89655661258621
4,282,0.0
4,283,42.052216532395505
4,284,0.0
4,285,0.0
4,286,39.973947083806706
4,287,30.14542725710271
4,288,0.0
4,289,0.0
4,290,1556.1209795285904
4,291,0.0
4,292,47.500446851441666
4,293,33.69118546610571
4,294,85298.05914929083
4,295,42.243361767767055
4,296,0.0
4,297,38.32965160184904
4,298,0.0
4,299,21.197000810680947
4,300,0.0
4,301,0.0
4,302,31.924961395634455
4,303,33.81299237732674
4,304,0.0
4,305,0.0
4,306,0.0
4,307,47.71052162106025
4,308,41.81844358064973
4,309,37.66269467664097
4,310,0.0
4,311,0.0
4,312,17771.913751567783
4,313,37.01246042646653
4,314,42.243361767767055
4,315,15403.91819679985
4,316,0.0
4,317,0.0
4,318,48.29892971310437
4,319,0.0
4,320,0.0
4,321,36.16943428491595
4,322,27.830554738718092
4,323,0.0
4,324,32.652690594725755
4,325,0.0
4,326,0.0
4,327,0.0
4,328,0.0
4,329,30.629247361418493
4,330,0.0
4,331,0.0
4,332,39.43453640025109
4,333,0.0
4,334,36.55749370352987
4,335,675.8672573060994
4,336,0.0
4,337,38.75731082567381
4,338,34.80479548986932
4,339,85.5414306314533
4,340,0.0
4,341,0.0
4,342,0.0
4,343,41.10234194473196
4,344,431.03788949037516
4,345,0.0
4,346,30.14542725710271
4,347,0.0
4,348,41.794926473598935
4,349,0.0
4,350,0.0
4,351,34.80479548986932
4,352,0.0
4,353,0.0
4,354,30.796460542248496
4,355,0.0
4,356,30.796460542248496
4,357,0.0
4,358,47.71052162106025
4,359,0.0
4,360,34.80479548986932
4,361,39.43453640025109
4,362,0.0
4,363,39.43453640025109
4,364,38.53403963294204
4,365,30.105450784250934
4,366,1459.6827110535487
4,367,0.0
4,368,36.409819972102014
4,369,22.822272294009963
4,370,0.0
4,371,30.796460542248496
4,372,36.85563872898729
4,373,0.0
4,374,0.0
4,375,38.32965160184904
4,376,47.78855624366679
4,377,30.796460542248496
4,378,30.796460542248496
4,379,59.01184647329774
4,380,30.14542725710271
4,381,4332.252239912185
4,382,34.80479548986932
4,383,0.0
4,384,0.0
4,385,21.064026913438283
4,386,0.0
4,387,0.0
4,388,0.0
4,389,0.0
4,390,34.58282390678869
4,391,0.0
4,392,0.0
4,393,0.0
4,394,0.0
4,395,0.0
4,396,0.0
4,397,30.14542725710271
4,398,6706.7441392892215
4,399,0.0
4,400,30.14542725710271
4,401,0.0
4,402,38.75731082567381
4,403,30.14542725710271
4,404,34.80479548986932
4,405,0.0
4,406,30.796460542248496
4,407,0.0
4,408,30.14542725710271
4,409,1717.2806014601556
4,410,30.796460542248496
4,411,0.0
4,412,0.0
4,413,47.054069503676146
4,414,0.0
4,415,0.0
4,416,39.43453640025109
4,417,33.88161962330196
4,418,0.0
4,419,30.14542725710271
4,420,42.052216532395505
4,421,0.0
4,422,0.0
4,423,30.14542725710271
4,424,0.0
4,425,33.17633887308148
4,426,30.14542725710271
4,427,22.822272294009963
4,428,0.0
4,429,0.0
4,430,38.32965160184904
4,431,0.0
4,432,33.472038016739134
4,433,47.500446851441666
4,434,30.796460542248496
4,435,37.951327634846166
4,436,0.0
4,437,8.796126527508932
4,438,0.0
4,439,0.0
4,440,0.0
4,441,0.0
4,442,0.0
4,443,24.779939731685772
4,444,30.796460542248496
4,445,36.50812157060864
4,446,0.0
4,447,0.0
4,448,26.569225838301463
4,449,0.0
4,450,0.0
4,451,0.0
4,452,0.0
4,453,0.0
4,454,0.0
4,455,0.0
4,456,32.652690594725755
4,457,0.0
4,458,33.80220807308979
4,459,1651.2908132202283
4,460,30.14542725710271
4,461,39.43453640025109
4,462,39.43453640025109
4,463,28.21124252678692
4,464,39.43453640025109
4,465,23065.677061471375
4,466,0.0
4,467,46.5144462578055
4,468,0.0
4,469,0.0
4,470,39.43453640025109
4,471,0.0
4,472,0.0
4,473,0.0
4,474,0.0
4,475,224.8278212098685
4,476,0.0
4,477,30.796460542248496
4,478,30.796460542248496
4,479,0.0
4,480,33.80220807308979
4,481,0.0
4,482,47.71052162106025
4,483,0.0
4,484,30.796460542248496
4,485,0.0
4,486,0.0
4,487,0.0
4,488,0.0
4,489,17.266725658640098
4,490,32.652690594725755
4,491,34.80479548986932
4,492,39.43453640025109
4,493,0.0
4,494,0.0
4,495,0.0
4,496,26.330737524714095
4,497,0.0
4,498,0.0
4,499,0.0
4,500,0.0
4,501,0.0
4,502,47.71052162106025
4,503,6653.7412491361865
4,504,36.55749370352987
4,505,32.13415483490371
4,506,0.0
4,507,41.688763555389414
4,508,30.796460542248496
4,509,40.82024782973167
4,510,39.43453640025109
4,511,0.0
5,0,39.86808245813609
5,1,0.0
5,2,32.652690594725755
5,3,40.98062251453939
5,4,0.0
5,5,0.0
5,6,0.0
5,7,0.0
5,8,0.0
5,9,0.0
5,10,45.888221801977124
5,11,0.0
5,12,48.29892971310437
5,13,0.0
5,14,32.35049837317365
5,15,48.486020357257075
5,16,48.20264187735211
5,17,0.0
5,18,30.14542725710271
5,19,40.67324235390879
5,20,21.000008363795132
5,21,41.204214870716896
5,22,0.0
5,23,37.757707332497375
5,24,0.0
5,25,0.0
5,26,46.92113108953254
5,27,0.0
5,28,0.0
5,29,22.75162239348083
5,30,0.0
5,31,0.0
5,32,0.0
5,33,0.0
5,34,30.14542725710271
5,35,0.0
5,36,0.0
5,37,0.0
5,38,30.629247361418493
5,39,30.14542725710271
5,40,40.98062251453939
5,41,0.0
5,42,0.0
5,43,0.0
5,44,30.14542725710271
5,45,0.0
5,46,42.052216532395505
5,47,0.0
5,48,40.062772895203125
5,49,0.0
5,50,0.0
5,51,0.0
5,52,0.0
5,53,47.71052162106025
5,54,0.0
5,55,0.0
5,56,142.33115666072536
5,57,0.0
5,58,0.0
5,59,47.71052162106025
5,60,0.0
5,61,37.55069851834014
5,62,41.63159838324191
5,63,0.0
5,64,0.0
5,65,0.0
5,66,47.71052162106025
5,67,0.0
5,68,0.0
5,69,47.71052162106025
5,70,47.71052162106025
5,71,33.81299237732674
5,72,30.629247361418493
5,73,0.0
5,74,30.086442038090354
5,75,0.0
5,76,47.71052162106025
5,77,0.0
5,78,33.17633887308148
5,79,0.0
5,80,17.345074511564235
5,81,46.81603789557175
5,82,40.98062251453939
5,83,0.0
5,84,46.92113108953254
5,85,32.652690594725755
5,86,0.0
5,87,22.558932369947797
5,88,32.652690594725755
5,89,40.98062251453939
5,90,0.0
5,91,47.71052162106025
5,92,46.157073882181066
5,93,47.572048509612614
5,94,0.0
5,95,0.0
5,96,29.78441643687802
5,97,0.0
5,98,0.0
5,99,0.0
5,100,46.92113108953254
5,101,47.71052162106025
5,102,32.35049837317365
5,103,11.869744982362135
5,104,8.796126527508932
5,105,0.0
5,106,0.0
5,107,38.32965160184904
5,108,39.779605892388645
5,109,0.0
5,110,46.2498340396869
5,111,46.81603789557175
5,112,0.0
5,113,0.0
5,114,33.81299237732674
5,115,0.0
5,116,33.81299237732674
5,117,0.0
5,118,0.0
5,119,49.2355768640964
5,120,0.0
5,121,41.63159838324191
5,122,519.2845292615402
5,123,38.32965160184904
5,124,30.14542725710271
5,125,17.23305505990993
5,126,30.14542725710271
5,127,36.80008894496859
5,128,0.0
5,129,30.14542725710271
5,130,17.345074511564235
5,131,38.32965160184904
5,132,41.428309146878746
5,133,0.0
5,134,33.81299237732674
5,135,42.31861005715746
5,136,30.14542725710271
5,137,0.0
5,138,0.0
5,139,0.0
5,140,0.0
5,141,0.0
5,142,0.0
5,143,20.685052367525714
5,144,0.0
5,145,48.137417264064425
5,146,0.0
5,147,46.92113108953254
5,148,0.0
5,149,42.052216532395505
5,150,0.0
5,151,0.0
5,152,33.63470484398658
5,153,30.14542725710271
5,154,46.92113108953254
5,155,0.0
5,156,0.0
5,157,0.0
5,158,0.0
5,159,46.92113108953254
5,160,0.0
5,161,46.92113108953254
5,162,33.81299237732674
5,163,49.2355768640964
5,164,33.03446448024533
5,165,39.43453640025109
5,166,30.14542725710271
5,167,0.0
5,168,47.71052162106025
5,169,48.06514736171448
5,170,0.0
5,171,46.92113108953254
5,172,39.43453640025109
5,173,42.243361767767055
5,174,53.62602596458146
5,175,0.0
5,176,0.0
5,177,30.14542725710271
5,178,95.77097889530705
5,179,47.71052162106025
5,180,0.0
5,181,25.12749844341397
5,182,0.0
5,183,0.0
5,184,20.61383560675131
5,185,0.0
5,186,47.71052162106025
5,187,0.0
5,188,0.0
5,189,0.0
5,190,46.92113108953254
5,191,47.71052162106025
5,192,0.0
5,193,0.0
5,194,0.0
5,195,29.526352934180977
5,196,0.0
5,197,0.0
5,198,0.0
5,199,47.71052162106025
5,200,0.0
5,201,0.0
5,202,38.32965160184904
5,203,0.0
5,204,0.0
5,205,33.81299237732674
5,206,0.0
5,207,48.137417264064425
5,208,0.0
5,209,31.21992519128071
5,210,29.526352934180977
5,211,1793.3321343397583
5,212,0.0
5,213,0.0
5,214,0.0
5,215,0.0
5,216,47.71052162106025
5,217,0.0
5,218,0.0
5,219,30.14542725710271
5,220,0.0
5,221,13.390547466596217
5,222,0.0
5,223,47.71052162106025
5,224,0.0
5,225,0.0
5,226,0.0
5,227,37.822442350836354
5,228,0.0
5,229,48.137417264064425
5,230,0.0
5,231,47.500446851441666
5,232,46.92113108953254
5,233,0.0
5,234,0.0
5,235,0.0
5,236,46.92113108953254
5,237,0.0
5,238,33.81299237732674
5,239,0.0
5,240,0.0
5,241,33.75430622262775
5,242,39.43453640025109
5,243,0.0
5,244,0.0
5,245,30.14542725710271
5,246,0.0
5,247,0.0
5,248,0.0
5,249,46.92113108953254
5,250,0.0
5,251,30.14542725710271
5,252,0.0
5,253,0.0
5,254,29.526352934180977
5,255,8.796126527508932
5,256,47.71052162106025
5,257,0.0
5,258,32.652690594725755
5,259,0.0
5,260,0.0
5,261,43.839118074619364
5,262,0.0
5,263,42.27948539884619
5,264,0.0
5,265,17.290887207022024
5,266,0.0
5,267,40.98062251453939
5,268,1464.7598746124713
5,269,39.43453640025109
5,270,0.0
5,271,0.0
5,272,0.0
5,273,0.0
5,274,46.92113108953254
5,275,0.0
5,276,40.71519351588904
5,277,0.0
5,278,0.0
5,279,46.92113108953254
5,280,0.0
5,281,0.0
5,282,46.157073882181066
5,283,0.0
5,284,0.0
5,285,0.0
5,286,32.75799334821204
5,287,46.92113108953254
5,288,0.0
5,289,0.0
5,290,47.500446851441666
5,291,0.0
5,292,0.0
5,293,37.414838462154876
5,294,29.78441643687802
5,295,36.779194140299296
5,296,0.0
5,297,0.0
5,298,0.0
5,299,0.0
5,300,0.0
5,301,0.0
5,302,0.0
5,303,0.0
5,304,0.0
5,305,0.0
5,306,360.5200128436345
5,307,0.0
5,308,0.0
5,309,0.0
5,310,40.98062251453939
5,311,0.0
5,312,0.0
5,313,41.63159838324191
5,314,0.0
5,315,0.0
5,316,0.0
5,317,0.0
5,318,32.75799334821204
5,319,0.0
5,320,0.0
5,321,32.75799334821204
5,322,42.28894550975929
5,323,0.0
5,324,42.052216532395505
5,325,0.0
5,326,32.652690594725755
5,327,0.0
5,328,0.0
5,329,0.0
5,330,0.0
5,331,29.6834255169897
5,332,0.0
5,333,29.796946885491707
5,334,0.0
5,335,0.0
5,336,37.55069851834014
5,337,47.71052162106025
5,338,0.0
5,339,0.0
5,340,46.567321294092835
5,341,0.0
5,342,0.0
5,343,0.0
5,344,29.526352934180977
5,345,0.0
5,346,17.345074511564235
5,347,0.0
5,348,46.92113108953254
5,349,0.0
5,350,47.71052162106025
5,351,0.0
5,352,0.0
5,353,36.11384130478109
5,354,0.0
5,355,30.68844154629005
5,356,46.92113108953254
5,357,37.822209791645946
5,358,0.0
5,359,0.0
5,360,0.0
5,361,47.71052162106025
5,362,33.17633887308148
5,363,0.0
5,364,17.345074511564235
5,365,38.00592133110331
5,366,0.0
5,367,32.652690594725755
5,368,49.2355768640964
5,369,0.0
5,370,0.0
5,371,47.71052162106025
5,372,47.71052162106025
5,373,47.71052162106025
5,374,35.78991072444296
5,375,0.0
5,376,0.0
5,377,32.652690594725755
5,378,0.0
5,379,0.0
5,380,0.0
5,381,22.44014594681903
5,382,0.0
5,383,0.0
5,384,39.43453640025109
5,385,29.526352934180977
5,386,0.0
5,387,48.137417264064425
5,388,0.0
5,389,42.052216532395505
5,390,33.17633887308148
5,391,0.0
5,392,0.0
5,393,0.0
5,394,0.0
5,395,46.2498340396869
5,396,33.81299237732674
5,397,0.0
5,398,38.32965160184904
5,399,0.0
5,400,0.0
5,401,47.71052162106025
5,402,0.0
5,403,48.137417264064425
5,404,0.0
5,405,33.81299237732674
5,406,38.331581909292254
5,407,47.71052162106025
5,408,0.0
5,409,0.0
5,410,0.0
5,411,49.2355768640964
5,412,11.77727590827999
5,413,0.0
5,414,0.0
5,415,38.32965160184904
5,416,0.0
5,417,0.0
5,418,0.0
5,419,0.0
5,420,47.71052162106025
5,421,1459.6827110535487
5,422,0.0
5,423,0.0
5,424,30.991877230126192
5,425,38.32965160184904
5,426,0.0
5,427,0.0
5,428,0.0
5,429,0.0
5,430,0.0
5,431,47.71052162106025
5,432,40.062772895203125
5,433,0.0
5,434,33.64130832442879
5,435,18.034663252244172
5,436,42.27948539884619
5,437,46.2498340396869
5,438,0.0
5,439,0.0
5,440,0.0
5,441,0.0
5,442,20.269524595719304
5,443,32.13415483490371
5,444,0.0
5,445,0.0
5,446,0.0
5,447,46.567321294092835
5,448,0.0
5,449,0.0
5,450,38.32965160184904
5,451,46.81603789557175
5,452,0.0
5,453,0.0
5,454,47.71052162106025
5,455,40.98062251453939
5,456,42.28894550975929
5,457,0.0
5,458,21.70167054536887
5,459,41.10234194473196
5,460,0.0
5,461,0.0
5,462,0.0
5,463,0.0
5,464,41.63159838324191
5,465,0.0
5,466,0.0
5,467,0.0
5,468,47.71052162106025
5,469,0.0
5,470,0.0
5,471,39.76440307066423
5,472,0.0
5,473,1459.6827110535487
5,474,0.0
5,475,0.0
5,476,36.52654053619244
5,477,32.194148222005424
5,478,46.97340812922994
5,479,33.81299237732674
5,480,0.0
5,481,0.0
5,482,47.39308890321263
5,483,0.0
5,484,0.0
5,485,0.0
5,486,36.11384130478109
5,487,0.0
5,488,33.17633887308148
5,489,0.0
5,490,0.0
5,491,32.75799334821204
5,492,47.71052162106025
5,493,0.0
5,494,0.0
5,495,41.63159838324191
5,496,35.277574544290474
5,497,38.32965160184904
5,498,0.0
5,499,47.993419066277966
5,500,0.0
5,501,33.275879986353175
5,502,1793.3321343397583
5,503,46.92113108953254
5,504,0.0
5,505,0.0
5,506,0.0
5,507,41.688763555389414
5,508,0.0
5,509,39.43453640025109
5,510,11.109102835694102
5,511,0.0
6,0,32.652690594725755
6,1,45.48638903065603
6,2,0.0
6,3,0.0
6,4,0.0
6,5,46.157073882181066
6,6,0.0
6,7,0.0
6,8,0.0
6,9,37.26964215165026
6,10,0.0
6,11,39.70171948219377
6,12,48.06514736171448
6,13,40.513774513638964
6,14,0.0
6,15,0.0
6,16,21.51394632919346
6,17,0.0
6,18,37.26964215165026
6,19,0.0
6,20,0.0
6,21,0.0
6,22,46.157073882181066
6,23,35.539637222060264
6,24,46.92113108953254
6,25,45.418504822034265
6,26,0.0
6,27,0.0
6,28,0.0
6,29,40.513774513638964
6,30,0.0
6,31,46.48946805441392
6,32,28.890108984669496
6,33,0.0
6,34,0.0
6,35,0.0
6,36,0.0
6,37,46.97340812922994
6,38,0.0
6,39,37.26964215165026
6,40,39.42847960358449
6,41,0.0
6,42,0.0
6,43,0.0
6,44,0.0
6,45,0.0
6,46,0.0
6,47,0.0
6,48,0.0
6,49,0.0
6,50,0.0
6,51,0.0
6,52,0.0
6,53,0.0
6,54,45.898873449996245
6,55,0.0
6,56,0.0
6,57,0.0
6,58,45.888221801977124
6,59,46.92113108953254
6,60,47.71052162106025
6,61,0.0
6,62,10.056567728124719
6,63,47.19145225878856
6,64,0.0
6,65,46.567321294092835
6,66,0.0
6,67,0.0
6,68,47.500446851441666
6,69,0.0
6,70,0.0
6,71,46.92113108953254
6,72,0.0
6,73,0.0
6,74,0.0
6,75,0.0
6,76,0.0
6,77,0.0
6,78,0.0
6,79,46.92113108953254
6,80,0.0
6,81,46.92113108953254
6,82,46.92113108953254
6,83,29.617920941378543
6,84,46.892480111570876
6,85,0.0
6,86,0.0
6,87,0.0
6,88,0.0
6,89,0.0
6,90,0.0
6,91,37.26964215165026
6,92,0.0
6,93,46.92113108953254
6,94,47.71052162106025
6,95,47.572048509612614
6,96,0.0
6,97,37.26964215165026
6,98,0.0
6,99,0.0
6,100,0.0
6,101,48.02859796445955
6,102,0.0
6,103,0.0
6,104,1793.3321343397583
6,105,47.71052162106025
6,106,0.0
6,107,0.0
6,108,47.71052162106025
6,109,45.898873449996245
6,110,0.0
6,111,45.48638903065603
6,112,46.2498340396869
6,113,0.0
6,114,46.157073882181066
6,115,0.0
6,116,0.0
6,117,29.700290002717338
6,118,0.0
6,119,39.419510780505334
6,120,0.0
6,121,0.0
6,122,0.0
6,123,0.0
6,124,0.0
6,125,39.673620610097714
6,126,0.0
6,127,39.94147861981037
6,128,0.0
6,129,0.0
6,130,0.0
6,131,0.0
6,132,0.0
6,133,0.0
6,134,34.882929525625514
6,135,0.0
6,136,0.0
6,137,36.29688196286679
6,138,0.0
6,139,0.0
6,140,46.157073882181066
6,141,0.0
6,142,40.513774513638964
6,143,48.06514736171448
6,144,0.0
6,145,37.26964215165026
6,146,0.0
6,147,0.0
6,148,0.0
6,149,46.92113108953254
6,150,46.92113108953254
6,151,0.0
6,152,47.010825068146005
6,153,0.0
6,154,0.0
6,155,46.157073882181066
6,156,0.0
6,157,0.0
6,158,0.0
6,159,0.0
6,160,46.157073882181066
6,161,0.0
6,162,46.567321294092835
6,163,0.0
6,164,0.0
6,165,0.0
6,166,17.290887207022024
6,167,45.65830289400037
6,168,0.0
6,169,48.06514736171448
6,170,0.0
6,171,31.924961395634455
6,172,46.567321294092835
6,173,0.0
6,174,33.81299237732674
6,175,46.92113108953254
6,176,0.0
6,177,46.157073882181066
6,178,41.056563045808616
6,179,0.0
6,180,32.42877669806785
6,181,39.42847960358449
6,182,1793.3321343397583
6,183,47.19145225878856
6,184,46.157073882181066
6,185,48.02859796445955
6,186,0.0
6,187,0.0
6,188,33.17633887308148
6,189,0.0
6,190,0.0
6,191,40.38349379178544
6,192,0.0
6,193,17106.614587698125
6,194,0.0
6,195,46.378370945666575
6,196,0.0
6,197,10.056567728124719
6,198,40.513774513638964
6,199,36.52472759471584
6,200,46.05933161063331
6,201,0.0
6,202,0.0
6,203,48.06514736171448
6,204,0.0
6,205,0.0
6,206,46.92113108953254
6,207,0.0
6,208,0.0
6,209,0.0
6,210,0.0
6,211,0.0
6,212,46.2498340396869
6,213,0.0
6,214,0.0
6,215,0.0
6,216,0.0
6,217,0.0
6,218,38.3756118856154
6,219,0.0
6,220,30.08022981488466
6,221,0.0
6,222,0.0
6,223,0.0
6,224,0.0
6,225,0.0
6,226,0.0
6,227,0.0
6,228,40.513774513638964
6,229,39.70171948219377
6,230,0.0
6,231,0.0
6,232,0.0
6,233,0.0
6,234,0.0
6,235,39.76440307066423
6,236,0.0
6,237,0.0
6,238,46.92113108953254
6,239,40.62886547526796
6,240,0.0
6,241,0.0
6,242,0.0
6,243,40.513774513638964
6,244,0.0
6,245,0.0
6,246,0.0
6,247,0.0
6,248,0.0
6,249,0.0
6,250,46.92530063536742
6,251,47.71052162106025
6,252,0.0
6,253,46.92113108953254
6,254,0.0
6,255,0.0
6,256,39.420219715464555
6,257,0.0
6,258,0.0
6,259,46.92113108953254
6,260,46.157073882181066
6,261,0.0
6,262,0.0
6,263,0.0
6,264,173.40524971538707
6,265,46.92113108953254
6,266,0.0
6,267,46.892480111570876
6,268,32.652690594725755
6,269,0.0
6,270,0.0
6,271,0.0
6,272,0.0
6,273,0.0
6,274,46.157073882181066
6,275,0.0
6,276,39.94147861981037
6,277,46.157073882181066
6,278,0.0
6,279,0.0
6,280,0.0
6,281,46.92113108953254
6,282,47.71052162106025
6,283,46.92113108953254
6,284,0.0
6,285,0.0
6,286,0.0
6,287,0.0
6,288,0.0
6,289,0.0
6,290,37.524756560766946
6,291,0.0
6,292,46.92113108953254
6,293,0.0
6,294,40.98062251453939
6,295,1556.1209795285904
6,296,0.0
6,297,0.0
6,298,47.19450180940021
6,299,0.0
6,300,0.0
6,301,0.0
6,302,0.0
6,303,47.59304527443328
6,304,0.0
6,305,46.2498340396869
6,306,0.0
6,307,46.314262546716236
6,308,0.0
6,309,0.0
6,310,0.0
6,311,0.0
6,312,1793.3321343397583
6,313,0.0
6,314,34.02034576065216
6,315,17106.614587698125
6,316,0.0
6,317,46.157073882181066
6,318,47.71052162106025
6,319,46.157073882181066
6,320,0.0
6,321,0.0
6,322,0.0
6,323,46.157073882181066
6,324,46.157073882181066
6,325,0.0
6,326,0.0
6,327,0.0
6,328,0.0
6,329,46.92530063536742
6,330,47.339272773081575
6,331,46.567321294092835
6,332,0.0
6,333,17.370487886701085
6,334,46.433649964104006
6,335,0.0
6,336,1459.6827110535487
6,337,47.71052162106025
6,338,0.0
6,339,47.339272773081575
6,340,46.2498340396869
6,341,0.0
6,342,0.0
6,343,17.290887207022024
6,344,0.0
6,345,46.68483447219842
6,346,0.0
6,347,46.92113108953254
6,348,0.0
6,349,46.92113108953254
6,350,46.97340812922994
6,351,46.2498340396869
6,352,47.14861937298883
6,353,0.0
6,354,0.0
6,355,46.92113108953254
6,356,46.157073882181066
6,357,0.0
6,358,0.0
6,359,46.48946805441392
6,360,0.0
6,361,0.0
6,362,46.157073882181066
6,363,0.0
6,364,0.0
6,365,46.92113108953254
6,366,0.0
6,367,48.06514736171448
6,368,47.324851283871794
6,369,0.0
6,370,32.36917921908298
6,371,46.92113108953254
6,372,0.0
6,373,32.36917921908298
6,374,46.97340812922994
6,375,0.0
6,376,45.48638903065603
6,377,40.62886547526796
6,378,0.0
6,379,0.0
6,380,0.0
6,381,92.30368261048716
6,382,47.59304527443328
6,383,0.0
6,384,1459.6827110535487
6,385,0.0
6,386,47.339272773081575
6,387,46.157073882181066
6,388,0.0
6,389,28.890108984669496
6,390,46.92113108953254
6,391,0.0
6,392,0.0
6,393,0.0
6,394,0.0
6,395,0.0
6,396,0.0
6,397,0.0
6,398,0.0
6,399,46.157073882181066
6,400,0.0
6,401,37.822442350836354
6,402,0.0
6,403,0.0
6,404,46.157073882181066
6,405,39.420219715464555
6,406,46.92113108953254
6,407,46.157073882181066
6,408,37.26964215165026
6,409,0.0
6,410,0.0
6,411,0.0
6,412,0.0
6,413,0.0
6,414,46.157073882181066
6,415,46.92530063536742
6,416,42.052216532395505
6,417,0.0
6,418,39.94147861981037
6,419,0.0
6,420,0.0
6,421,0.0
6,422,0.0
6,423,0.0
6,424,32.36917921908298
6,425,35.93728306025787
6,426,0.0
6,427,0.0
6,428,0.0
6,429,46.92530063536742
6,430,0.0
6,431,46.567321294092835
6,432,47.339272773081575
6,433,0.0
6,434,0.0
6,435,46.92113108953254
6,436,40.80385213701811
6,437,48.06514736171448
6,438,0.0
6,439,0.0
6,440,0.0
6,441,0.0
6,442,46.157073882181066
6,443,46.92113108953254
6,444,44.92746659426757
6,445,17.370487886701085
6,446,0.0
6,447,0.0
6,448,47.71052162106025
6,449,0.0
6,450,33.17633887308148
6,451,0.0
6,452,0.0
6,453,21.427591393441617
6,454,0.0
6,455,0.0
6,456,47.71052162106025
6,457,46.157073882181066
6,458,0.0
6,459,0.0
6,460,0.0
6,461,0.0
6,462,21.04208689220377
6,463,29.76544742375063
6,464,0.0
6,465,0.0
6,466,48.06514736171448
6,467,0.0
6,468,46.157073882181066
6,469,0.0
6,470,0.0
6,471,47.490596170265235
6,472,0.0
6,473,47.71052162106025
6,474,46.892480111570876
6,475,0.0
6,476,39.70171948219377
6,477,0.0
6,478,46.92113108953254
6,479,0.0
6,480,46.92113108953254
6,481,38.00592133110331
6,482,0.0
6,483,0.0
6,484,46.60961385612336
6,485,0.0
6,486,0.0
6,487,0.0
6,488,0.0
6,489,0.0
6,490,0.0
6,491,0.0
6,492,0.0
6,493,17.290887207022024
6,494,46.92113108953254
6,495,46.157073882181066
6,496,0.0
6,497,46.92113108953254
6,498,0.0
6,499,0.0
6,500,0.0
6,501,0.0
6,502,46.92113108953254
6,503,0.0
6,504,0.0
6,505,0.0
6,506,0.0
6,507,0.0
6,508,0.0
6,509,1459.6827110535487
6,510,45.65830289400037
6,511,0.0
7,0,0.0
7,1,0.0
7,2,0.0
7,3,0.0
7,4,0.0
7,5,46.00991841199448
7,6,46.92113108953254
7,7,0.0
7,8,0.0
7,9,45.418504822034265
7,10,1459.62544897533
7,11,0.0
7,12,0.0
7,13,5.492417251320148
7,14,0.0
7,15,1793.3321343397583
7,16,1793.3321343397583
7,17,0.0
7,18,0.0
7,19,0.0
7,20,45.418504822034265
7,21,0.0
7,22,23.95857393264214
7,23,0.0
7,24,1459.6827110535487
7,25,0.0
7,26,1459.6827110535487
7,27,0.0
7,28,0.0
7,29,0.0
7,30,17.290887207022024
7,31,0.0
7,32,0.0
7,33,0.0
7,34,0.0
7,35,0.0
7,36,0.0
7,37,0.0
7,38,212.05929200569335
7,39,0.0
7,40,0.0
7,41,0.0
7,42,0.0
7,43,0.0
7,44,0.0
7,45,29.700290002717338
7,46,0.0
7,47,0.0
7,48,0.0
7,49,0.0
7,50,0.0
7,51,0.0
7,52,46.892480111570876
7,53,17.21829660810181
7,54,45.48638903065603
7,55,0.0
7,56,29.74856926954635
7,57,0.0
7,58,0.0
7,59,46.157073882181066
7,60,0.0
7,61,0.0
7,62,0.0
7,63,0.0
7,64,0.0
7,65,46.510550075148785
7,66,45.73315653454301
7,67,0.0
7,68,0.0
7,69,45.418504822034265
7,70,0.0
7,71,0.0
7,72,0.0
7,73,45.48638903065603
7,74,0.0
7,75,0.0
7,76,0.0
7,77,0.0
7,78,0.0
7,79,0.0
7,80,34.501419759191776
7,81,0.0
7,82,46.157073882181066
7,83,0.0
7,84,0.0
7,85,0.0
7,86,0.0
7,87,0.0
7,88,0.0
7,89,0.0
7,90,0.0
7,91,0.0
7,92,0.0
7,93,0.0
7,94,0.0
7,95,0.0
7,96,0.0
7,97,0.0
7,98,0.0
7,99,0.0
7,100,42.28894550975929
7,101,0.0
7,102,0.0
7,103,0.0
7,104,34.882929525625514
7,105,0.0
7,106,0.0
7,107,0.0
7,108,45.75459392646553
7,109,0.0
7,110,0.0
7,111,45.36642963947088
7,112,0.0
7,113,0.0
7,114,0.0
7,115,17.345074511564235
7,116,21.41317008047554
7,117,0.0
7,118,0.0
7,119,0.0
7,120,47.71052162106025
7,121,0.0
7,122,0.0
7,123,46.892480111570876
7,124,46.892480111570876
7,125,0.0
7,126,0.0
7,127,0.0
7,128,0.0
7,129,0.0
7,130,0.0
7,131,0.0
7,132,21.0953959753042
7,133,0.0
7,134,0.0
7,135,22.402689291319803
7,136,42.43029322171333
7,137,0.0
7,138,0.0
7,139,0.0
7,140,0.0
7,141,0.0
7,142,0.0
7,143,0.0
7,144,0.0
7,145,46.157073882181066
7,146,0.0
7,147,0.0
7,148,46.157073882181066
7,149,0.0
7,150,0.0
7,151,0.0
7,152,0.0
7,153,0.0
7,154,0.0
7,155,44.566548758069075
7,156,0.0
7,157,0.0
7,158,37.42176322045725
7,159,0.0
7,160,0.0
7,161,0.0
7,162,0.0
7,163,17.195977435499117
7,164,0.0
7,165,0.0
7,166,0.0
7,167,0.0
7,168,0.0
7,169,0.0
7,170,0.0
7,171,29.762239238083566
7,172,0.0
7,173,0.0
7,174,0.0
7,175,0.0
7,176,1459.6827110535487
7,177,46.157073882181066
7,178,0.0
7,179,0.0
7,180,0.0
7,181,0.0
7,182,36.093173236187795
7,183,0.0
7,184,25.571867331423164
7,185,0.0
7,186,0.0
7,187,0.0
7,188,28.93403756567386
7,189,0.0
7,190,0.0
7,191,0.0
7,192,39.329670530676594
7,193,0.0
7,194,0.0
7,195,0.0
7,196,0.0
7,197,170.571399451449
7,198,0.0
7,199,42.43993807148763
7,200,29.06365270961942
7,201,0.0
7,202,45.418504822034265
7,203,0.0
7,204,0.0
7,205,0.0
7,206,0.0
7,207,0.0
7,208,46.157073882181066
7,209,47.71052162106025
7,210,0.0
7,211,0.0
7,212,0.0
7,213,0.0
7,214,45.48638903065603
7,215,0.0
7,216,0.0
7,217,0.0
7,218,0.0
7,219,0.0
7,220,0.0
7,221,0.0
7,222,1459.6827110535487
7,223,0.0
7,224,0.0
7,225,45.816243128331735
7,226,0.0
7,227,45.418504822034265
7,228,0.0
7,229,0.0
7,230,0.0
7,231,0.0
7,232,0.0
7,233,0.0
7,234,17.30580891819409
7,235,0.0
7,236,0.0
7,237,0.0
7,238,38.3756118856154
7,239,0.0
7,240,0.0
7,241,0.0
7,242,21.8393207606523
7,243,1459.6173177531382
7,244,0.0
7,245,0.0
7,246,0.0
7,247,0.0
7,248,44.70564664934045
7,249,0.0
7,250,0.0
7,251,22.55865880854708
7,252,0.0
7,253,0.0
7,254,0.0
7,255,0.0
7,256,0.0
7,257,17.290887207022024
7,258,0.0
7,259,0.0
7,260,0.0
7,261,0.0
7,262,0.0
7,263,0.0
7,264,0.0
7,265,45.888221801977124
7,266,0.0
7,267,0.0
7,268,0.0
7,269,46.157073882181066
7,270,38.44054650419821
7,271,46.00991841199448
7,272,41.056563045808616
7,273,0.0
7,274,29.679207130272516
7,275,0.0
7,276,0.0
7,277,0.0
7,278,0.0
7,279,21.1272568131144
7,280,1459.6827110535487
7,281,0.0
7,282,0.0
7,283,0.0
7,284,0.0
7,285,0.0
7,286,43.4262624057219
7,287,45.75459392646553
7,288,0.0
7,289,170.571399451449
7,290,0.0
7,291,0.0
7,292,45.418504822034265
7,293,0.0
7,294,0.0
7,295,0.0
7,296,0.0
7,297,0.0
7,298,0.0
7,299,0.0
7,300,0.0
7,301,0.0
7,302,0.0
7,303,39.70171948219377
7,304,0.0
7,305,0.0
7,306,46.157073882181066
7,307,0.0
7,308,17.290887207022024
7,309,0.0
7,310,1459.6827110535487
7,311,0.0
7,312,17.191924777129316
7,313,0.0
7,314,0.0
7,315,0.0
7,316,0.0
7,317,10.082148965027045
7,318,29.617920941378543
7,319,0.0
7,320,0.0
7,321,0.0
7,322,0.0
7,323,0.0
7,324,0.0
7,325,0.0
7,326,44.70564664934045
7,327,37.0287087265815
7,328,0.0
7,329,0.0
7,330,0.0
7,331,0.0
7,332,58.43432756186303
7,333,0.0
7,334,0.0
7,335,0.0
7,336,45.418504822034265
7,337,0.0
7,338,45.418504822034265
7,339,37.42176322045725
7,340,17.30580891819409
7,341,0.0
7,342,0.0
7,343,0.0
7,344,0.0
7,345,0.0
7,346,0.0
7,347,0.0
7,348,20.51370612016126
7,349,47.05210391147102
7,350,0.0
7,351,0.0
7,352,1459.6827110535487
7,353,0.0
7,354,17.23305505990993
7,355,17.370487886701085
7,356,44.05629573461374
7,357,0.0
7,358,45.888221801977124
7,359,46.157073882181066
7,360,0.0
7,361,39.42847960358449
7,362,0.0
7,363,0.0
7,364,17.21829660810181
7,365,0.0
7,366,17.345074511564235
7,367,0.0
7,368,1793.3321343397583
7,369,0.0
7,370,0.0
7,371,0.0
7,372,0.0
7,373,817.4245749122365
7,374,0.0
7,375,38.32965160184904
7,376,0.0
7,377,0.0
7,378,0.0
7,379,0.0
7,380,0.0
7,381,0.0
7,382,0.0
7,383,0.0
7,384,0.0
7,385,0.0
7,386,0.0
7,387,0.0
7,388,0.0
7,389,0.0
7,390,0.0
7,391,0.0
7,392,24.428838639096284
7,393,0.0
7,394,0.0
7,395,0.0
7,396,0.0
7,397,0.0
7,398,0.0
7,399,0.0
7,400,37.0287087265815
7,401,0.0
7,402,0.0
7,403,17106.614587698125
7,404,0.0
7,405,1459.6827110535487
7,406,0.0
7,407,0.0
7,408,0.0
7,409,0.0
7,410,0.0
7,411,1459.6827110535487
7,412,37.822442350836354
7,413,0.0
7,414,0.0
7,415,0.0
7,416,45.418504822034265
7,417,0.0
7,418,36.68327236406094
7,419,0.0
7,420,37.0287087265815
7,421,0.0
7,422,0.0
7,423,0.0
7,424,0.0
7,425,0.0
7,426,0.0
7,427,21.995757026999854
7,428,17.345074511564235
7,429,0.0
7,430,0.0
7,431,0.0
7,432,0.0
7,433,45.816243128331735
7,434,0.0
7,435,0.0
7,436,0.0
7,437,0.0
7,438,0.0
7,439,45.418504822034265
7,440,0.0
7,441,0.0
7,442,0.0
7,443,0.0
7,444,0.0
7,445,0.0
7,446,78.7071925097116
7,447,1793.3321343397583
7,448,0.0
7,449,0.0
7,450,0.0
7,451,0.0
7,452,27.30906852717999
7,453,46.157073882181066
7,454,1459.6827110535487
7,455,0.0
7,456,38.869987413786475
7,457,17.23305505990993
7,458,0.0
7,459,0.0
7,460,0.0
7,461,21.1272568131144
7,462,0.0
7,463,0.0
7,464,0.0
7,465,14.52817709241117
7,466,0.0
7,467,0.0
7,468,46.13027747133674
7,469,32.36917921908298
7,470,0.0
7,471,45.418504822034265
7,472,0.0
7,473,44.74660298045001
7,474,0.0
7,475,0.0
7,476,1459.6827110535487
7,477,38.3756118856154
7,478,0.0
7,479,0.0
7,480,0.0
7,481,0.0
7,482,45.418504822034265
7,483,0.0
7,484,30.990393128859978
7,485,0.0
7,486,0.0
7,487,17.370487886701085
7,488,0.0
7,489,0.0
7,490,0.0
7,491,0.0
7,492,27.64760016812579
7,493,0.0
7,494,0.0
7,495,0.0
7,496,0.0
7,497,0.0
7,498,0.0
7,499,0.0
7,500,0.0
7,501,0.0
7,502,0.0
7,503,1459.6827110535487
7,504,46.157073882181066
7,505,0.0
7,506,0.0
7,507,0.0
7,508,17.345074511564235
7,509,46.157073882181066
7,510,0.0
7,511,0.0
8,0,0.0
8,1,0.0
8,2,0.0
8,3,0.0
8,4,0.0
8,5,0.0
8,6,17.370487886701085
8,7,0.0
8,8,0.0
8,9,0.0
8,10,0.0
8,11,1459.8170600207923
8,12,0.0
8,13,0.0
8,14,0.0
8,15,0.0
8,16,0.0
8,17,17.23305505990993
8,18,0.0
8,19,0.0
8,20,320.7404067867901
8,21,0.0
8,22,0.0
8,23,0.0
8,24,0.0
8,25,0.0
8,26,0.0
8,27,0.0
8,28,1793.3321343397583
8,29,17.2195774197844
8,30,0.0
8,31,219.87830972349911
8,32,17.381147377437628
8,33,0.0
8,34,0.0
8,35,0.0
8,36,0.0
8,37,1556.1209795285904
8,38,0.0
8,39,0.0
8,40,0.0
8,41,0.0
8,42,0.0
8,43,0.0
8,44,0.0
8,45,0.0
8,46,0.0
8,47,0.0
8,48,0.0
8,49,0.0
8,50,0.0
8,51,0.0
8,52,219.87830972349911
8,53,0.0
8,54,0.0
8,55,0.0
8,56,0.0
8,57,0.0
8,58,0.0
8,59,0.0
8,60,0.0
8,61,0.0
8,62,0.0
8,63,34.503859095524604
8,64,17.30580891819409
8,65,219.87830972349911
8,66,0.0
8,67,0.0
8,68,0.0
8,69,0.0
8,70,0.0
8,71,0.0
8,72,0.0
8,73,0.0
8,74,0.0
8,75,0.0
8,76,0.0
8,77,0.0
8,78,0.0
8,79,0.0
8,80,0.0
8,81,219.87830972349911
8,82,0.0
8,83,0.0
8,84,0.0
8,85,0.0
8,86,0.0
8,87,0.0
8,88,17.23305505990993
8,89,17.370487886701085
8,90,0.0
8,91,0.0
8,92,0.0
8,93,0.0
8,94,56.87443286825419
8,95,224.93831534621768
8,96,0.0
8,97,0.0
8,98,107.43142260590685
8,99,0.0
8,100,0.0
8,101,0.0
8,102,0.0
8,103,0.0
8,104,0.0
8,105,0.0
8,106,17.19812940528118
8,107,0.0
8,108,0.0
8,109,0.0
8,110,0.0
8,111,0.0
8,112,24.193451890262622
8,113,0.0
8,114,0.0
8,115,0.0
8,116,0.0
8,117,0.0
8,118,0.0
8,119,0.0
8,120,0.0
8,121,0.0
8,122,0.0
8,123,0.0
8,124,0.0
8,125,0.0
8,126,0.0
8,127,0.0
8,128,0.0
8,129,0.0
8,130,17.23305505990993
8,131,0.0
8,132,0.0
8,133,0.0
8,134,0.0
8,135,0.0
8,136,0.0
8,137,45.888221801977124
8,138,0.0
8,139,17.894039429312215
8,140,0.0
8,141,0.0
8,142,0.0
8,143,0.0
8,144,0.0
8,145,0.0
8,146,0.0
8,147,0.0
8,148,0.0
8,149,47.71052162106025
8,150,0.0
8,151,0.0
8,152,0.0
8,153,0.0
8,154,0.0
8,155,0.0
8,156,0.0
8,157,0.0
8,158,0.0
8,159,0.0
8,160,0.0
8,161,0.0
8,162,30.990393128859978
8,163,0.0
8,164,0.0
8,165,43.8446444980591
8,166,17.370487886701085
8,167,17.370487886701085
8,168,0.0
8,169,0.0
8,170,0.0
8,171,0.0
8,172,0.0
8,173,0.0
8,174,0.0
8,175,0.0
8,176,0.0
8,177,78.7071925097116
8,178,0.0
8,179,0.0
8,180,0.0
8,181,0.0
8,182,27.30906852717999
8,183,0.0
8,184,0.0
8,185,0.0
8,186,0.0
8,187,0.0
8,188,17.370487886701085
8,189,866.0772150058847
8,190,0.0
8,191,0.0
8,192,17.290887207022024
8,193,0.0
8,194,0.0
8,195,0.0
8,196,0.0
8,197,0.0
8,198,0.0
8,199,0.0
8,200,0.0
8,201,0.0
8,202,0.0
8,203,17.25883033957325
8,204,0.0
8,205,0.0
8,206,1793.3321343397583
8,207,0.0
8,208,0.0
8,209,0.0
8,210,26.61560564683805
8,211,17.30580891819409
8,212,0.0
8,213,0.0
8,214,0.0
8,215,0.0
8,216,0.0
8,217,0.0
8,218,0.0
8,219,0.0
8,220,0.0
8,221,0.0
8,222,0.0
8,223,0.0
8,224,0.0
8,225,0.0
8,226,1793.3321343397583
8,227,0.0
8,228,17.19812940528118
8,229,0.0
8,230,0.0
8,231,0.0
8,232,0.0
8,233,0.0
8,234,0.0
8,235,0.0
8,236,0.0
8,237,0.0
8,238,0.0
8,239,0.0
8,240,0.0
8,241,0.0
8,242,0.0
8,243,0.0
8,244,1459.6827110535487
8,245,0.0
8,246,0.0
8,247,0.0
8,248,17.290887207022024
8,249,0.0
8,250,0.0
8,251,0.0
8,252,0.0
8,253,158.66663201667143
8,254,0.0
8,255,0.0
8,256,0.0
8,257,0.0
8,258,0.0
8,259,0.0
8,260,0.0
8,261,1793.3321343397583
8,262,0.0
8,263,0.0
8,264,0.0
8,265,0.0
8,266,0.0
8,267,17.2195774197844
8,268,0.0
8,269,0.0
8,270,0.0
8,271,0.0
8,272,17.191924777129316
8,273,0.0
8,274,0.0
8,275,0.0
8,276,0.0
8,277,0.0
8,278,0.0
8,279,0.0
8,280,0.0
8,281,0.0
8,282,0.0
8,283,0.0
8,284,17.24183739295404
8,285,0.0
8,286,0.0
8,287,0.0
8,288,0.0
8,289,0.0
8,290,0.0
8,291,0.0
8,292,0.0
8,293,0.0
8,294,0.0
8,295,0.0
8,296,0.0
8,297,17.23305505990993
8,298,0.0
8,299,0.0
8,300,0.0
8,301,0.0
8,302,0.0
8,303,0.0
8,304,0.0
8,305,0.0
8,306,0.0
8,307,0.0
8,308,0.0
8,309,0.0
8,310,0.0
8,311,0.0
8,312,0.0
8,313,0.0
8,314,0.0
8,315,17.370487886701085
8,316,0.0
8,317,44.711623065065396
8,318,0.0
8,319,0.0
8,320,0.0
8,321,1793.3321343397583
8,322,0.0
8,323,0.0
8,324,219.87830972349911
8,325,0.0
8,326,0.0
8,327,0.0
8,328,17.345074511564235
8,329,0.0
8,330,0.0
8,331,0.0
8,332,30.990393128859978
8,333,0.0
8,334,0.0
8,335,0.0
8,336,0.0
8,337,0.0
8,338,0.0
8,339,0.0
8,340,0.0
8,341,0.0
8,342,0.0
8,343,0.0
8,344,14.52817709241117
8,345,0.0
8,346,0.0
8,347,1793.3321343397583
8,348,17.21829660810181
8,349,0.0
8,350,0.0
8,351,0.0
8,352,0.0
8,353,0.0
8,354,0.0
8,355,0.0
8,356,0.0
8,357,0.0
8,358,0.0
8,359,0.0
8,360,0.0
8,361,0.0
8,362,0.0
8,363,0.0
8,364,0.0
8,365,0.0
8,366,0.0
8,367,0.0
8,368,0.0
8,369,0.0
8,370,0.0
8,371,0.0
8,372,0.0
8,373,0.0
8,374,0.0
8,375,17.27324160739954
8,376,0.0
8,377,37.822442350836354
8,378,0.0
8,379,0.0
8,380,0.0
8,381,0.0
8,382,0.0
8,383,0.0
8,384,0.0
8,385,17.23305505990993
8,386,0.0
8,387,0.0
8,388,0.0
8,389,0.0
8,390,0.0
8,391,31.48549675832328
8,392,0.0
8,393,0.0
8,394,0.0
8,395,0.0
8,396,44.53195910066279
8,397,0.0
8,398,0.0
8,399,0.0
8,400,0.0
8,401,0.0
8,402,0.0
8,403,61.40415916843176
8,404,0.0
8,405,0.0
8,406,0.0
8,407,0.0
8,408,0.0
8,409,0.0
8,410,0.0
8,411,0.0
8,412,0.0
8,413,0.0
8,414,0.0
8,415,0.0
8,416,0.0
8,417,0.0
8,418,0.0
8,419,0.0
8,420,0.0
8,421,0.0
8,422,0.0
8,423,0.0
8,424,0.0
8,425,26.591733945978376
8,426,0.0
8,427,0.0
8,428,0.0
8,429,0.0
8,430,0.0
8,431,17.370487886701085
8,432,0.0
8,433,0.0
8,434,0.0
8,435,0.0
8,436,31.48549675832328
8,437,0.0
8,438,0.0
8,439,0.0
8,440,0.0
8,441,0.0
8,442,0.0
8,443,0.0
8,444,0.0
8,445,0.0
8,446,0.0
8,447,0.0
8,448,0.0
8,449,17.345074511564235
8,450,0.0
8,451,0.0
8,452,0.0
8,453,0.0
8,454,0.0
8,455,0.0
8,456,42.28894550975929
8,457,0.0
8,458,0.0
8,459,0.0
8,460,0.0
8,461,0.0
8,462,0.0
8,463,0.0
8,464,0.0
8,465,0.0
8,466,0.0
8,467,0.0
8,468,23.550259254125194
8,469,61.40415916843176
8,470,17.191924777129316
8,471,0.0
8,472,0.0
8,473,0.0
8,474,0.0
8,475,0.0
8,476,0.0
8,477,0.0
8,478,0.0
8,479,0.0
8,480,0.0
8,481,0.0
8,482,0.0
8,483,0.0
8,484,0.0
8,485,0.0
8,486,0.0
8,487,0.0
8,488,0.0
8,489,0.0
8,490,0.0
8,491,0.0
8,492,0.0
8,493,0.0
8,494,0.0
8,495,0.0
8,496,45.888221801977124
8,497,0.0
8,498,0.0
8,499,0.0
8,500,0.0
8,501,0.0
8,502,0.0
8,503,1459.6827110535487
8,504,0.0
8,505,0.0
8,506,0.0
8,507,0.0
8,508,0.0
8,509,0.0
8,510,0.0
8,511,26.79589001162185
