generation, individual, diff_after_backprop
0,0,158.61408028221922
0,1,7377.264642422459
0,2,2177.8669139438234
0,3,0.0
0,4,1823.9691414254012
0,5,28.811025564463307
0,6,0.0
0,7,0.0
0,8,23.139412513868592
0,9,0.0
0,10,0.0
0,11,0.0
0,12,16053.542017382748
0,13,0.0
0,14,978.1825194534467
0,15,0.0
0,16,8.551417251459497
0,17,1613.336411588054
0,18,0.0
0,19,0.0
0,20,0.0
0,21,12061.23517698342
0,22,1652.1691894297492
0,23,0.0
0,24,0.0
0,25,21903.471132376733
0,26,0.0
0,27,0.0
0,28,1613.327930803578
0,29,0.0
0,30,0.0
0,31,0.0
0,32,0.0
0,33,0.0
0,34,973.8134264680593
0,35,0.0
0,36,0.0
0,37,0.0
0,38,0.0
0,39,0.0
0,40,0.12613788082671817
0,41,0.0
0,42,0.0
0,43,0.0
0,44,8200.083596499924
0,45,0.0
0,46,0.0
0,47,0.0
0,48,0.0
0,49,0.0
0,50,1747.830089643081
0,51,1850.9091817386216
0,52,0.0
0,53,0.0
0,54,0.0
0,55,19.771324444784113
0,56,907.5111379884656
0,57,1266.6018006953154
0,58,0.0
0,59,0.0
0,60,0.0
0,61,0.0
0,62,0.0
0,63,1664.8314156799897
0,64,0.0
0,65,0.0
0,66,0.0
0,67,0.0
0,68,0.0
0,69,1899.0715404099974
0,70,0.0
0,71,0.0
0,72,0.0
0,73,0.0
0,74,0.0
0,75,0.0
0,76,7427.068689585318
0,77,45.54249670255376
0,78,3111.423790768018
0,79,0.0
0,80,0.0
0,81,0.0
0,82,0.0
0,83,0.0
0,84,0.0
0,85,1783.92901283842
0,86,0.0
0,87,0.0
0,88,0.0
0,89,0.0
0,90,0.0
0,91,0.0
0,92,0.0
0,93,0.0
0,94,0.0
0,95,0.0
0,96,161.45415357948514
0,97,0.0
0,98,1615.0072793652398
0,99,0.0
0,100,34106.18101481235
0,101,1664.6584252314242
0,102,0.0
0,103,0.0
0,104,0.0
0,105,0.0
0,106,0.0
0,107,50.28114728163928
0,108,0.0
0,109,0.0
0,110,0.0
0,111,0.0
0,112,395.9452622710851
0,113,14.906581887810717
0,114,0.0
0,115,0.0
0,116,0.0
0,117,3110.891982734822
0,118,0.0
0,119,20651.540410558464
0,120,1615.0628688274373
0,121,0.0
0,122,31.856529003256583
0,123,0.0
0,124,0.0
0,125,0.0
0,126,0.0
0,127,0.0
0,128,23128.71345127408
0,129,0.0
0,130,20048.78413052261
0,131,0.0
0,132,0.0
0,133,29.425685593362687
0,134,0.0
0,135,0.0
0,136,0.0
0,137,10310.601677778071
0,138,13260.542298670405
0,139,1820.0691986289203
0,140,0.0
0,141,0.0
0,142,0.0
0,143,0.0
0,144,0.0
0,145,0.0
0,146,0.0
0,147,0.0
0,148,1653.0568861046668
0,149,0.0
0,150,0.0
0,151,20913.46205610632
0,152,0.0
0,153,1774.92541486775
0,154,0.0
0,155,0.0
0,156,0.0
0,157,1775.043578481378
0,158,0.0
0,159,0.0
0,160,0.0
0,161,16053.526718140001
0,162,0.0
0,163,0.0
0,164,0.0
0,165,0.0
0,166,1664.8192992784097
0,167,0.0
0,168,0.0
0,169,0.0
0,170,0.0
0,171,0.0
0,172,0.0
0,173,0.0
0,174,0.0
0,175,12499.871712265242
0,176,2855.361772711214
0,177,0.0
0,178,10274.801608795948
0,179,0.0
0,180,0.0
0,181,0.0
0,182,1630.738085978006
0,183,0.0
0,184,0.0
0,185,16.602314093033783
0,186,0.0
0,187,29.569470113340685
0,188,0.0
0,189,0.0
0,190,781.7301020316008
0,191,0.0
0,192,0.0
0,193,0.0
0,194,1497.113231606152
0,195,0.0
0,196,0.0
0,197,0.0
0,198,29.425685593362687
0,199,2105.526756638046
0,200,0.0
0,201,1803.1162944532043
0,202,0.0
0,203,0.0
0,204,0.0
0,205,0.0
0,206,3185.912081983277
0,207,1803.5813840156516
0,208,0.0
0,209,0.0
0,210,17.597224072919744
0,211,0.0
0,212,0.0
0,213,0.0
0,214,0.0
0,215,0.0
0,216,0.0
0,217,164.57037413708167
0,218,0.0
0,219,1003.518008152023
0,220,0.0
0,221,0.0
0,222,0.0
0,223,0.0
0,224,0.0
0,225,0.0
0,226,27.891547377344978
0,227,10776.224512367346
0,228,0.0
0,229,0.0
0,230,1664.6153141323957
0,231,6394.860382082068
0,232,0.0
0,233,0.0
0,234,0.0
0,235,11406.724336007239
0,236,0.0
0,237,0.0
0,238,1241.4551975914064
0,239,0.0
0,240,0.0
0,241,0.0
0,242,0.0
0,243,0.0
0,244,1701.1874539803212
0,245,16879.61435370078
0,246,0.0
0,247,1735.929421150544
0,248,16506.882676749756
0,249,772.149319140306
0,250,1613.2768019003997
0,251,0.0
0,252,0.0
0,253,0.0
0,254,0.0
0,255,0.0
0,256,0.0
0,257,0.0
0,258,0.0
0,259,0.0
0,260,1630.683060483003
0,261,1711.3408174101023
0,262,1613.1549982510005
0,263,1664.6701372910175
0,264,0.0
0,265,0.0
0,266,0.0
0,267,2854.5600221760287
0,268,0.0
0,269,240.12386285355024
0,270,10714.365157186036
0,271,0.0
0,272,0.0
0,273,2.13913348911683
0,274,0.0
0,275,15.435209942799702
0,276,0.0
0,277,1294.9847289010795
0,278,0.0
0,279,0.0
0,280,0.0
0,281,0.0
0,282,0.0
0,283,14.801765153980341
0,284,23269.524587327145
0,285,0.0
0,286,0.0
0,287,0.0
0,288,0.0
0,289,0.0
0,290,0.0
0,291,0.0
0,292,0.0
0,293,0.0
0,294,8499.865467234718
0,295,14.906581887810717
0,296,0.0
0,297,20818.14038044468
0,298,1461.3822574248115
0,299,0.0
0,300,10763.66959851668
0,301,0.0
0,302,0.0
0,303,1642.6151563977437
0,304,0.0
0,305,0.0
0,306,20.589673158934602
0,307,0.0
0,308,0.0
0,309,1497.3144690282897
0,310,48378.33896855363
0,311,0.0
0,312,0.0
0,313,7805.708483646
0,314,19074.19742915548
0,315,0.0
0,316,0.0
0,317,0.0
0,318,0.0
0,319,0.0
0,320,14084.225604249661
0,321,0.0
0,322,0.0
0,323,0.0
0,324,0.0
0,325,0.0
0,326,0.0
0,327,1615.0122667343167
0,328,0.0
0,329,0.0
0,330,30.141403161721428
0,331,0.0
0,332,0.0
0,333,0.0
0,334,21151.19963107975
0,335,0.0
0,336,0.0
0,337,0.0
0,338,0.0
0,339,0.0
0,340,0.0
0,341,0.0
0,342,0.0
0,343,21542.485339411553
0,344,0.0
0,345,1.3524159919024896
0,346,0.0
0,347,0.0
0,348,0.0
0,349,0.0
0,350,0.0
0,351,0.0
0,352,1664.7491349721495
0,353,0.0
0,354,0.0
0,355,7843.986300107101
0,356,0.0
0,357,0.0
0,358,0.0
0,359,1613.1849193109156
0,360,0.0
0,361,1258.0474952632958
0,362,0.0
0,363,0.0
0,364,3172.1399664644996
0,365,5591.012155196781
0,366,0.0
0,367,0.0
0,368,1642.6971890481364
0,369,5902.316474161289
0,370,0.0
0,371,20826.54302444576
0,372,0.0
0,373,0.0
0,374,1722.4962888570371
0,375,27517.8213672025
0,376,11436.734674148713
0,377,1850.2582753510433
0,378,0.0
0,379,7644.471268867532
0,380,0.0
0,381,0.0
0,382,0.0
0,383,0.0
0,384,155.72567637568864
0,385,0.0
0,386,0.0
0,387,0.0
0,388,0.0
0,389,0.0
0,390,26.905804163428
0,391,0.0
0,392,0.0
0,393,0.0
0,394,0.0
0,395,0.0
0,396,0.0
0,397,0.0
0,398,0.0
0,399,0.0
0,400,0.0
0,401,0.0
0,402,0.0
0,403,0.0
0,404,0.0
0,405,1779.1426233656748
0,406,0.0
0,407,907.5111379884656
0,408,0.0
0,409,0.0
0,410,0.0
0,411,0.0
0,412,0.0
0,413,11663.987030244563
0,414,3087.7441466713135
0,415,0.0
0,416,0.0
0,417,0.0
0,418,0.0
0,419,22.043945699308097
0,420,0.0
0,421,0.0
0,422,0.0
0,423,0.0
0,424,1613.2698575061768
0,425,0.0
0,426,1613.1099373102588
0,427,0.0
0,428,0.0
0,429,1664.760147585821
0,430,16109.138223330927
0,431,0.0
0,432,0.0
0,433,216.56782219614252
0,434,0.0
0,435,0.0
0,436,0.0
0,437,0.0
0,438,0.0
0,439,0.0
0,440,0.0
0,441,0.0
0,442,0.0
0,443,22482.29461753373
0,444,0.0
0,445,0.0
0,446,1822.4389671846438
0,447,0.0
0,448,19.34867078647403
0,449,0.0
0,450,0.0
0,451,0.0
0,452,0.0
0,453,0.0
0,454,0.0
0,455,16517.555095591782
0,456,0.0
0,457,0.0
0,458,0.0
0,459,1615.089320863346
0,460,0.0
0,461,8332.9522417386
0,462,0.0
0,463,1747.8700829562513
0,464,0.0
0,465,0.0
0,466,0.0
0,467,0.0
0,468,0.0
0,469,0.0
0,470,0.0
0,471,0.0
0,472,0.0
0,473,0.0
0,474,0.0
0,475,0.0
0,476,0.0
0,477,0.0
0,478,17927.131279925976
0,479,0.0
0,480,0.0
0,481,1241.2749850334476
0,482,0.0
0,483,0.0
0,484,20719.808831494338
0,485,21081.14087227445
0,486,10092.135890032478
0,487,1462.5523809990773
0,488,111.66306408137098
0,489,16879.526750154764
0,490,22.64447559305154
0,491,0.0
0,492,2054.1240912141075
0,493,10474.63039945318
0,494,0.0
0,495,12503.783797174827
0,496,10274.801608795948
0,497,1615.0628688274373
0,498,0.0
0,499,0.0
0,500,0.0
0,501,0.0
0,502,0.0
0,503,1660.097734474246
0,504,0.0
0,505,0.0
0,506,0.0
0,507,1664.6129687694338
0,508,1615.0739997248893
0,509,0.0
0,510,10560.591823428596
0,511,0.0
1,0,0.0
1,1,0.0
1,2,1664.768788007641
1,3,1459.582458093144
1,4,0.0
1,5,0.0
1,6,0.0
1,7,31.25703423079085
1,8,1559.0780099577933
1,9,238.02205936499195
1,10,2133.644315270136
1,11,1458.8615595810297
1,12,0.0
1,13,29.80390829607859
1,14,0.0
1,15,1124.208800425713
1,16,0.0
1,17,0.0
1,18,0.0
1,19,1642.6151563977437
1,20,1348.8284296425118
1,21,0.0
1,22,2055.568743088683
1,23,0.0
1,24,0.0
1,25,0.0
1,26,2133.644315270136
1,27,0.0
1,28,0.0
1,29,0.0
1,30,26393.95061737565
1,31,57.56375819522691
1,32,15591.39854421584
1,33,0.0
1,34,4767.282100055356
1,35,1667.9447580467458
1,36,1362.0627742902834
1,37,1245.5607192351627
1,38,0.0
1,39,0.0
1,40,19638.027372969176
1,41,9975.51666650227
1,42,1763.4156431958108
1,43,0.0
1,44,4093.7900032749476
1,45,0.0
1,46,0.0
1,47,0.0
1,48,1683.4683258993318
1,49,1799.1110248211226
1,50,0.0
1,51,0.0
1,52,35.29879119054385
1,53,0.0
1,54,15.969558553486422
1,55,16464.40939190704
1,56,3412.0934523527867
1,57,0.0
1,58,20921.650366128455
1,59,53.058714231964586
1,60,6.971006247269543
1,61,0.0
1,62,0.0
1,63,9.663476845948026
1,64,2768.110825105715
1,65,0.0
1,66,1655.467316210459
1,67,12302.343152148997
1,68,0.0
1,69,0.0
1,70,3.2004823125598705
1,71,1664.6599385747759
1,72,0.0
1,73,1489.0003185343485
1,74,0.0
1,75,1739.7107608181432
1,76,19.34265799195964
1,77,0.0
1,78,21580.71377201329
1,79,24.30786967957556
1,80,0.0
1,81,20938.371522439487
1,82,0.0
1,83,2.2006665405106105
1,84,0.0
1,85,1461.1475962897202
1,86,11595.698790113192
1,87,0.0
1,88,0.0
1,89,0.0
1,90,32.045041386758385
1,91,0.0
1,92,0.0
1,93,0.0
1,94,18.6238797080714
1,95,0.0
1,96,0.0
1,97,0.0
1,98,2129.1829925643287
1,99,28.127443729146762
1,100,1509.0139551057437
1,101,0.0
1,102,0.0
1,103,18.8167102090556
1,104,43.363606634122334
1,105,0.0
1,106,0.0
1,107,0.0
1,108,10.29748047146677
1,109,12760.57997017882
1,110,12727.46617615741
1,111,0.0
1,112,1613.1707190963061
1,113,0.0
1,114,0.0
1,115,0.0
1,116,4.0789789364353055
1,117,0.0
1,118,3319.5193111823173
1,119,0.0
1,120,0.0
1,121,10.763551143928453
1,122,0.0
1,123,0.0
1,124,0.0
1,125,14523.413798372387
1,126,0.0
1,127,0.0
1,128,1687.167784792924
1,129,0.0
1,130,0.0
1,131,0.0
1,132,0.0
1,133,20742.098995779084
1,134,0.0
1,135,0.0
1,136,12747.353274438661
1,137,0.0
1,138,0.0
1,139,0.0
1,140,0.0
1,141,0.0
1,142,1508.941512139274
1,143,0.0
1,144,14.570150186003048
1,145,1349.8970751574489
1,146,8.382401170250887
1,147,0.0
1,148,0.0
1,149,0.0
1,150,0.0
1,151,18.02306222538118
1,152,0.0
1,153,2127.9254689689624
1,154,0.0
1,155,0.0
1,156,13778.257717811957
1,157,1804.2360888747498
1,158,18478.042565664684
1,159,12.15874224905383
1,160,0.0
1,161,0.0
1,162,0.0
1,163,4178.726295360491
1,164,25.16102384084752
1,165,0.0
1,166,4891.310423780378
1,167,0.0
1,168,53.12066736176985
1,169,13.049617330711953
1,170,0.0
1,171,0.0
1,172,0.0
1,173,0.0
1,174,18632.6882951748
1,175,0.0
1,176,0.0
1,177,0.0
1,178,0.0
1,179,0.0
1,180,1539.6857567438456
1,181,0.0
1,182,0.0
1,183,0.0
1,184,0.0
1,185,17594.746835173617
1,186,328.21051293129403
1,187,2778.984496167188
1,188,10.77443639143712
1,189,0.0
1,190,0.0
1,191,9.97897112229657
1,192,0.0
1,193,0.0
1,194,46514.04625807444
1,195,0.0
1,196,0.0
1,197,0.0
1,198,1462.5523809990773
1,199,10.951899702260562
1,200,0.0
1,201,0.0
1,202,0.0
1,203,0.0
1,204,0.0
1,205,0.0
1,206,5077.739491199463
1,207,0.0
1,208,292.1403762082682
1,209,14.614630794266304
1,210,0.0
1,211,21017.604961351666
1,212,0.0
1,213,0.0
1,214,2.147279188162429
1,215,192080.23991921818
1,216,8325.249458596747
1,217,171.4146018172396
1,218,1461.0577697162225
1,219,0.0
1,220,49.37571656221735
1,221,0.0
1,222,0.0
1,223,0.0
1,224,0.0
1,225,3622.145674347201
1,226,1655.9295846314417
1,227,10.852080930939337
1,228,0.0
1,229,0.0
1,230,1832.6042995119642
1,231,0.0
1,232,0.0
1,233,504.57094359215625
1,234,0.0
1,235,0.0
1,236,0.0
1,237,1490.805931800147
1,238,0.0
1,239,0.0
1,240,0.0
1,241,3316.7707000021283
1,242,1232.5547044812884
1,243,0.0
1,244,11.473018494620192
1,245,17.96608278403164
1,246,22.379326046602728
1,247,0.0
1,248,0.0
1,249,0.0
1,250,1778.5935135537547
1,251,0.0
1,252,0.0
1,253,0.0
1,254,19.408199452478584
1,255,0.0
1,256,28.984460700610725
1,257,0.0
1,258,0.0
1,259,0.0
1,260,22103.58452782946
1,261,1655.7507322912825
1,262,0.0
1,263,0.0
1,264,28.984460700610725
1,265,0.0
1,266,14720.29101533873
1,267,0.0
1,268,20409.996647710344
1,269,0.0
1,270,1980.0533641207921
1,271,25.750353920535417
1,272,21596.57293430412
1,273,38.52902733272458
1,274,18.19321317779213
1,275,0.0
1,276,2810.965780273091
1,277,9.96192922677983
1,278,16.31222648453422
1,279,0.0
1,280,0.0
1,281,14961.431599722664
1,282,14971.312834022257
1,283,10.174442517204625
1,284,0.0
1,285,48.234418593934606
1,286,0.0
1,287,0.0
1,288,1641.308782573975
1,289,33.11233593598536
1,290,0.0
1,291,10.951899702260562
1,292,1349.8970751574489
1,293,0.0
1,294,2128.5384516383383
1,295,0.0
1,296,0.0
1,297,1679.8722927890267
1,298,1613.2578013726888
1,299,28.127443729146762
1,300,25.215606541548368
1,301,0.0
1,302,1579.514281949403
1,303,5519.5304841956495
1,304,1459.1649070705935
1,305,0.0
1,306,0.0
1,307,11593.750462139567
1,308,0.0
1,309,388.36297606114476
1,310,0.0
1,311,0.0
1,312,0.0
1,313,0.0
1,314,25.15959447015939
1,315,1536.6203687966954
1,316,0.0
1,317,16454.022706945438
1,318,21.908209672154953
1,319,19.665112135092386
1,320,0.0
1,321,0.07147377327601134
1,322,0.0
1,323,0.0
1,324,18474.30878334009
1,325,0.0
1,326,0.0
1,327,0.0
1,328,38.691278770395
1,329,172.53906709921102
1,330,133801.05460230054
1,331,28.127443729146762
1,332,1458.0347236348243
1,333,35.660630569306704
1,334,0.0
1,335,22.64447559305154
1,336,1575.063829320974
1,337,0.0
1,338,0.0
1,339,0.0
1,340,1669.2013839194697
1,341,1488.853443547392
1,342,1349.8970751574489
1,343,0.0
1,344,1491.0521527030578
1,345,0.0
1,346,1496.5688870022132
1,347,6132.255085354278
1,348,12171.169497034405
1,349,0.0
1,350,2127.9134819591673
1,351,0.0
1,352,1348.7739656210615
1,353,0.0
1,354,-39608.168391437626
1,355,14618.978033897558
1,356,1462.6187844449887
1,357,0.0
1,358,0.0
1,359,1073.4677281819604
1,360,2778.984496167188
1,361,0.0
1,362,1613.2560508927527
1,363,0.0
1,364,1818.0560683199037
1,365,0.0
1,366,0.0
1,367,0.0
1,368,25.15959447015939
1,369,0.0
1,370,23070.130247171943
1,371,1578.743668301926
1,372,2742.6877509471706
1,373,16.245986304472353
1,374,0.0
1,375,20413.847900364854
1,376,1735.9529337338026
1,377,0.0
1,378,28.364420812312346
1,379,0.0
1,380,1461.3878035096313
1,381,0.0
1,382,0.0
1,383,73.36312771659232
1,384,0.0
1,385,9.663476845948026
1,386,10.05418212877612
1,387,14.321221952889573
1,388,0.0
1,389,0.0
1,390,0.0
1,391,1719.167929022089
1,392,0.0
1,393,0.0
1,394,83.53949702506361
1,395,0.0
1,396,0.0
1,397,0.0
1,398,0.0
1,399,0.0
1,400,0.0
1,401,0.0
1,402,23345.530725938297
1,403,395.9452622710851
1,404,0.0
1,405,18.924882356581293
1,406,1490.8728863767465
1,407,0.0
1,408,0.0
1,409,0.0
1,410,0.0
1,411,0.0
1,412,6591.019090788702
1,413,0.0
1,414,18.128264821162702
1,415,0.0
1,416,0.0
1,417,11216.186870201747
1,418,1613.1876585829486
1,419,0.0
1,420,0.0
1,421,0.0
1,422,0.0
1,423,0.0
1,424,19.559045432972198
1,425,0.0
1,426,0.06848953786538914
1,427,0.0
1,428,0.07369614611616271
1,429,0.0
1,430,0.0
1,431,1348.8284296425118
1,432,1681.0110652636395
1,433,0.0
1,434,0.0
1,435,0.0
1,436,2403.0917682680083
1,437,0.0
1,438,0.0
1,439,0.0
1,440,0.0
1,441,1613.072011108332
1,442,0.0
1,443,1461.1475962897202
1,444,0.0
1,445,2961.8662954849833
1,446,16504.87436218534
1,447,0.0
1,448,147.5032155989793
1,449,20457.97739102479
1,450,0.0
1,451,0.0
1,452,1719.1003258932724
1,453,3308.985928839129
1,454,1746.4860129502704
1,455,27.813625480235714
1,456,0.0
1,457,0.0
1,458,0.0
1,459,20365.824212585416
1,460,29.000775933519435
1,461,1349.8970751574489
1,462,10.251185583379083
1,463,404.6431326439488
1,464,0.0
1,465,1489.0792659365143
1,466,1241.6712568639823
1,467,18.01882586183183
1,468,76368.9283872422
1,469,127.93554936768851
1,470,1652.9778838979546
1,471,0.0
1,472,0.0
1,473,0.0
1,474,22.379326046602728
1,475,0.0
1,476,1381.9764012744527
1,477,0.0
1,478,0.0
1,479,0.0
1,480,0.0
1,481,0.0
1,482,0.0
1,483,0.0
1,484,0.0
1,485,0.0
1,486,9506.478801011472
1,487,0.0
1,488,916.3355881127673
1,489,0.0
1,490,0.0
1,491,0.0
1,492,24.71723326931442
1,493,12754.080687248932
1,494,0.0
1,495,0.0
1,496,0.0
1,497,21.597850355224182
1,498,0.0
1,499,0.0
1,500,29.472084978303428
1,501,0.0
1,502,0.0
1,503,0.0
1,504,1463.1115565180953
1,505,7711.150156566935
1,506,0.0
1,507,25.518831372270142
1,508,0.0
1,509,0.0
1,510,0.0
1,511,0.0
2,0,35.49852341345468
2,1,34.53086403776797
2,2,37.87871247871408
2,3,0.0
2,4,0.0
2,5,0.0
2,6,13.969203923241366
2,7,1.9695532510968405
2,8,0.0
2,9,19.414465663699048
2,10,8.406838962780057
2,11,2135.333060437082
2,12,0.0
2,13,0.0
2,14,0.0
2,15,18.90060568185254
2,16,29.423403902565042
2,17,35.97867372152359
2,18,0.0
2,19,25.719958785292874
2,20,0.0
2,21,54581.07029796701
2,22,25.15959447015939
2,23,0.0
2,24,1459.582458093144
2,25,0.0
2,26,0.0
2,27,0.0
2,28,28.127443729146762
2,29,0.0
2,30,0.0
2,31,10.951899702260562
2,32,0.0
2,33,34.53086403776797
2,34,6.861194543477723
2,35,0.0
2,36,14964.900190934399
2,37,0.0
2,38,0.0
2,39,78.761587627896
2,40,25.35448447726685
2,41,0.0
2,42,63799.38974818883
2,43,0.0
2,44,0.0
2,45,0.0
2,46,83471.39040393126
2,47,1539.302888055703
2,48,1638.051578475719
2,49,0.0
2,50,2134.3691314545467
2,51,27.00359004603979
2,52,1460.1325684624207
2,53,0.0
2,54,23345.87445309983
2,55,0.0
2,56,19.169648783438788
2,57,1462.5523809990773
2,58,26.0892737417862
2,59,0.0
2,60,0.0
2,61,25.310882963147378
2,62,29.000775933519435
2,63,58.537400780922326
2,64,20.42766409365322
2,65,0.0
2,66,102.80327201437012
2,67,3.8224285174701436
2,68,0.0
2,69,25.172965828730412
2,70,0.8618573158464642
2,71,35.2014952660702
2,72,0.0
2,73,2134.091946882949
2,74,0.0
2,75,102.03142541955458
2,76,0.0
2,77,0.0
2,78,0.0
2,79,0.0
2,80,0.0
2,81,27.727116674116587
2,82,25.653068609799448
2,83,27.303612914456608
2,84,1652.8178025597954
2,85,1652.7233837244603
2,86,24.71723326931442
2,87,0.0
2,88,56.02831216968116
2,89,0.0
2,90,0.0
2,91,1649.2588412436853
2,92,1638.07048949218
2,93,0.0
2,94,0.0
2,95,0.0
2,96,19.43959212189384
2,97,3.915775311478683
2,98,0.0
2,99,1432.6836471122742
2,100,53.74857747864462
2,101,1676.7585665369952
2,102,0.0
2,103,29.67066810200413
2,104,0.0
2,105,0.0
2,106,11.164510951691227
2,107,24.347293665036887
2,108,7.898855904762058
2,109,0.0
2,110,35.49852341345468
2,111,42.63515658736742
2,112,0.0
2,113,0.0
2,114,19849.594876551666
2,115,0.0
2,116,1029.970487587585
2,117,5561.074404629222
2,118,0.0
2,119,0.0
2,120,0.0
2,121,0.0
2,122,0.0
2,123,0.0
2,124,269.656142522399
2,125,28.441982169592848
2,126,0.0
2,127,0.0
2,128,26.15092472019751
2,129,16.3644667134713
2,130,2132.7193996644673
2,131,0.0
2,132,0.0
2,133,0.0
2,134,0.0
2,135,28.376512722466032
2,136,17.73502326324342
2,137,19.196779091386816
2,138,1.550176522705442
2,139,17.46346092819749
2,140,20738.994541183274
2,141,26.538723578291865
2,142,75.35864179102919
2,143,6391.8189180242225
2,144,0.0
2,145,21116.45187070813
2,146,0.0
2,147,0.0
2,148,2078.4079867229157
2,149,1460.1141419971354
2,150,0.0
2,151,0.0
2,152,0.0
2,153,20.44837808201646
2,154,0.0
2,155,0.0
2,156,29.425685593362687
2,157,4.079346966454068
2,158,20.69356444792993
2,159,28.684975696899528
2,160,0.0
2,161,1719.2017858926301
2,162,65347.00626533312
2,163,0.0
2,164,0.0
2,165,0.0
2,166,3000.9344500153456
2,167,0.0
2,168,36.352103731046554
2,169,0.0
2,170,0.0
2,171,0.0
2,172,0.0
2,173,2741.573276042931
2,174,79.72126475895948
2,175,358.3611502869053
2,176,0.0
2,177,0.0
2,178,0.0
2,179,0.0
2,180,15.932751865206228
2,181,25.282732191143623
2,182,36.55305411880909
2,183,0.0
2,184,0.0
2,185,16.147676715385387
2,186,0.0
2,187,3923.6526403262433
2,188,36.184864909876524
2,189,1459.097676648722
2,190,1649.558605976642
2,191,28.376512722466032
2,192,0.0
2,193,8.553720651436379
2,194,0.0
2,195,0.0
2,196,10.518823225282176
2,197,19.81291282451548
2,198,10.359295897630545
2,199,0.0
2,200,25.428412377624227
2,201,20.33354288278133
2,202,1789.8580735002124
2,203,12.863353947873293
2,204,0.0
2,205,9.615949871943485
2,206,0.0
2,207,0.0
2,208,0.0
2,209,1652.7654895936103
2,210,63273.74148857637
2,211,0.0
2,212,4.0754703393467935
2,213,25.783663691482616
2,214,0.0
2,215,36993.80478176314
2,216,21117.041481645647
2,217,0.0
2,218,502.8843701533542
2,219,0.0
2,220,0.0
2,221,1652.857733148372
2,222,11.76211456076635
2,223,72.58961531042223
2,224,25.15959447015939
2,225,0.0
2,226,0.0
2,227,0.0
2,228,21127.40207033959
2,229,2.0605423840988806
2,230,26.29291819113587
2,231,0.0
2,232,0.0
2,233,0.0
2,234,28.441982169592848
2,235,0.0
2,236,10.20929381210044
2,237,2742.6877509471706
2,238,0.0
2,239,68.82790111891518
2,240,35.015485174761125
2,241,34.36421705666453
2,242,0.0
2,243,41.81395938595142
2,244,0.0
2,245,8.382401170250887
2,246,54966.83187169033
2,247,8331.918904589507
2,248,0.0
2,249,35.68161370524467
2,250,0.0
2,251,0.0
2,252,0.0
2,253,12.95542626356928
2,254,0.0
2,255,20.72016325784898
2,256,34.4759468565353
2,257,0.0
2,258,0.0
2,259,0.0
2,260,1578.724107375103
2,261,2135.333060437082
2,262,30.859554514485353
2,263,953.6374403340633
2,264,26.815054115351813
2,265,35.13152503857509
2,266,1578.7430703015198
2,267,0.0
2,268,1752.2679467473354
2,269,0.0
2,270,0.0
2,271,1667.74530264442
2,272,29.83369125963054
2,273,0.0
2,274,0.0
2,275,8.382401170250887
2,276,0.0
2,277,17.849983463456738
2,278,35.660630569306704
2,279,0.0
2,280,0.0
2,281,178.62643502666106
2,282,35.97867372152359
2,283,0.0
2,284,38.80736841534781
2,285,29.425685593362687
2,286,0.0
2,287,35.43610745646038
2,288,0.0
2,289,310.8505041633425
2,290,133.26066898375393
2,291,24.720628306956314
2,292,0.0
2,293,69346.90395258332
2,294,16.205442443119864
2,295,0.0
2,296,84197.42795259917
2,297,26.94733206712681
2,298,0.0
2,299,15.614653067625113
2,300,49.127824349723596
2,301,0.0
2,302,154.4741821055468
2,303,27.303612914456608
2,304,15.433928706826919
2,305,267.79486564767103
2,306,21.021373723798206
2,307,30.43529318529363
2,308,0.0
2,309,35.7768835636889
2,310,1578.6144859707965
2,311,1460.1325684624207
2,312,19.54558853911658
2,313,0.0
2,314,0.0
2,315,0.0
2,316,0.0
2,317,17.28525594673556
2,318,0.0
2,319,0.0
2,320,36.01133348491112
2,321,0.0
2,322,1578.6850536922757
2,323,0.0
2,324,0.0
2,325,28.083117591286282
2,326,0.0
2,327,43.99475517819428
2,328,0.0
2,329,55498.31138458469
2,330,35.13152503857509
2,331,0.0
2,332,29.000775933519435
2,333,9.977614161533893
2,334,16.151707105062997
2,335,0.0
2,336,29.051459309140228
2,337,54.789229561526554
2,338,98.40203819127964
2,339,82.85191583923643
2,340,0.0
2,341,1.3524159919024896
2,342,20697.987186526727
2,343,0.0
2,344,35.851082162168495
2,345,0.8618573158464642
2,346,27.95972625398099
2,347,29.177010281782714
2,348,16.147676715385387
2,349,23377.010036000982
2,350,1649.3014229781584
2,351,0.0
2,352,0.0
2,353,35.179360965533306
2,354,5585.799319658995
2,355,25.15959447015939
2,356,0.0
2,357,9.971093585408198
2,358,4.091748620965518
2,359,43.459200659546696
2,360,0.0
2,361,35.24532273292516
2,362,0.0
2,363,0.0
2,364,25.204568058887162
2,365,0.0
2,366,10110.981255513216
2,367,0.0
2,368,747.8742552220901
2,369,10.484742726028344
2,370,0.0
2,371,28.405755195265556
2,372,120.83638581789637
2,373,0.0
2,374,0.0
2,375,0.0
2,376,0.0
2,377,0.0
2,378,498.49891818573997
2,379,36.719460918512596
2,380,13.17164917446189
2,381,10.806244774244078
2,382,39.84433535320204
2,383,25.518831372270142
2,384,18.131181843710692
2,385,0.0
2,386,3.267615982321331
2,387,29.67066810200413
2,388,0.0
2,389,0.0
2,390,0.0
2,391,0.0
2,392,0.0
2,393,0.0
2,394,26.465490145783406
2,395,0.0
2,396,23.536266456872
2,397,0.0
2,398,35.55442965139082
2,399,0.0
2,400,1676.4889678549116
2,401,0.0
2,402,0.0
2,403,0.0
2,404,0.0
2,405,0.0
2,406,25.15959447015939
2,407,0.0
2,408,16.61224695261717
2,409,1578.9484259357741
2,410,0.0
2,411,29.183222624384143
2,412,0.0
2,413,0.0
2,414,0.0
2,415,35.31425437408598
2,416,20.80316507664793
2,417,0.0
2,418,1578.2586641815105
2,419,13.356356253896593
2,420,0.0
2,421,0.0
2,422,0.0
2,423,0.0
2,424,0.0
2,425,1652.7983532033759
2,426,1676.761313959767
2,427,1399.8799489403318
2,428,61.54449423834649
2,429,19.555823519234764
2,430,0.0
2,431,26.912496585499866
2,432,0.0
2,433,20.628946535043724
2,434,28.984460700610725
2,435,35.13152503857509
2,436,35.43610745646038
2,437,0.0
2,438,0.0
2,439,0.0
2,440,0.0
2,441,0.0
2,442,0.0
2,443,25.532111061319483
2,444,24.109679559298456
2,445,0.0
2,446,0.0
2,447,0.0
2,448,12.156409523988259
2,449,0.0
2,450,0.0
2,451,0.0
2,452,0.0
2,453,41.42673202259175
2,454,29.558916884619975
2,455,0.0
2,456,0.0
2,457,15.299598330861045
2,458,0.0
2,459,0.0
2,460,0.0
2,461,0.0
2,462,0.0
2,463,0.0
2,464,27.303612914456608
2,465,0.0
2,466,36.719460918512596
2,467,0.0
2,468,0.0
2,469,1648.7617361052362
2,470,0.0
2,471,25.815943443246397
2,472,16.2311386387355
2,473,9419.198881956772
2,474,0.0
2,475,0.0
2,476,26.64010612246875
2,477,0.0
2,478,0.0
2,479,18.277317827280058
2,480,0.0
2,481,16.17540989369627
2,482,0.0
2,483,27.259211471348863
2,484,27.06318545632348
2,485,28.98134027105607
2,486,0.0
2,487,0.0
2,488,0.0
2,489,43.74666166160023
2,490,0.0
2,491,0.0
2,492,0.0
2,493,0.0
2,494,20.58855202505947
2,495,8.367346704711963
2,496,27.792638782694667
2,497,35.851082162168495
2,498,24.36302279798565
2,499,213.78279470471807
2,500,0.0
2,501,289.92959009744845
2,502,28.127443729146762
2,503,880.8022296426425
2,504,18.19358414040562
2,505,0.0
2,506,20.499261958637362
2,507,20.628946535043724
2,508,0.0
2,509,0.0
2,510,29.15735540829155
2,511,0.0
3,0,2148.216213455322
3,1,0.0
3,2,37.1377010737051
3,3,0.0
3,4,29.171647681980176
3,5,2126.01624816161
3,6,1719.747643645569
3,7,2133.8000680166406
3,8,22.635508294332794
3,9,34.45899307822583
3,10,29.545043109805192
3,11,36.453898896555984
3,12,0.0
3,13,0.0
3,14,0.0
3,15,25.97525811927062
3,16,0.0
3,17,0.0
3,18,16.61224695261717
3,19,0.0
3,20,34.91106670615045
3,21,0.0
3,22,4.076443684064543
3,23,0.0
3,24,24.540063425207336
3,25,0.0
3,26,21.415035678344793
3,27,0.0
3,28,1454.923251233613
3,29,0.0
3,30,34.45899307822583
3,31,18.620222106615074
3,32,0.0
3,33,23.019207025704418
3,34,11.535889800409677
3,35,0.0
3,36,1719.3857743999288
3,37,14825.404956691222
3,38,0.0
3,39,18.48920419924798
3,40,0.0
3,41,0.0
3,42,0.0
3,43,50.143977634843395
3,44,19.870773616627048
3,45,0.0
3,46,13.070881860772715
3,47,36.02639395939332
3,48,0.0
3,49,24.718723502930516
3,50,36.719460918512596
3,51,34.53086403776797
3,52,1579.4921679214349
3,53,0.0
3,54,0.0
3,55,2127.9134819591673
3,56,0.0
3,57,0.0
3,58,25.0108874482421
3,59,14.180516274035654
3,60,0.0
3,61,0.0
3,62,57713.79090009484
3,63,18.57016790258149
3,64,29.178896046847512
3,65,78.98893201394094
3,66,36.11715960822039
3,67,0.0
3,68,38.476787481278734
3,69,0.0
3,70,0.0
3,71,19.870773616627048
3,72,34.53086403776797
3,73,0.0
3,74,0.0
3,75,29.182002864939022
3,76,0.0
3,77,0.0
3,78,28.684975696899528
3,79,0.0
3,80,26.072932165000566
3,81,0.0
3,82,36.719460918512596
3,83,2959.9905735358807
3,84,83011.50471001677
3,85,16.61224695261717
3,86,0.0
3,87,1459.097676648722
3,88,0.0
3,89,0.0
3,90,34.53086403776797
3,91,0.0
3,92,0.0
3,93,2126.01624816161
3,94,0.0
3,95,1578.5147578150027
3,96,18653.14599076429
3,97,0.0
3,98,0.0
3,99,61969.56891160381
3,100,0.0
3,101,0.0
3,102,0.0
3,103,1468.5146504021905
3,104,19.79186725983891
3,105,35.66830589206984
3,106,2279.4517533005783
3,107,34.45899307822583
3,108,0.0
3,109,0.0
3,110,36.719460918512596
3,111,76.88946322638276
3,112,29.181990346152816
3,113,0.0
3,114,0.0
3,115,32.272506465196784
3,116,0.0
3,117,1719.8444794148381
3,118,29.161892357359648
3,119,0.0
3,120,26.200408221897305
3,121,0.0
3,122,71518.59984600547
3,123,25.97525811927062
3,124,36.719460918512596
3,125,6615.390928239919
3,126,0.0
3,127,0.0
3,128,32.645290113272495
3,129,0.0
3,130,0.0
3,131,1719.4857078964524
3,132,0.0
3,133,11.075541794221863
3,134,23377.010036000982
3,135,0.0
3,136,0.0
3,137,40.64581542974247
3,138,0.0
3,139,31.550999250366658
3,140,0.0
3,141,29.53299013515334
3,142,15.535244215448984
3,143,0.0
3,144,755.0321327869933
3,145,0.0
3,146,0.0
3,147,0.0
3,148,30.16208572015057
3,149,1460.1141419971354
3,150,36.719460918512596
3,151,18.57016790258149
3,152,0.0
3,153,0.0
3,154,0.0
3,155,36.719460918512596
3,156,0.0
3,157,13.913954434775405
3,158,25.876347622011963
3,159,19.870773616627048
3,160,36.11715960822039
3,161,30.94265663934948
3,162,0.0
3,163,0.0
3,164,35.7085876467936
3,165,2126.2788878667307
3,166,10.497574451766923
3,167,0.0
3,168,1650.911289911117
3,169,2131.552953383918
3,170,0.0
3,171,0.0
3,172,0.0
3,173,34.53086403776797
3,174,0.0
3,175,36.26030261301912
3,176,0.0
3,177,38.52902733272458
3,178,0.0
3,179,18.901172318680437
3,180,35.97867372152359
3,181,15.969029221062556
3,182,0.0
3,183,0.0
3,184,0.0
3,185,0.0
3,186,0.0
3,187,38.219648319679436
3,188,0.0
3,189,0.0
3,190,4375.639526109344
3,191,0.0
3,192,0.0
3,193,29.390854158275943
3,194,28.376512722466032
3,195,20.866452149917677
3,196,18.277317827280058
3,197,1470.8861217500707
3,198,1468.5146504021905
3,199,2125.9817514180395
3,200,18.25936030900175
3,201,0.0
3,202,22678.71872023966
3,203,36.05710604870637
3,204,29.14856331318697
3,205,26.527170773189027
3,206,25.173009455056672
3,207,0.0
3,208,0.0
3,209,0.0
3,210,37.904589788533485
3,211,0.0
3,212,0.0
3,213,38.1787742067454
3,214,0.0
3,215,0.0
3,216,1562.717983053204
3,217,13.30752196121557
3,218,0.0
3,219,28.441982169592848
3,220,0.0
3,221,34.45899307822583
3,222,25.333738215780613
3,223,0.0
3,224,0.0
3,225,29.000775933519435
3,226,37.700184627573435
3,227,0.0
3,228,0.0
3,229,0.0
3,230,29.53299013515334
3,231,1578.9118361096844
3,232,0.0
3,233,25.290620138411214
3,234,0.0
3,235,0.0
3,236,0.0
3,237,28.98407346003387
3,238,0.0
3,239,0.0
3,240,0.0
3,241,25.29254511660656
3,242,23.189852346326006
3,243,47.37442211234702
3,244,36.719460918512596
3,245,0.0
3,246,18.901172318680437
3,247,0.0
3,248,0.0
3,249,34.53086403776797
3,250,0.0
3,251,37.41700915198635
3,252,35.922291169540586
3,253,0.0
3,254,20.880218807323217
3,255,28.376512722466032
3,256,25.290620138411214
3,257,36.719460918512596
3,258,28.609798821527875
3,259,0.0
3,260,0.0
3,261,18.546128482784297
3,262,28.44557988957422
3,263,0.0
3,264,0.0
3,265,2486.1692088361524
3,266,0.0
3,267,43.48951664600372
3,268,0.0
3,269,0.0
3,270,28.396133679556442
3,271,25.7446347258292
3,272,21.035518539527402
3,273,19.40001104709154
3,274,0.0
3,275,0.0
3,276,25.60812444455678
3,277,36.304631487107144
3,278,0.0
3,279,0.0
3,280,36.88558313100657
3,281,1719.9289493052638
3,282,0.0
3,283,12.421087392478512
3,284,1638.0973028104163
3,285,0.0
3,286,29.088239095714016
3,287,0.0
3,288,0.0
3,289,1399.8799489403318
3,290,0.0
3,291,20695.021961716717
3,292,25.15959447015939
3,293,0.0
3,294,1719.5796436028104
3,295,0.0
3,296,0.0
3,297,0.0
3,298,0.0
3,299,0.0
3,300,0.0
3,301,33.606078163527854
3,302,19.895863602771897
3,303,2131.552875906811
3,304,1719.941475949723
3,305,11622.566983576071
3,306,35.9905262909806
3,307,0.0
3,308,0.0
3,309,19.12358592723467
3,310,0.0
3,311,0.0
3,312,36.92860574768838
3,313,0.0
3,314,35.13152503857509
3,315,0.0
3,316,18.277317827280058
3,317,35.90128453369289
3,318,0.0
3,319,1649.396554984116
3,320,19.870773616627048
3,321,25.69500617490121
3,322,91.31162022737499
3,323,0.0
3,324,36.08018636428005
3,325,52.706648675001816
3,326,29.185606762805946
3,327,0.0
3,328,1653.123357579283
3,329,0.0
3,330,0.0
3,331,34.53086403776797
3,332,24208.302540939276
3,333,0.0
3,334,30.070197384846324
3,335,67.75724584951058
3,336,0.0
3,337,0.0
3,338,34.126331689145445
3,339,53.782437808361465
3,340,0.0
3,341,0.0
3,342,0.0
3,343,398.1252568238924
3,344,28.18553485605571
3,345,26.352938804890073
3,346,1825.9340749247276
3,347,29.000775933519435
3,348,28.761483780738672
3,349,18.277317827280058
3,350,29.000775933519435
3,351,47.180464336787736
3,352,0.0
3,353,36.082746535365914
3,354,27.310768264071157
3,355,23.926288173875946
3,356,20.826196440025342
3,357,43.471785139337044
3,358,27.310768264071157
3,359,18415.3808799655
3,360,0.0
3,361,36.719460918512596
3,362,0.0
3,363,0.0
3,364,1676.7962417106937
3,365,35.015485174761125
3,366,1579.3431683795498
3,367,28.29140213708706
3,368,0.0
3,369,0.0
3,370,8739.975507736373
3,371,87.6623678208407
3,372,34.45899307822583
3,373,1638.2873893160468
3,374,0.0
3,375,36.02824714749295
3,376,600.8182325032676
3,377,0.0
3,378,34.53086403776797
3,379,0.0
3,380,0.0
3,381,19.78260586523993
3,382,0.0
3,383,0.0
3,384,2126.3590975482075
3,385,19753.788250113656
3,386,0.0
3,387,25.926905667076426
3,388,227.37090608601648
3,389,36.015937852507705
3,390,1652.916713000548
3,391,0.0
3,392,151.20133589201032
3,393,51.736068970397355
3,394,0.0
3,395,0.0
3,396,0.0
3,397,20.98447057735939
3,398,0.0
3,399,22.425691204971372
3,400,1825.631754173497
3,401,21.02208820571832
3,402,0.0
3,403,27.02683534661446
3,404,0.0
3,405,27.447355893131316
3,406,36.719460918512596
3,407,36.719460918512596
3,408,0.0
3,409,0.0
3,410,0.0
3,411,26.566026347803927
3,412,0.0
3,413,0.0
3,414,17867.695624426022
3,415,1464.5458413806518
3,416,0.0
3,417,0.0
3,418,0.0
3,419,27.310087176080742
3,420,0.0
3,421,5.041348435376676
3,422,33.76270656365614
3,423,28.761483780738672
3,424,0.0
3,425,0.0
3,426,1579.093879462027
3,427,71463.60919042167
3,428,35.90128453369289
3,429,0.0
3,430,0.0
3,431,0.0
3,432,0.0
3,433,18.277317827280058
3,434,0.0
3,435,28.405755195265556
3,436,0.0
3,437,28.75124416081144
3,438,20695.021961716717
3,439,0.0
3,440,34.7553097661048
3,441,28.761483780738672
3,442,0.0
3,443,20695.26608194702
3,444,24.396838547379957
3,445,0.0
3,446,1463.1115565180953
3,447,0.0
3,448,0.0
3,449,0.0
3,450,114.79850129708302
3,451,18.383331346130944
3,452,0.0
3,453,0.0
3,454,0.0
3,455,25.28880893679525
3,456,0.0
3,457,0.0
3,458,0.0
3,459,0.0
3,460,1076.1896601004564
3,461,27.88383212846111
3,462,9165.950795934164
3,463,0.0
3,464,24.446997436539277
3,465,27.34741075715192
3,466,27.426196595182773
3,467,0.0
3,468,36.64189724920834
3,469,35.73870722537595
3,470,1579.2320138204268
3,471,0.0
3,472,19.025474022620074
3,473,0.0
3,474,1221.2606726003069
3,475,28.093584947258023
3,476,1461.176357151253
3,477,35.854200807100824
3,478,91.77575597410578
3,479,34.45899307822583
3,480,29.000775933519435
3,481,20695.021961716717
3,482,0.0
3,483,0.0
3,484,20695.26608194702
3,485,18.901172318680437
3,486,0.0
3,487,29.000775933519435
3,488,0.0
3,489,18.25865980137769
3,490,0.0
3,491,36.719460918512596
3,492,20719.02502162758
3,493,0.0
3,494,0.0
3,495,0.0
3,496,0.0
3,497,0.0
3,498,0.0
3,499,28.441982169592848
3,500,888.2519844203662
3,501,27.26987602772897
3,502,0.0
3,503,20.65220823845084
3,504,19.697967888922904
3,505,31.938604307450078
3,506,2119.235706693911
3,507,35.7085876467936
3,508,0.0
3,509,0.0
3,510,1719.9432531188868
3,511,47.37442211234702
4,0,0.0
4,1,28.761483780738672
4,2,29.534947082052895
4,3,0.0
4,4,0.0
4,5,29.453528739005378
4,6,0.0
4,7,29.390854158275943
4,8,27.333053110566652
4,9,22.98067737983365
4,10,0.0
4,11,20352.530758213714
4,12,0.0
4,13,27.978391711766562
4,14,24.546449665373075
4,15,0.0
4,16,0.0
4,17,8735.70686621029
4,18,0.0
4,19,33.76042858746223
4,20,36.40377853434529
4,21,32.645290113272495
4,22,0.0
4,23,0.0
4,24,37.42294320442579
4,25,0.0
4,26,1719.941475949723
4,27,0.0
4,28,33.76042858746223
4,29,1466.2589798104673
4,30,29.390854158275943
4,31,0.0
4,32,0.0
4,33,37.1377010737051
4,34,0.0
4,35,36.719460918512596
4,36,0.0
4,37,0.0
4,38,9165.950795934164
4,39,34.45899307822583
4,40,0.0
4,41,0.0
4,42,27.411110040663516
4,43,35.456064853276075
4,44,0.0
4,45,37.974507019688645
4,46,36.24518729810188
4,47,0.0
4,48,0.0
4,49,32.62837080717418
4,50,34.45899307822583
4,51,0.0
4,52,0.0
4,53,0.0
4,54,0.0
4,55,0.0
4,56,27.882828190836335
4,57,0.0
4,58,11445.020957947385
4,59,0.0
4,60,1579.3809491118445
4,61,34.45899307822583
4,62,46.25991194128801
4,63,0.0
4,64,0.0
4,65,0.0
4,66,32.61658649307719
4,67,28.39659951989779
4,68,0.0
4,69,0.0
4,70,36.719460918512596
4,71,0.0
4,72,0.0
4,73,0.0
4,74,36.4968347970198
4,75,13.140758707442728
4,76,34.11623448915634
4,77,34.45899307822583
4,78,0.0
4,79,0.0
4,80,32.645290113272495
4,81,0.0
4,82,0.0
4,83,0.0
4,84,28.44557988957422
4,85,34.45899307822583
4,86,0.0
4,87,27.59897256736167
4,88,0.0
4,89,35.427299415912785
4,90,0.0
4,91,9165.980295243455
4,92,35.19343627977014
4,93,0.0
4,94,0.0
4,95,32.62837080717418
4,96,46.058940525373146
4,97,0.0
4,98,29.065293609890432
4,99,37.400694357813336
4,100,0.0
4,101,0.0
4,102,0.0
4,103,0.0
4,104,0.0
4,105,0.0
4,106,31.900126685493888
4,107,0.0
4,108,0.0
4,109,32.645290113272495
4,110,0.0
4,111,36.719460918512596
4,112,0.0
4,113,29.223917115772565
4,114,33.151571638836685
4,115,0.0
4,116,0.0
4,117,36.719460918512596
4,118,34.53086403776797
4,119,34.45899307822583
4,120,0.0
4,121,34.45899307822583
4,122,52.60290371494193
4,123,0.0
4,124,0.0
4,125,26.11217663773914
4,126,0.0
4,127,0.0
4,128,0.0
4,129,34.53086403776797
4,130,0.0
4,131,46.25991194128801
4,132,0.0
4,133,1719.900117991736
4,134,0.0
4,135,0.0
4,136,42.33649984546173
4,137,0.0
4,138,2089.0314584947664
4,139,33.76042858746223
4,140,0.0
4,141,31.022828422211205
4,142,29.390854158275943
4,143,34.45899307822583
4,144,0.0
4,145,0.0
4,146,0.0
4,147,0.0
4,148,32.62837080717418
4,149,0.0
4,150,0.0
4,151,33.6856251849058
4,152,34.45899307822583
4,153,23.68297971065749
4,154,0.0
4,155,0.0
4,156,0.0
4,157,0.0
4,158,0.0
4,159,0.0
4,160,33.929813053900034
4,161,0.0
4,162,20.98715920453742
4,163,43.48951664600372
4,164,0.0
4,165,0.0
4,166,32.645290113272495
4,167,36.719460918512596
4,168,24.56196305984031
4,169,0.0
4,170,2070.389214187726
4,171,35.805824295734965
4,172,0.0
4,173,0.0
4,174,0.0
4,175,36.61532374850776
4,176,0.0
4,177,18.989301096874442
4,178,20.053799697144314
4,179,36.44465992214464
4,180,0.0
4,181,34.45899307822583
4,182,34.53086403776797
4,183,47.180464336787736
4,184,32.645290113272495
4,185,19.697967888922904
4,186,23.28243347905118
4,187,32.61658649307719
4,188,24.613024788759503
4,189,0.0
4,190,29.390854158275943
4,191,0.0
4,192,2080.821940239035
4,193,36.58282811445406
4,194,37.400694357813336
4,195,2478.05938607757
4,196,23.818604349548878
4,197,23.585061452376976
4,198,43.471785139337044
4,199,43.471785139337044
4,200,0.0
4,201,0.0
4,202,34.53086403776797
4,203,0.0
4,204,32.62837080717418
4,205,24.0185204547588
4,206,0.0
4,207,28.29140213708706
4,208,34.474871466435616
4,209,36.5318993691626
4,210,20176.426668513526
4,211,0.0
4,212,23.55610077440906
4,213,29.35611083909771
4,214,34.53086403776797
4,215,46.50644043784632
4,216,0.0
4,217,0.0
4,218,0.0
4,219,0.0
4,220,0.0
4,221,35.66830589206984
4,222,0.0
4,223,47.180464336787736
4,224,35.66830589206984
4,225,28.44378438371041
4,226,0.0
4,227,43.48951664600372
4,228,0.0
4,229,34.53086403776797
4,230,0.0
4,231,0.0
4,232,0.0
4,233,0.0
4,234,36.719460918512596
4,235,36.763261591691844
4,236,0.0
4,237,0.0
4,238,36.719460918512596
4,239,36.38185026458268
4,240,0.0
4,241,0.0
4,242,33.6856251849058
4,243,0.0
4,244,0.0
4,245,0.0
4,246,2125.115612881622
4,247,0.0
4,248,0.0
4,249,0.0
4,250,0.0
4,251,33.76042858746223
4,252,0.0
4,253,0.0
4,254,32.645290113272495
4,255,0.0
4,256,0.0
4,257,0.0
4,258,0.0
4,259,0.0
4,260,0.0
4,261,33.6856251849058
4,262,0.0
4,263,0.0
4,264,28.43960211027388
4,265,29.390854158275943
4,266,32.62837080717418
4,267,46.528694586679194
4,268,0.0
4,269,0.0
4,270,36.719460918512596
4,271,36.27878607085768
4,272,0.0
4,273,0.0
4,274,43.48951664600372
4,275,0.0
4,276,46.528694586679194
4,277,0.0
4,278,34.53086403776797
4,279,0.0
4,280,15.753332487187436
4,281,34.53086403776797
4,282,0.0
4,283,34.53086403776797
4,284,0.0
4,285,0.0
4,286,0.0
4,287,36.75371695837839
4,288,35.66830589206984
4,289,36.719460918512596
4,290,46.058940525373146
4,291,42.29050917510631
4,292,0.0
4,293,33.6856251849058
4,294,71.06434896704559
4,295,0.0
4,296,0.0
4,297,46.528694586679194
4,298,12.685297882220766
4,299,47.07506025833936
4,300,0.0
4,301,23.55610077440906
4,302,2131.552953383918
4,303,0.0
4,304,0.0
4,305,310.46563476405754
4,306,0.0
4,307,1856.4287906993268
4,308,32.645290113272495
4,309,0.0
4,310,1579.4921679214349
4,311,34.45899307822583
4,312,34.45899307822583
4,313,0.0
4,314,36.28827877605636
4,315,0.0
4,316,0.0
4,317,34.45899307822583
4,318,25.76376760301082
4,319,0.0
4,320,16.2608131252955
4,321,27.015096757824722
4,322,1463.0498394470487
4,323,32.645290113272495
4,324,0.0
4,325,28.384602536541934
4,326,38.52902733272458
4,327,32.62837080717418
4,328,36.719460918512596
4,329,35.7085876467936
4,330,0.0
4,331,0.0
4,332,24.05152860087037
4,333,33.6856251849058
4,334,0.0
4,335,0.0
4,336,0.0
4,337,0.0
4,338,32042.157103296013
4,339,12.61755736447958
4,340,36.583656986310416
4,341,0.0
4,342,0.0
4,343,35.48536634670927
4,344,0.0
4,345,0.0
4,346,0.0
4,347,0.0
4,348,34.45899307822583
4,349,21.36960238773645
4,350,40.64581542974247
4,351,34.53086403776797
4,352,22.67056599243824
4,353,32.645290113272495
4,354,0.0
4,355,0.0
4,356,0.0
4,357,0.0
4,358,34.45899307822583
4,359,617.503229874852
4,360,0.0
4,361,0.0
4,362,0.0
4,363,0.0
4,364,34.45899307822583
4,365,2119.235706693911
4,366,0.0
4,367,0.0
4,368,38.52902733272458
4,369,25.08715873910296
4,370,36.719460918512596
4,371,25.368913779368086
4,372,19.754199044914458
4,373,2304.485736522729
4,374,0.0
4,375,0.0
4,376,0.0
4,377,34.45899307822583
4,378,0.0
4,379,0.0
4,380,36.719460918512596
4,381,33.6856251849058
4,382,0.0
4,383,0.0
4,384,48.081188104602916
4,385,27.310768264071157
4,386,36.719460918512596
4,387,0.0
4,388,0.0
4,389,17939.667852420003
4,390,12.647307270547572
4,391,0.0
4,392,46.36136912434449
4,393,51.32140167809939
4,394,19.963378626294798
4,395,0.0
4,396,35.66830589206984
4,397,34.53086403776797
4,398,0.0
4,399,34.45899307822583
4,400,0.0
4,401,0.0
4,402,9165.980295243455
4,403,0.0
4,404,0.0
4,405,0.0
4,406,0.0
4,407,27.730246229790282
4,408,34.45899307822583
4,409,2079.9172080699755
4,410,26.824417987092602
4,411,33.6856251849058
4,412,0.0
4,413,34.45899307822583
4,414,0.0
4,415,0.0
4,416,0.0
4,417,46.528694586679194
4,418,29.390854158275943
4,419,34.53086403776797
4,420,20.948086459865408
4,421,0.0
4,422,34.11623448915634
4,423,23.55610077440906
4,424,1579.4921679214349
4,425,0.0
4,426,13.108664857733856
4,427,34.53086403776797
4,428,0.0
4,429,35.66830589206984
4,430,0.0
4,431,34.45899307822583
4,432,42.41227298730337
4,433,0.0
4,434,46.528694586679194
4,435,46.597461589885825
4,436,35.66830589206984
4,437,34.45899307822583
4,438,19.697967888922904
4,439,0.0
4,440,33.6856251849058
4,441,0.0
4,442,32.61658649307719
4,443,29.543599105400062
4,444,35.984914002695405
4,445,0.0
4,446,0.0
4,447,34.45899307822583
4,448,0.0
4,449,0.0
4,450,0.0
4,451,0.0
4,452,0.0
4,453,0.0
4,454,0.0
4,455,34.45899307822583
4,456,29.6092572206353
4,457,35.65987989995028
4,458,0.0
4,459,38.691278770395
4,460,8356.847662196817
4,461,36.75371695837839
4,462,0.0
4,463,0.0
4,464,42.29050917510631
4,465,28.451389495158764
4,466,0.0
4,467,75513.6749933097
4,468,40.64581542974247
4,469,0.0
4,470,0.0
4,471,16.125527967803464
4,472,36.719460918512596
4,473,0.0
4,474,0.0
4,475,0.0
4,476,36.28827877605636
4,477,0.0
4,478,29.543599105400062
4,479,0.0
4,480,0.0
4,481,0.0
4,482,0.0
4,483,33.6856251849058
4,484,34.53086403776797
4,485,32.645290113272495
4,486,0.0
4,487,33.6856251849058
4,488,34.45899307822583
4,489,29.477584338264933
4,490,29.979265304270484
4,491,33.6856251849058
4,492,0.0
4,493,34.53086403776797
4,494,27.41663576287192
4,495,64.87525929812182
4,496,0.0
4,497,29.5814257660777
4,498,0.0
4,499,36.719460918512596
4,500,36.719460918512596
4,501,8735.70686621029
4,502,33.6856251849058
4,503,31.93134423518677
4,504,1006.5129499077575
4,505,19.186945026839567
4,506,34.45899307822583
4,507,32.645290113272495
4,508,0.0
4,509,0.0
4,510,26.067656670536053
4,511,0.0
5,0,33.6856251849058
5,1,41.37866979056707
5,2,0.0
5,3,41.305160113578495
5,4,46.528694586679194
5,5,0.0
5,6,0.0
5,7,46.230691632953494
5,8,31.871612988913512
5,9,36.75371695837839
5,10,31.157593693686977
5,11,34.45899307822583
5,12,34.53086403776797
5,13,42.3544314040937
5,14,23.28243347905118
5,15,46.60681445806131
5,16,33.67273553099767
5,17,0.0
5,18,33.6856251849058
5,19,0.0
5,20,0.0
5,21,0.0
5,22,19.71684872869355
5,23,46.25991194128801
5,24,23.010302817034244
5,25,0.0
5,26,0.0
5,27,46.528694586679194
5,28,0.0
5,29,0.0
5,30,33.6856251849058
5,31,0.0
5,32,0.0
5,33,0.0
5,34,0.0
5,35,46.15403354747559
5,36,45.714052709960015
5,37,0.0
5,38,46.60031128123501
5,39,0.0
5,40,0.0
5,41,0.0
5,42,0.0
5,43,33.6856251849058
5,44,46.528694586679194
5,45,0.0
5,46,42.41227298730337
5,47,23.55610077440906
5,48,0.0
5,49,0.0
5,50,0.0
5,51,46.528694586679194
5,52,34.53086403776797
5,53,0.0
5,54,0.0
5,55,45.37474166908214
5,56,0.0
5,57,33.6856251849058
5,58,37.715584022417715
5,59,33.76042858746223
5,60,0.0
5,61,36.00855281803433
5,62,45.37474166908214
5,63,46.058940525373146
5,64,0.0
5,65,33.09889260881755
5,66,0.0
5,67,33.76042858746223
5,68,35.805824295734965
5,69,0.0
5,70,33.09889260881755
5,71,33.6856251849058
5,72,0.0
5,73,0.0
5,74,0.0
5,75,46.528694586679194
5,76,32.87020275114628
5,77,33.76042858746223
5,78,0.0
5,79,0.0
5,80,0.0
5,81,33.76042858746223
5,82,42.41227298730337
5,83,0.0
5,84,0.0
5,85,31.93134423518677
5,86,42.33649984546173
5,87,0.0
5,88,0.0
5,89,34.50720447630556
5,90,36.75371695837839
5,91,0.0
5,92,31.900126685493888
5,93,33.6856251849058
5,94,36.75371695837839
5,95,31.93134423518677
5,96,31.736097085384245
5,97,34.53086403776797
5,98,0.0
5,99,42.3544314040937
5,100,0.0
5,101,0.0
5,102,0.0
5,103,0.0
5,104,33.6856251849058
5,105,0.0
5,106,0.0
5,107,0.0
5,108,46.15403354747559
5,109,0.0
5,110,0.0
5,111,0.0
5,112,35.7789039797517
5,113,0.0
5,114,31.901032301348096
5,115,0.0
5,116,46.50644043784632
5,117,36.75371695837839
5,118,33.6856251849058
5,119,0.0
5,120,0.0
5,121,31.93134423518677
5,122,0.0
5,123,35.97570486921086
5,124,42.3544314040937
5,125,45.838380079694616
5,126,0.0
5,127,0.0
5,128,42.29050917510631
5,129,0.0
5,130,42.33649984546173
5,131,46.18159926244425
5,132,46.058940525373146
5,133,32.62837080717418
5,134,35.3047099313344
5,135,0.0
5,136,0.0
5,137,0.0
5,138,0.0
5,139,0.0
5,140,0.0
5,141,33.72692618020574
5,142,46.18159926244425
5,143,46.18159926244425
5,144,31.901032301348096
5,145,0.0
5,146,0.0
5,147,0.0
5,148,22.795700680127993
5,149,0.0
5,150,33.6856251849058
5,151,18.989301096874442
5,152,42.33649984546173
5,153,34.53086403776797
5,154,22.98067737983365
5,155,0.0
5,156,31.93134423518677
5,157,34.53086403776797
5,158,31.222316976755792
5,159,0.0
5,160,0.0
5,161,0.0
5,162,45.15780798871128
5,163,0.0
5,164,33.6856251849058
5,165,33.6856251849058
5,166,33.6856251849058
5,167,41.19504596529532
5,168,33.6856251849058
5,169,26.950099454576957
5,170,31.93134423518677
5,171,0.0
5,172,31.901032301348096
5,173,0.0
5,174,32.87020275114628
5,175,0.0
5,176,0.0
5,177,46.528694586679194
5,178,0.0
5,179,33.76042858746223
5,180,0.0
5,181,0.0
5,182,0.0
5,183,35.984914002695405
5,184,46.25991194128801
5,185,32.87020275114628
5,186,23.818604349548878
5,187,0.0
5,188,0.0
5,189,0.0
5,190,46.528694586679194
5,191,33.76042858746223
5,192,0.0
5,193,12.88609007605919
5,194,46.2834553854791
5,195,0.0
5,196,24.373522386120385
5,197,33.76042858746223
5,198,42.3544314040937
5,199,42.3544314040937
5,200,0.0
5,201,41.240139607976744
5,202,0.0
5,203,0.0
5,204,32.87020275114628
5,205,0.0
5,206,34.53086403776797
5,207,0.0
5,208,33.6856251849058
5,209,0.0
5,210,0.0
5,211,0.0
5,212,0.0
5,213,46.528694586679194
5,214,46.528694586679194
5,215,51.22383540955525
5,216,45.714052709960015
5,217,0.0
5,218,0.0
5,219,0.0
5,220,0.0
5,221,33.6856251849058
5,222,31.35563770623685
5,223,0.0
5,224,0.0
5,225,46.528694586679194
5,226,0.0
5,227,0.0
5,228,0.0
5,229,42.29050917510631
5,230,28.70505787085858
5,231,0.0
5,232,31.900126685493888
5,233,0.0
5,234,0.0
5,235,33.6856251849058
5,236,0.0
5,237,46.183804437025174
5,238,0.0
5,239,0.0
5,240,19.026345259956543
5,241,35.41165314674163
5,242,0.0
5,243,41.240139607976744
5,244,34.53086403776797
5,245,0.0
5,246,0.0
5,247,0.0
5,248,46.18159926244425
5,249,0.0
5,250,33.6856251849058
5,251,41.37866979056707
5,252,37.15986397474899
5,253,33.6856251849058
5,254,45.68974177728251
5,255,46.15403354747559
5,256,0.0
5,257,0.0
5,258,32.645290113272495
5,259,36.55234157231007
5,260,43.471785139337044
5,261,33.76042858746223
5,262,46.597461589885825
5,263,46.528694586679194
5,264,0.0
5,265,0.0
5,266,31.222316976755792
5,267,0.0
5,268,33.76042858746223
5,269,42.44761874132746
5,270,0.0
5,271,0.0
5,272,32.87020275114628
5,273,0.0
5,274,34.53086403776797
5,275,0.0
5,276,33.6856251849058
5,277,38.151688829268096
5,278,0.0
5,279,32.87020275114628
5,280,33.6856251849058
5,281,44.97079542722895
5,282,0.0
5,283,0.0
5,284,33.6856251849058
5,285,46.528694586679194
5,286,46.058940525373146
5,287,34.57333895728334
5,288,0.0
5,289,41.305160113578495
5,290,33.6856251849058
5,291,23.28243347905118
5,292,0.0
5,293,33.6856251849058
5,294,0.0
5,295,0.0
5,296,33.6856251849058
5,297,32.87020275114628
5,298,36.75371695837839
5,299,36.65060227008871
5,300,36.763261591691844
5,301,0.0
5,302,0.0
5,303,0.0
5,304,0.0
5,305,46.058940525373146
5,306,42.41227298730337
5,307,0.0
5,308,0.0
5,309,46.528694586679194
5,310,46.528694586679194
5,311,0.0
5,312,0.0
5,313,41.240139607976744
5,314,0.0
5,315,35.06213026810747
5,316,12929.739747877344
5,317,36.39470573938888
5,318,36.65060227008871
5,319,32.645290113272495
5,320,0.0
5,321,33.6856251849058
5,322,0.0
5,323,45.37474166908214
5,324,24.396838547379957
5,325,28.201620850418294
5,326,46.058940525373146
5,327,44.97079542722895
5,328,33.6856251849058
5,329,45.714052709960015
5,330,46.058940525373146
5,331,33.6856251849058
5,332,0.0
5,333,45.714052709960015
5,334,0.0
5,335,0.0
5,336,0.0
5,337,31.916045900900826
5,338,35.984914002695405
5,339,34.45899307822583
5,340,0.0
5,341,0.0
5,342,32.87020275114628
5,343,0.0
5,344,0.0
5,345,0.0
5,346,34.53086403776797
5,347,0.0
5,348,33.6856251849058
5,349,46.25991194128801
5,350,0.0
5,351,0.0
5,352,33.6856251849058
5,353,46.597461589885825
5,354,0.0
5,355,42.3544314040937
5,356,33.76042858746223
5,357,0.0
5,358,0.0
5,359,23.529587514424747
5,360,0.0
5,361,0.0
5,362,31.93134423518677
5,363,46.1686136514727
5,364,33.6856251849058
5,365,0.0
5,366,46.60681445806131
5,367,33.6856251849058
5,368,33.6856251849058
5,369,0.0
5,370,26.876178515772153
5,371,45.750318582342516
5,372,0.0
5,373,0.0
5,374,33.6856251849058
5,375,45.40278752733411
5,376,41.129812488889
5,377,0.0
5,378,0.0
5,379,34.53086403776797
5,380,42.3544314040937
5,381,0.0
5,382,0.0
5,383,0.0
5,384,36.39470573938888
5,385,0.0
5,386,33.72692618020574
5,387,33.6856251849058
5,388,33.6856251849058
5,389,32.87020275114628
5,390,33.6856251849058
5,391,0.0
5,392,33.09889260881755
5,393,28.70505787085858
5,394,0.0
5,395,0.0
5,396,46.528694586679194
5,397,33.6856251849058
5,398,0.0
5,399,33.76042858746223
5,400,0.0
5,401,34.53086403776797
5,402,0.0
5,403,33.76042858746223
5,404,45.838380079694616
5,405,42.33649984546173
5,406,31.93134423518677
5,407,0.0
5,408,34.56027385128982
5,409,0.0
5,410,26.950099454576957
5,411,33.76042858746223
5,412,0.0
5,413,0.0
5,414,0.0
5,415,37.754218625296744
5,416,0.0
5,417,0.0
5,418,0.0
5,419,0.0
5,420,0.0
5,421,34.53086403776797
5,422,46.15403354747559
5,423,0.0
5,424,33.6856251849058
5,425,0.0
5,426,31.93134423518677
5,427,31.93134423518677
5,428,0.0
5,429,46.15403354747559
5,430,36.5318993691626
5,431,0.0
5,432,0.0
5,433,0.0
5,434,0.0
5,435,0.0
5,436,33.6856251849058
5,437,46.597461589885825
5,438,0.0
5,439,33.76042858746223
5,440,0.0
5,441,46.07681338857583
5,442,35.73728492219834
5,443,0.0
5,444,0.0
5,445,0.0
5,446,0.0
5,447,43.471785139337044
5,448,45.68974177728251
5,449,0.0
5,450,0.0
5,451,33.03397982030219
5,452,41.240139607976744
5,453,0.0
5,454,46.56694483019328
5,455,46.597461589885825
5,456,0.0
5,457,0.0
5,458,46.528694586679194
5,459,42.41725901799782
5,460,46.597461589885825
5,461,0.0
5,462,0.0
5,463,0.0
5,464,0.0
5,465,41.240139607976744
5,466,31.051837365941537
5,467,23.28243347905118
5,468,22.758681534222887
5,469,31.222316976755792
5,470,0.0
5,471,33.6856251849058
5,472,42.3544314040937
5,473,0.0
5,474,0.0
5,475,41.19504596529532
5,476,0.0
5,477,0.0
5,478,0.0
5,479,34.45899307822583
5,480,36.75371695837839
5,481,0.0
5,482,0.0
5,483,0.0
5,484,0.0
5,485,46.528694586679194
5,486,46.058940525373146
5,487,0.0
5,488,0.0
5,489,33.6856251849058
5,490,0.0
5,491,0.0
5,492,0.0
5,493,37.631737951252035
5,494,0.0
5,495,33.6856251849058
5,496,0.0
5,497,0.0
5,498,42.41725901799782
5,499,33.6856251849058
5,500,0.0
5,501,0.0
5,502,46.597461589885825
5,503,34.53086403776797
5,504,42.3544314040937
5,505,0.0
5,506,46.117849526132886
5,507,0.0
5,508,18.989301096874442
5,509,0.0
5,510,36.5318993691626
5,511,0.0
6,0,51.34589920539929
6,1,41.14567630399961
6,2,45.022683323082674
6,3,46.528694586679194
6,4,44.98953344776328
6,5,37.269821298897114
6,6,42.29050917510631
6,7,0.0
6,8,40.17731721459495
6,9,41.25631124312258
6,10,45.714052709960015
6,11,44.51457334353199
6,12,0.0
6,13,46.528694586679194
6,14,0.0
6,15,45.37474166908214
6,16,0.0
6,17,46.50644043784632
6,18,0.0
6,19,41.14567630399961
6,20,46.07681338857583
6,21,40.29836852394601
6,22,0.0
6,23,45.022683323082674
6,24,0.0
6,25,45.714052709960015
6,26,45.80323392704031
6,27,0.0
6,28,0.0
6,29,0.0
6,30,42.3544314040937
6,31,45.084412489113674
6,32,45.352690451538365
6,33,40.17731721459495
6,34,0.0
6,35,0.0
6,36,0.0
6,37,45.78499612948326
6,38,0.0
6,39,0.0
6,40,45.714052709960015
6,41,0.0
6,42,0.0
6,43,0.0
6,44,0.0
6,45,45.30441609991067
6,46,0.0
6,47,0.0
6,48,0.0
6,49,0.0
6,50,0.0
6,51,46.058940525373146
6,52,45.68974177728251
6,53,45.76749618546455
6,54,44.51457334353199
6,55,44.51457334353199
6,56,0.0
6,57,0.0
6,58,42.29050917510631
6,59,0.0
6,60,32.47218508610513
6,61,0.0
6,62,0.0
6,63,0.0
6,64,0.0
6,65,0.0
6,66,41.30942157839672
6,67,0.0
6,68,0.0
6,69,45.37474166908214
6,70,0.0
6,71,46.528694586679194
6,72,36.87188674542267
6,73,44.08248129250387
6,74,45.714052709960015
6,75,0.0
6,76,43.9761779902874
6,77,46.528694586679194
6,78,0.0
6,79,0.0
6,80,44.97079542722895
6,81,45.04178857675561
6,82,43.9761779902874
6,83,0.0
6,84,44.92282279499432
6,85,44.97038779989907
6,86,44.97079542722895
6,87,0.0
6,88,0.0
6,89,45.714052709960015
6,90,0.0
6,91,45.68974177728251
6,92,41.19504596529532
6,93,0.0
6,94,0.0
6,95,0.0
6,96,0.0
6,97,32.87020275114628
6,98,0.0
6,99,45.689984562499376
6,100,0.0
6,101,40.23602937481792
6,102,46.07681338857583
6,103,0.0
6,104,0.0
6,105,0.0
6,106,0.0
6,107,45.787709823592195
6,108,0.0
6,109,40.17731721459495
6,110,42.33649984546173
6,111,0.0
6,112,44.639065833117456
6,113,0.0
6,114,0.0
6,115,44.92282279499432
6,116,0.0
6,117,46.528694586679194
6,118,0.0
6,119,41.305160113578495
6,120,0.0
6,121,46.058940525373146
6,122,40.23602937481792
6,123,0.0
6,124,45.689984562499376
6,125,0.0
6,126,0.0
6,127,0.0
6,128,0.0
6,129,45.37474166908214
6,130,45.689984562499376
6,131,0.0
6,132,0.0
6,133,0.0
6,134,45.37474166908214
6,135,31.114324098971338
6,136,0.0
6,137,0.0
6,138,0.0
6,139,0.0
6,140,0.0
6,141,0.0
6,142,44.51457334353199
6,143,0.0
6,144,46.528694586679194
6,145,0.0
6,146,0.0
6,147,40.17731721459495
6,148,0.0
6,149,0.0
6,150,44.97079542722895
6,151,0.0
6,152,42.29050917510631
6,153,46.528694586679194
6,154,0.0
6,155,45.714052709960015
6,156,40.03259871014416
6,157,0.0
6,158,0.0
6,159,45.39788027564009
6,160,45.714052709960015
6,161,46.528694586679194
6,162,0.0
6,163,0.0
6,164,0.0
6,165,45.714052709960015
6,166,42.3544314040937
6,167,0.0
6,168,32.87020275114628
6,169,0.0
6,170,46.528694586679194
6,171,45.714052709960015
6,172,0.0
6,173,45.41346085890564
6,174,45.714052709960015
6,175,0.0
6,176,0.0
6,177,0.0
6,178,0.0
6,179,45.022683323082674
6,180,0.0
6,181,0.0
6,182,0.0
6,183,30.255695256956642
6,184,0.0
6,185,0.0
6,186,0.0
6,187,45.68974177728251
6,188,46.07681338857583
6,189,46.058940525373146
6,190,45.714052709960015
6,191,44.46002366953326
6,192,44.97079542722895
6,193,40.08129100286715
6,194,0.0
6,195,35.22423092823465
6,196,44.98953344776328
6,197,0.0
6,198,0.0
6,199,0.0
6,200,40.06720497761762
6,201,42.3544314040937
6,202,0.0
6,203,0.0
6,204,0.0
6,205,0.0
6,206,41.240139607976744
6,207,44.92282279499432
6,208,0.0
6,209,44.89641087040309
6,210,45.714052709960015
6,211,45.714052709960015
6,212,46.18159926244425
6,213,0.0
6,214,44.97079542722895
6,215,0.0
6,216,0.0
6,217,43.95707373957339
6,218,42.3544314040937
6,219,44.51457334353199
6,220,44.11820635263575
6,221,45.714052709960015
6,222,45.14895375258038
6,223,45.714052709960015
6,224,0.0
6,225,45.76749618546455
6,226,0.0
6,227,0.0
6,228,0.0
6,229,0.0
6,230,44.59855741874708
6,231,46.14783542260284
6,232,0.0
6,233,45.14895375258038
6,234,31.157593693686977
6,235,45.714052709960015
6,236,0.0
6,237,0.0
6,238,44.996221623218844
6,239,0.0
6,240,0.0
6,241,0.0
6,242,45.37474166908214
6,243,0.0
6,244,45.31670711265815
6,245,41.25631124312258
6,246,0.0
6,247,0.0
6,248,0.0
6,249,45.714052709960015
6,250,0.0
6,251,0.0
6,252,33.6856251849058
6,253,46.058940525373146
6,254,0.0
6,255,0.0
6,256,0.0
6,257,45.714052709960015
6,258,0.0
6,259,0.0
6,260,0.0
6,261,0.0
6,262,0.0
6,263,0.0
6,264,44.59855741874708
6,265,43.91239122518891
6,266,0.0
6,267,45.68974177728251
6,268,0.0
6,269,0.0
6,270,41.33935823797219
6,271,46.18159926244425
6,272,0.0
6,273,45.30441609991067
6,274,45.714052709960015
6,275,0.0
6,276,0.0
6,277,0.0
6,278,0.0
6,279,40.17731721459495
6,280,0.0
6,281,35.25363170651144
6,282,44.51457334353199
6,283,0.0
6,284,0.0
6,285,0.0
6,286,41.25638286218509
6,287,46.528694586679194
6,288,0.0
6,289,44.51457334353199
6,290,0.0
6,291,0.0
6,292,41.25631124312258
6,293,0.0
6,294,44.51457334353199
6,295,45.76749618546455
6,296,0.0
6,297,32.87020275114628
6,298,40.23602937481792
6,299,0.0
6,300,0.0
6,301,44.98953344776328
6,302,0.0
6,303,0.0
6,304,0.0
6,305,41.25638286218509
6,306,0.0
6,307,45.714052709960015
6,308,0.0
6,309,40.133776689127444
6,310,46.172116246564656
6,311,41.19504596529532
6,312,44.51457334353199
6,313,0.0
6,314,45.37324479086419
6,315,44.51457334353199
6,316,45.78499612948326
6,317,0.0
6,318,0.0
6,319,44.97079542722895
6,320,35.25363170651144
6,321,0.0
6,322,44.51457334353199
6,323,0.0
6,324,41.305160113578495
6,325,0.0
6,326,45.31670711265815
6,327,0.0
6,328,0.0
6,329,0.0
6,330,0.0
6,331,40.06720497761762
6,332,45.68974177728251
6,333,0.0
6,334,45.37324479086419
6,335,0.0
6,336,0.0
6,337,45.39788027564009
6,338,0.0
6,339,45.750318582342516
6,340,44.97079542722895
6,341,0.0
6,342,0.0
6,343,0.0
6,344,0.0
6,345,40.346685959932984
6,346,40.23602937481792
6,347,40.29836852394601
6,348,0.0
6,349,46.07681338857583
6,350,44.565725725761695
6,351,0.0
6,352,0.0
6,353,0.0
6,354,0.0
6,355,45.39788027564009
6,356,44.51457334353199
6,357,0.0
6,358,0.0
6,359,0.0
6,360,0.0
6,361,0.0
6,362,0.0
6,363,0.0
6,364,0.0
6,365,0.0
6,366,45.37474166908214
6,367,0.0
6,368,44.98953344776328
6,369,45.714052709960015
6,370,0.0
6,371,0.0
6,372,0.0
6,373,45.714052709960015
6,374,45.714052709960015
6,375,42.29050917510631
6,376,40.133776689127444
6,377,41.19504596529532
6,378,0.0
6,379,45.31670711265815
6,380,42.33649984546173
6,381,44.51457334353199
6,382,41.25631124312258
6,383,41.19504596529532
6,384,46.18159926244425
6,385,46.528694586679194
6,386,45.714052709960015
6,387,45.37324479086419
6,388,0.0
6,389,0.0
6,390,44.996221623218844
6,391,0.0
6,392,40.06720497761762
6,393,46.058940525373146
6,394,45.76749618546455
6,395,45.68974177728251
6,396,46.07681338857583
6,397,0.0
6,398,40.03259871014416
6,399,29.037896676468335
6,400,45.40278752733411
6,401,32.08278800764583
6,402,44.08248129250387
6,403,0.0
6,404,0.0
6,405,40.03259871014416
6,406,0.0
6,407,0.0
6,408,0.0
6,409,45.020679959632616
6,410,0.0
6,411,0.0
6,412,23.263265026831505
6,413,31.20736585707982
6,414,44.956745649742516
6,415,0.0
6,416,0.0
6,417,0.0
6,418,0.0
6,419,0.0
6,420,0.0
6,421,40.17731721459495
6,422,0.0
6,423,45.838380079694616
6,424,35.926556004773374
6,425,0.0
6,426,45.714052709960015
6,427,45.40278752733411
6,428,0.0
6,429,0.0
6,430,45.022683323082674
6,431,41.11667178938842
6,432,41.240139607976744
6,433,0.0
6,434,45.714052709960015
6,435,46.528694586679194
6,436,0.0
6,437,0.0
6,438,44.97038779989907
6,439,0.0
6,440,42.33649984546173
6,441,0.0
6,442,0.0
6,443,0.0
6,444,0.0
6,445,45.41346085890564
6,446,0.0
6,447,45.022683323082674
6,448,44.89641087040309
6,449,44.955951829705555
6,450,41.19504596529532
6,451,45.714052709960015
6,452,44.92282279499432
6,453,41.25631124312258
6,454,0.0
6,455,0.0
6,456,0.0
6,457,0.0
6,458,0.0
6,459,0.0
6,460,45.714052709960015
6,461,0.0
6,462,45.714052709960015
6,463,44.92282279499432
6,464,0.0
6,465,40.133776689127444
6,466,0.0
6,467,45.714052709960015
6,468,0.0
6,469,44.955951829705555
6,470,44.51457334353199
6,471,42.41227298730337
6,472,0.0
6,473,45.68974177728251
6,474,0.0
6,475,0.0
6,476,44.97079542722895
6,477,41.19504596529532
6,478,41.14567630399961
6,479,0.0
6,480,0.0
6,481,44.51457334353199
6,482,46.528694586679194
6,483,0.0
6,484,30.575438003825184
6,485,0.0
6,486,41.21766115810078
6,487,0.0
6,488,45.714052709960015
6,489,45.714052709960015
6,490,0.0
6,491,45.714052709960015
6,492,45.76749618546455
6,493,0.0
6,494,40.133776689127444
6,495,0.0
6,496,45.30441609991067
6,497,0.0
6,498,44.51457334353199
6,499,44.89641087040309
6,500,0.0
6,501,0.0
6,502,0.0
6,503,41.19504596529532
6,504,0.0
6,505,0.0
6,506,0.0
6,507,0.0
6,508,0.0
6,509,43.91239122518891
6,510,0.0
6,511,45.68974177728251
7,0,0.0
7,1,0.0
7,2,45.37324479086419
7,3,44.239838480478284
7,4,39.147416424436415
7,5,43.070666644501216
7,6,0.0
7,7,44.89641087040309
7,8,0.0
7,9,44.44837604239274
7,10,40.08129100286715
7,11,44.92282279499432
7,12,0.0
7,13,44.017035269548614
7,14,0.0
7,15,0.0
7,16,0.0
7,17,0.0
7,18,0.0
7,19,44.12603482479244
7,20,44.92282279499432
7,21,0.0
7,22,45.714052709960015
7,23,0.0
7,24,43.67398136894917
7,25,44.89641087040309
7,26,0.0
7,27,0.0
7,28,0.0
7,29,0.0
7,30,45.714052709960015
7,31,44.46002366953326
7,32,0.0
7,33,0.0
7,34,0.0
7,35,43.67398136894917
7,36,0.0
7,37,0.0
7,38,0.0
7,39,43.67398136894917
7,40,44.92282279499432
7,41,40.29836852394601
7,42,43.72787261664598
7,43,43.43328511814161
7,44,0.0
7,45,0.0
7,46,0.0
7,47,44.51457334353199
7,48,0.0
7,49,44.92282279499432
7,50,43.9297549659841
7,51,0.0
7,52,0.0
7,53,0.0
7,54,39.255183112083614
7,55,40.08129100286715
7,56,43.95615720022488
7,57,43.91239122518891
7,58,0.0
7,59,0.0
7,60,0.0
7,61,45.022683323082674
7,62,0.0
7,63,44.239838480478284
7,64,38.951031133839024
7,65,0.0
7,66,0.0
7,67,44.92282279499432
7,68,43.01622320536535
7,69,0.0
7,70,44.6083043059316
7,71,44.956745649742516
7,72,0.0
7,73,0.0
7,74,45.37324479086419
7,75,44.51457334353199
7,76,43.91239122518891
7,77,44.239838480478284
7,78,0.0
7,79,40.08129100286715
7,80,44.26205492922327
7,81,44.89641087040309
7,82,0.0
7,83,40.133776689127444
7,84,40.133776689127444
7,85,0.0
7,86,44.92282279499432
7,87,0.0
7,88,44.92282279499432
7,89,43.67398136894917
7,90,44.92282279499432
7,91,0.0
7,92,0.0
7,93,43.67398136894917
7,94,40.29836852394601
7,95,0.0
7,96,43.67398136894917
7,97,0.0
7,98,40.03259871014416
7,99,43.91239122518891
7,100,0.0
7,101,43.67398136894917
7,102,40.03259871014416
7,103,0.0
7,104,44.92282279499432
7,105,36.94480047084653
7,106,0.0
7,107,44.92282279499432
7,108,0.0
7,109,0.0
7,110,43.9297549659841
7,111,43.759829710842496
7,112,0.0
7,113,0.0
7,114,0.0
7,115,44.92282279499432
7,116,0.0
7,117,43.93283607305693
7,118,0.0
7,119,39.30634872891551
7,120,0.0
7,121,44.68274351520358
7,122,44.44837604239274
7,123,0.0
7,124,0.0
7,125,0.0
7,126,0.0
7,127,44.92282279499432
7,128,0.0
7,129,0.0
7,130,0.0
7,131,43.91239122518891
7,132,39.07848715486489
7,133,45.53565462830284
7,134,39.30634872891551
7,135,0.0
7,136,45.689984562499376
7,137,44.92282279499432
7,138,44.92282279499432
7,139,44.92282279499432
7,140,44.29544297179473
7,141,40.18434726417763
7,142,0.0
7,143,0.0
7,144,0.0
7,145,0.0
7,146,0.0
7,147,0.0
7,148,43.759829710842496
7,149,40.01496255567508
7,150,0.0
7,151,0.0
7,152,0.0
7,153,0.0
7,154,38.974046979436025
7,155,43.9297549659841
7,156,0.0
7,157,0.0
7,158,40.06720497761762
7,159,40.133776689127444
7,160,0.0
7,161,40.08158258221829
7,162,0.0
7,163,0.0
7,164,0.0
7,165,0.0
7,166,43.67398136894917
7,167,0.0
7,168,0.0
7,169,0.0
7,170,0.0
7,171,0.0
7,172,45.026158397174186
7,173,0.0
7,174,0.0
7,175,39.147416424436415
7,176,44.92282279499432
7,177,44.89641087040309
7,178,43.04026257683199
7,179,0.0
7,180,44.59855741874708
7,181,43.01622320536535
7,182,0.0
7,183,0.0
7,184,46.2215687810949
7,185,42.883437080129625
7,186,42.883437080129625
7,187,44.92282279499432
7,188,0.0
7,189,0.0
7,190,44.6083043059316
7,191,44.97079542722895
7,192,43.67398136894917
7,193,43.07520394141466
7,194,45.714052709960015
7,195,0.0
7,196,44.92282279499432
7,197,39.147416424436415
7,198,0.0
7,199,44.017035269548614
7,200,0.0
7,201,0.0
7,202,0.0
7,203,44.239838480478284
7,204,0.0
7,205,0.0
7,206,0.0
7,207,0.0
7,208,44.44837604239274
7,209,0.0
7,210,0.0
7,211,44.92282279499432
7,212,0.0
7,213,0.0
7,214,0.0
7,215,0.0
7,216,42.883437080129625
7,217,0.0
7,218,0.0
7,219,0.0
7,220,0.0
7,221,44.51457334353199
7,222,43.71031379995202
7,223,44.239838480478284
7,224,0.0
7,225,0.0
7,226,0.0
7,227,43.67398136894917
7,228,0.0
7,229,39.199349639444335
7,230,43.91239122518891
7,231,44.44837604239274
7,232,44.00222944242887
7,233,39.30634872891551
7,234,43.67398136894917
7,235,44.239838480478284
7,236,0.0
7,237,0.0
7,238,0.0
7,239,44.92282279499432
7,240,39.105423905586576
7,241,0.0
7,242,0.0
7,243,42.883437080129625
7,244,0.0
7,245,41.14567630399961
7,246,0.0
7,247,39.00584532609264
7,248,44.92282279499432
7,249,44.12603482479244
7,250,0.0
7,251,0.0
7,252,40.03259871014416
7,253,44.89641087040309
7,254,0.0
7,255,44.544822707202
7,256,43.67398136894917
7,257,44.92282279499432
7,258,0.0
7,259,43.67398136894917
7,260,0.0
7,261,39.03843337006583
7,262,43.9297549659841
7,263,0.0
7,264,0.0
7,265,44.51457334353199
7,266,43.759829710842496
7,267,44.92282279499432
7,268,0.0
7,269,0.0
7,270,40.03259871014416
7,271,0.0
7,272,0.0
7,273,40.03259871014416
7,274,0.0
7,275,44.15487660346298
7,276,0.0
7,277,44.92282279499432
7,278,43.01622320536535
7,279,0.0
7,280,44.92282279499432
7,281,43.91239122518891
7,282,39.105423905586576
7,283,0.0
7,284,44.92282279499432
7,285,0.0
7,286,0.0
7,287,45.714052709960015
7,288,0.0
7,289,0.0
7,290,0.0
7,291,43.93283607305693
7,292,0.0
7,293,0.0
7,294,0.0
7,295,44.51457334353199
7,296,40.03259871014416
7,297,0.0
7,298,44.12603482479244
7,299,0.0
7,300,39.98780520422497
7,301,39.14993615402909
7,302,44.92282279499432
7,303,43.67398136894917
7,304,0.0
7,305,40.17731721459495
7,306,39.30634872891551
7,307,44.12603482479244
7,308,44.89641087040309
7,309,0.0
7,310,39.30634872891551
7,311,0.0
7,312,0.0
7,313,43.67398136894917
7,314,0.0
7,315,42.916484323473924
7,316,44.92282279499432
7,317,0.0
7,318,44.51457334353199
7,319,39.147416424436415
7,320,0.0
7,321,44.239838480478284
7,322,39.14993615402909
7,323,44.89641087040309
7,324,43.9297549659841
7,325,0.0
7,326,44.92282279499432
7,327,0.0
7,328,0.0
7,329,44.89641087040309
7,330,0.0
7,331,40.23602937481792
7,332,39.147416424436415
7,333,0.0
7,334,0.0
7,335,43.759829710842496
7,336,44.92282279499432
7,337,44.239838480478284
7,338,0.0
7,339,43.67398136894917
7,340,40.133776689127444
7,341,38.974046979436025
7,342,44.02005596671006
7,343,0.0
7,344,0.0
7,345,0.0
7,346,0.0
7,347,45.022683323082674
7,348,0.0
7,349,45.026158397174186
7,350,0.0
7,351,44.92282279499432
7,352,0.0
7,353,44.51457334353199
7,354,43.81747152000116
7,355,0.0
7,356,0.0
7,357,0.0
7,358,0.0
7,359,0.0
7,360,0.0
7,361,0.0
7,362,43.95707373957339
7,363,0.0
7,364,43.78844842754279
7,365,0.0
7,366,44.13228860427898
7,367,0.0
7,368,43.67398136894917
7,369,44.96932810185535
7,370,43.67398136894917
7,371,43.67398136894917
7,372,45.68974177728251
7,373,45.714052709960015
7,374,43.89655474620304
7,375,0.0
7,376,0.0
7,377,43.05850283313612
7,378,44.92282279499432
7,379,45.714052709960015
7,380,0.0
7,381,42.89745717659207
7,382,43.67398136894917
7,383,0.0
7,384,0.0
7,385,0.0
7,386,40.03259871014416
7,387,44.47563486136278
7,388,44.565725725761695
7,389,39.00584532609264
7,390,0.0
7,391,44.98385395682817
7,392,39.147416424436415
7,393,0.0
7,394,43.9297549659841
7,395,44.15487660346298
7,396,44.239838480478284
7,397,44.474928510149766
7,398,0.0
7,399,0.0
7,400,0.0
7,401,44.44837604239274
7,402,0.0
7,403,0.0
7,404,44.92282279499432
7,405,0.0
7,406,43.95707373957339
7,407,0.0
7,408,0.0
7,409,0.0
7,410,43.93283607305693
7,411,43.759829710842496
7,412,45.68974177728251
7,413,40.08129100286715
7,414,44.2238981941091
7,415,0.0
7,416,40.23602937481792
7,417,0.0
7,418,0.0
7,419,0.0
7,420,44.51457334353199
7,421,40.06720497761762
7,422,0.0
7,423,44.92282279499432
7,424,0.0
7,425,0.0
7,426,44.198060304562205
7,427,44.89641087040309
7,428,43.9297549659841
7,429,0.0
7,430,0.0
7,431,0.0
7,432,44.15487660346298
7,433,43.67398136894917
7,434,0.0
7,435,0.0
7,436,0.0
7,437,45.022683323082674
7,438,45.022683323082674
7,439,0.0
7,440,0.0
7,441,40.03259871014416
7,442,42.89745717659207
7,443,0.0
7,444,0.0
7,445,38.951031133839024
7,446,42.89745717659207
7,447,0.0
7,448,0.0
7,449,0.0
7,450,0.0
7,451,45.054551167103455
7,452,43.073726301951865
7,453,0.0
7,454,0.0
7,455,44.96932810185535
7,456,0.0
7,457,0.0
7,458,44.92282279499432
7,459,45.714052709960015
7,460,44.44837604239274
7,461,0.0
7,462,0.0
7,463,43.67398136894917
7,464,43.91239122518891
7,465,0.0
7,466,0.0
7,467,45.714052709960015
7,468,40.03259871014416
7,469,39.0413116446407
7,470,44.028596614152775
7,471,0.0
7,472,0.0
7,473,0.0
7,474,44.956745649742516
7,475,44.92282279499432
7,476,44.12603482479244
7,477,0.0
7,478,45.37324479086419
7,479,0.0
7,480,0.0
7,481,39.147416424436415
7,482,0.0
7,483,0.0
7,484,0.0
7,485,0.0
7,486,44.92282279499432
7,487,40.03259871014416
7,488,40.133776689127444
7,489,0.0
7,490,0.0
7,491,43.93283607305693
7,492,0.0
7,493,0.0
7,494,0.0
7,495,44.97079542722895
7,496,43.67398136894917
7,497,0.0
7,498,44.6083043059316
7,499,46.2215687810949
7,500,43.91239122518891
7,501,42.87413360617211
7,502,0.0
7,503,44.92282279499432
7,504,44.44837604239274
7,505,0.0
7,506,0.0
7,507,44.15487660346298
7,508,0.0
7,509,0.0
7,510,0.0
7,511,0.0
8,0,0.0
8,1,38.04176972263576
8,2,44.15487660346298
8,3,0.0
8,4,42.013362412291826
8,5,44.15487660346298
8,6,0.0
8,7,43.4941330411184
8,8,42.94273048215291
8,9,0.0
8,10,0.0
8,11,0.0
8,12,0.0
8,13,0.0
8,14,37.96524614406371
8,15,0.0
8,16,43.67398136894917
8,17,38.19458796422896
8,18,0.0
8,19,0.0
8,20,0.0
8,21,0.0
8,22,41.86191764475916
8,23,0.0
8,24,44.15487660346298
8,25,37.878740319037206
8,26,0.0
8,27,44.15487660346298
8,28,43.410169033520106
8,29,43.61252946296463
8,30,43.67398136894917
8,31,0.0
8,32,0.0
8,33,0.0
8,34,43.47898264916148
8,35,0.0
8,36,0.0
8,37,0.0
8,38,42.85234749275969
8,39,44.15487660346298
8,40,41.86191764475916
8,41,0.0
8,42,0.0
8,43,0.0
8,44,38.01342808195659
8,45,0.0
8,46,0.0
8,47,0.0
8,48,42.883437080129625
8,49,43.37857282582809
8,50,41.90007030351444
8,51,0.0
8,52,0.0
8,53,38.29806571820518
8,54,0.0
8,55,42.85234749275969
8,56,44.15487660346298
8,57,38.14989985144257
8,58,44.26205492922327
8,59,0.0
8,60,0.0
8,61,44.15487660346298
8,62,0.0
8,63,43.86833095488328
8,64,0.0
8,65,44.12603482479244
8,66,43.410169033520106
8,67,0.0
8,68,0.0
8,69,0.0
8,70,0.0
8,71,43.61252946296463
8,72,37.96524614406371
8,73,43.70690540731903
8,74,44.15487660346298
8,75,0.0
8,76,42.87413360617211
8,77,0.0
8,78,0.0
8,79,42.04936028487282
8,80,0.0
8,81,0.0
8,82,0.0
8,83,42.947768029844156
8,84,44.15487660346298
8,85,0.0
8,86,0.0
8,87,0.0
8,88,42.96467094656691
8,89,41.88372841173623
8,90,0.0
8,91,0.0
8,92,0.0
8,93,38.14989985144257
8,94,42.85234749275969
8,95,0.0
8,96,0.0
8,97,42.85234749275969
8,98,43.410169033520106
8,99,43.410169033520106
8,100,0.0
8,101,37.89541632746841
8,102,0.0
8,103,0.0
8,104,0.0
8,105,44.15487660346298
8,106,42.013362412291826
8,107,43.67398136894917
8,108,43.410169033520106
8,109,44.12603482479244
8,110,0.0
8,111,0.0
8,112,0.0
8,113,43.67398136894917
8,114,0.0
8,115,0.0
8,116,42.89745717659207
8,117,42.85234749275969
8,118,0.0
8,119,0.0
8,120,0.0
8,121,0.0
8,122,41.90007030351444
8,123,42.85234749275969
8,124,43.65787392887523
8,125,0.0
8,126,43.67398136894917
8,127,44.15487660346298
8,128,37.89541632746841
8,129,37.878740319037206
8,130,0.0
8,131,42.85234749275969
8,132,0.0
8,133,0.0
8,134,44.92282279499432
8,135,41.866789225695356
8,136,0.0
8,137,42.85234749275969
8,138,42.916484323473924
8,139,0.0
8,140,42.97833246476512
8,141,42.85234749275969
8,142,43.58907262750381
8,143,43.37857282582809
8,144,43.759829710842496
8,145,37.89541632746841
8,146,43.070666644501216
8,147,0.0
8,148,0.0
8,149,0.0
8,150,44.15487660346298
8,151,0.0
8,152,42.85234749275969
8,153,0.0
8,154,0.0
8,155,44.15487660346298
8,156,42.06447358301739
8,157,43.56158939684792
8,158,43.67398136894917
8,159,44.15487660346298
8,160,0.0
8,161,0.0
8,162,0.0
8,163,43.37857282582809
8,164,0.0
8,165,0.0
8,166,42.85234749275969
8,167,0.0
8,168,0.0
8,169,0.0
8,170,0.0
8,171,0.0
8,172,0.0
8,173,0.0
8,174,41.86191764475916
8,175,42.85234749275969
8,176,0.0
8,177,44.6083043059316
8,178,44.13228860427898
8,179,38.08304947060242
8,180,44.15487660346298
8,181,0.0
8,182,0.0
8,183,42.85234749275969
8,184,41.88372841173623
8,185,44.12603482479244
8,186,39.147416424436415
8,187,42.013362412291826
8,188,0.0
8,189,0.0
8,190,0.0
8,191,38.14989985144257
8,192,0.0
8,193,0.0
8,194,43.448984509608636
8,195,0.0
8,196,0.0
8,197,0.0
8,198,44.15487660346298
8,199,42.02631218037732
8,200,41.88372841173623
8,201,0.0
8,202,0.0
8,203,42.883437080129625
8,204,0.0
8,205,44.28309910270127
8,206,42.85234749275969
8,207,41.892704911713736
8,208,0.0
8,209,0.0
8,210,37.89541632746841
8,211,0.0
8,212,0.0
8,213,16526.840456095713
8,214,0.0
8,215,43.67398136894917
8,216,0.0
8,217,42.85234749275969
8,218,42.85234749275969
8,219,38.14989985144257
8,220,44.15487660346298
8,221,0.0
8,222,0.0
8,223,43.47898264916148
8,224,44.15487660346298
8,225,0.0
8,226,0.0
8,227,0.0
8,228,0.0
8,229,0.0
8,230,42.05768348748825
8,231,0.0
8,232,0.0
8,233,42.89745717659207
8,234,42.89745717659207
8,235,43.759829710842496
8,236,0.0
8,237,0.0
8,238,42.997230111218414
8,239,0.0
8,240,0.0
8,241,42.883437080129625
8,242,43.39057050635711
8,243,41.94604205540145
8,244,43.47898264916148
8,245,0.0
8,246,41.88372841173623
8,247,0.0
8,248,0.0
8,249,0.0
8,250,0.0
8,251,0.0
8,252,38.078359867698964
8,253,0.0
8,254,0.0
8,255,0.0
8,256,0.0
8,257,0.0
8,258,0.0
8,259,0.0
8,260,43.759829710842496
8,261,42.85234749275969
8,262,41.86191764475916
8,263,0.0
8,264,0.0
8,265,0.0
8,266,0.0
8,267,44.15487660346298
8,268,0.0
8,269,0.0
8,270,0.0
8,271,43.61252946296463
8,272,41.90486892707213
8,273,0.0
8,274,44.15487660346298
8,275,0.0
8,276,42.85234749275969
8,277,44.15487660346298
8,278,41.88372841173623
8,279,38.03418571235852
8,280,38.951031133839024
8,281,38.03418571235852
8,282,44.15487660346298
8,283,43.51468998629116
8,284,0.0
8,285,0.0
8,286,0.0
8,287,39.147416424436415
8,288,43.382138678829506
8,289,0.0
8,290,0.0
8,291,38.951031133839024
8,292,44.15487660346298
8,293,42.013362412291826
8,294,42.883437080129625
8,295,42.85234749275969
8,296,0.0
8,297,42.85234749275969
8,298,42.85234749275969
8,299,44.198060304562205
8,300,43.37857282582809
8,301,0.0
8,302,44.15487660346298
8,303,37.89541632746841
8,304,0.0
8,305,42.013362412291826
8,306,0.0
8,307,0.0
8,308,44.12603482479244
8,309,0.0
8,310,0.0
8,311,0.0
8,312,0.0
8,313,43.410169033520106
8,314,44.15487660346298
8,315,0.0
8,316,0.0
8,317,44.12603482479244
8,318,44.15487660346298
8,319,0.0
8,320,0.0
8,321,43.29182439280612
8,322,42.89745717659207
8,323,42.89745717659207
8,324,0.0
8,325,43.476632524185334
8,326,0.0
8,327,0.0
8,328,0.0
8,329,0.0
8,330,0.0
8,331,42.902846214709825
8,332,42.04936028487282
8,333,42.86301822564565
8,334,44.6083043059316
8,335,0.0
8,336,0.0
8,337,0.0
8,338,38.04176972263576
8,339,0.0
8,340,44.15487660346298
8,341,44.15487660346298
8,342,43.37857282582809
8,343,38.078359867698964
8,344,0.0
8,345,44.15487660346298
8,346,0.0
8,347,0.0
8,348,42.04936028487282
8,349,0.0
8,350,0.0
8,351,43.47898264916148
8,352,44.239838480478284
8,353,43.54285851027362
8,354,0.0
8,355,0.0
8,356,41.86191764475916
8,357,0.0
8,358,41.866789225695356
8,359,42.997230111218414
8,360,43.47898264916148
8,361,0.0
8,362,43.47898264916148
8,363,38.19458796422896
8,364,38.08304947060242
8,365,0.0
8,366,41.87406884174561
8,367,0.0
8,368,0.0
8,369,0.0
8,370,43.66310181759491
8,371,38.951031133839024
8,372,38.431268900423674
8,373,0.0
8,374,41.90007030351444
8,375,43.47898264916148
8,376,38.13913898665305
8,377,0.0
8,378,0.0
8,379,43.67398136894917
8,380,0.0
8,381,0.0
8,382,0.0
8,383,43.86833095488328
8,384,0.0
8,385,0.0
8,386,0.0
8,387,0.0
8,388,42.425814239456486
8,389,0.0
8,390,0.0
8,391,43.37857282582809
8,392,43.410169033520106
8,393,44.15487660346298
8,394,43.54285851027362
8,395,43.66310181759491
8,396,0.0
8,397,38.01342808195659
8,398,42.94273048215291
8,399,42.85234749275969
8,400,0.0
8,401,44.15487660346298
8,402,0.0
8,403,0.0
8,404,42.883437080129625
8,405,0.0
8,406,0.0
8,407,0.0
8,408,0.0
8,409,0.0
8,410,42.8929193412896
8,411,42.89745717659207
8,412,42.85234749275969
8,413,44.15487660346298
8,414,42.06447358301739
8,415,42.85234749275969
8,416,41.86191764475916
8,417,0.0
8,418,0.0
8,419,38.01342808195659
8,420,43.37857282582809
8,421,0.0
8,422,38.09348078961284
8,423,43.47898264916148
8,424,44.15487660346298
8,425,0.0
8,426,0.0
8,427,0.0
8,428,0.0
8,429,0.0
8,430,0.0
8,431,0.0
8,432,0.0
8,433,0.0
8,434,44.15487660346298
8,435,42.85234749275969
8,436,0.0
8,437,0.0
8,438,44.15487660346298
8,439,0.0
8,440,43.09037691651247
8,441,0.0
8,442,43.66310181759491
8,443,42.85234749275969
8,444,0.0
8,445,0.0
8,446,0.0
8,447,0.0
8,448,0.0
8,449,38.951031133839024
8,450,44.6083043059316
8,451,44.15487660346298
8,452,44.15487660346298
8,453,0.0
8,454,42.04936028487282
8,455,0.0
8,456,0.0
8,457,0.0
8,458,0.0
8,459,43.86833095488328
8,460,41.90486892707213
8,461,0.0
8,462,43.37857282582809
8,463,42.85234749275969
8,464,0.0
8,465,0.0
8,466,44.15487660346298
8,467,42.85234749275969
8,468,0.0
8,469,42.883437080129625
8,470,0.0
8,471,42.89745717659207
8,472,37.9567595605522
8,473,42.85234749275969
8,474,0.0
8,475,0.0
8,476,0.0
8,477,42.902846214709825
8,478,0.0
8,479,37.90080803274668
8,480,0.0
8,481,0.0
8,482,0.0
8,483,38.29806571820518
8,484,44.15487660346298
8,485,44.15487660346298
8,486,44.15487660346298
8,487,43.04619605413427
8,488,0.0
8,489,43.37857282582809
8,490,0.0
8,491,42.85234749275969
8,492,41.892704911713736
8,493,0.0
8,494,0.0
8,495,42.06447358301739
8,496,0.0
8,497,0.0
8,498,44.15487660346298
8,499,44.15487660346298
8,500,0.0
8,501,0.0
8,502,0.0
8,503,0.0
8,504,38.14989985144257
8,505,0.0
8,506,0.0
8,507,42.87287560779896
8,508,0.0
8,509,0.0
8,510,0.0
8,511,0.0
9,0,37.41347261139799
9,1,0.0
9,2,0.0
9,3,42.85234749275969
9,4,0.0
9,5,42.85234749275969
9,6,0.0
9,7,43.410169033520106
9,8,0.0
9,9,0.0
9,10,41.054413780346295
9,11,0.0
9,12,0.0
9,13,42.049141058791975
9,14,0.0
9,15,42.688722708873684
9,16,36.84496213031707
9,17,0.0
9,18,0.0
9,19,0.0
9,20,43.410169033520106
9,21,0.0
9,22,36.85711288220136
9,23,0.0
9,24,41.04121822209072
9,25,41.04121822209072
9,26,0.0
9,27,0.0
9,28,42.049141058791975
9,29,0.0
9,30,0.0
9,31,0.0
9,32,42.77892145219084
9,33,42.688722708873684
9,34,0.0
9,35,42.049141058791975
9,36,0.0
9,37,42.049141058791975
9,38,43.448984509608636
9,39,0.0
9,40,0.0
9,41,40.93394819152127
9,42,42.049141058791975
9,43,0.0
9,44,0.0
9,45,40.88679357953606
9,46,42.049141058791975
9,47,40.87472465165138
9,48,0.0
9,49,41.96809718042641
9,50,0.0
9,51,0.0
9,52,43.410169033520106
9,53,37.061609614276676
9,54,43.410169033520106
9,55,0.0
9,56,0.0
9,57,0.0
9,58,0.0
9,59,0.0
9,60,40.93394819152127
9,61,0.0
9,62,0.0
9,63,0.0
9,64,40.93394819152127
9,65,0.0
9,66,0.0
9,67,0.0
9,68,42.049141058791975
9,69,0.0
9,70,0.0
9,71,42.840874257251016
9,72,0.0
9,73,41.04048530876298
9,74,0.0
9,75,0.0
9,76,0.0
9,77,0.0
9,78,40.88679357953606
9,79,0.0
9,80,42.28370280443596
9,81,0.0
9,82,0.0
9,83,0.0
9,84,37.22127369883947
9,85,42.049141058791975
9,86,0.0
9,87,0.0
9,88,0.0
9,89,0.0
9,90,0.0
9,91,42.049141058791975
9,92,0.0
9,93,0.0
9,94,42.049141058791975
9,95,0.0
9,96,0.0
9,97,37.076750133301175
9,98,41.06269904850524
9,99,41.04121822209072
9,100,0.0
9,101,0.0
9,102,0.0
9,103,0.0
9,104,42.740131224611105
9,105,0.0
9,106,0.0
9,107,0.0
9,108,43.410169033520106
9,109,40.91563340234279
9,110,0.0
9,111,41.0856573304427
9,112,42.81620098253825
9,113,42.049141058791975
9,114,0.0
9,115,0.0
9,116,41.054413780346295
9,117,36.881828401346866
9,118,40.87472465165138
9,119,0.0
9,120,0.0
9,121,42.65405000493229
9,122,0.0
9,123,43.15329808085244
9,124,0.0
9,125,41.892704911713736
9,126,43.410169033520106
9,127,37.471509298073215
9,128,0.0
9,129,43.410169033520106
9,130,0.0
9,131,40.87472465165138
9,132,40.87472465165138
9,133,0.0
9,134,0.0
9,135,42.65405000493229
9,136,0.0
9,137,36.91519208207774
9,138,0.0
9,139,0.0
9,140,0.0
9,141,40.85063926810017
9,142,0.0
9,143,0.0
9,144,42.65405000493229
9,145,0.0
9,146,42.81759963501099
9,147,42.688722708873684
9,148,0.0
9,149,41.892704911713736
9,150,37.878740319037206
9,151,42.688722708873684
9,152,0.0
9,153,42.013362412291826
9,154,42.049141058791975
9,155,0.0
9,156,40.89566661031586
9,157,0.0
9,158,0.0
9,159,0.0
9,160,43.15329808085244
9,161,0.0
9,162,42.740131224611105
9,163,0.0
9,164,42.65405000493229
9,165,41.04121822209072
9,166,0.0
9,167,40.87472465165138
9,168,40.89566661031586
9,169,0.0
9,170,0.0
9,171,42.688722708873684
9,172,43.410169033520106
9,173,0.0
9,174,43.410169033520106
9,175,43.37857282582809
9,176,41.96809718042641
9,177,0.0
9,178,40.93394819152127
9,179,42.049141058791975
9,180,42.049141058791975
9,181,43.15329808085244
9,182,0.0
9,183,40.85063926810017
9,184,0.0
9,185,36.91519208207774
9,186,0.0
9,187,42.63372552547844
9,188,0.0
9,189,0.0
9,190,0.0
9,191,0.0
9,192,42.77892145219084
9,193,38.08304947060242
9,194,37.321258446067986
9,195,43.410169033520106
9,196,0.0
9,197,42.049141058791975
9,198,42.65405000493229
9,199,43.37857282582809
9,200,0.0
9,201,37.90080803274668
9,202,42.65405000493229
9,203,43.15329808085244
9,204,41.07705960634121
9,205,43.00865202480145
9,206,43.410169033520106
9,207,0.0
9,208,0.0
9,209,0.0
9,210,42.19907743698877
9,211,42.65405000493229
9,212,0.0
9,213,42.04936028487282
9,214,0.0
9,215,0.0
9,216,0.0
9,217,0.0
9,218,42.65405000493229
9,219,0.0
9,220,0.0
9,221,42.049141058791975
9,222,41.88372841173623
9,223,0.0
9,224,41.892704911713736
9,225,0.0
9,226,40.88679357953606
9,227,0.0
9,228,0.0
9,229,42.70083087281819
9,230,0.0
9,231,42.58966645465716
9,232,0.0
9,233,43.410169033520106
9,234,37.046317454816744
9,235,0.0
9,236,0.0
9,237,43.410169033520106
9,238,0.0
9,239,0.0
9,240,43.15329808085244
9,241,42.049141058791975
9,242,40.87472465165138
9,243,41.88372841173623
9,244,0.0
9,245,0.0
9,246,0.0
9,247,0.0
9,248,0.0
9,249,37.10985943592004
9,250,42.165113036132425
9,251,0.0
9,252,37.90080803274668
9,253,0.0
9,254,0.0
9,255,0.0
9,256,0.0
9,257,42.0646924337716
9,258,42.049141058791975
9,259,42.72609364096752
9,260,42.049141058791975
9,261,0.0
9,262,0.0
9,263,0.0
9,264,0.0
9,265,0.0
9,266,0.0
9,267,0.0
9,268,43.37857282582809
9,269,0.0
9,270,42.740131224611105
9,271,42.049141058791975
9,272,43.15329808085244
9,273,43.58907262750381
9,274,37.90080803274668
9,275,43.410169033520106
9,276,40.91313161147809
9,277,43.15329808085244
9,278,42.25811254768632
9,279,41.0856573304427
9,280,0.0
9,281,0.0
9,282,42.013362412291826
9,283,0.0
9,284,0.0
9,285,40.91563340234279
9,286,0.0
9,287,40.90494483534167
9,288,0.0
9,289,42.049141058791975
9,290,36.84496213031707
9,291,40.91313161147809
9,292,41.892704911713736
9,293,0.0
9,294,0.0
9,295,0.0
9,296,0.0
9,297,0.0
9,298,0.0
9,299,0.0
9,300,0.0
9,301,42.740131224611105
9,302,0.0
9,303,0.0
9,304,0.0
9,305,0.0
9,306,0.0
9,307,0.0
9,308,0.0
9,309,40.98844233854561
9,310,0.0
9,311,42.66609365925342
9,312,0.0
9,313,0.0
9,314,0.0
9,315,0.0
9,316,0.0
9,317,0.0
9,318,0.0
9,319,42.790114095834724
9,320,42.66151265407643
9,321,40.88679357953606
9,322,42.65405000493229
9,323,0.0
9,324,0.0
9,325,0.0
9,326,0.0
9,327,41.892704911713736
9,328,0.0
9,329,43.410169033520106
9,330,0.0
9,331,0.0
9,332,0.0
9,333,41.892704911713736
9,334,0.0
9,335,42.65405000493229
9,336,0.0
9,337,0.0
9,338,42.77892145219084
9,339,0.0
9,340,40.92125295799087
9,341,42.65405000493229
9,342,0.0
9,343,42.85234749275969
9,344,0.0
9,345,0.0
9,346,42.07330233497123
9,347,41.892704911713736
9,348,42.72609364096752
9,349,0.0
9,350,43.410169033520106
9,351,41.04121822209072
9,352,41.04121822209072
9,353,42.688722708873684
9,354,43.37857282582809
9,355,0.0
9,356,0.0
9,357,42.72609364096752
9,358,41.892704911713736
9,359,0.0
9,360,40.93394819152127
9,361,42.049141058791975
9,362,42.049141058791975
9,363,0.0
9,364,0.0
9,365,0.0
9,366,43.410169033520106
9,367,43.37857282582809
9,368,0.0
9,369,41.892704911713736
9,370,42.688722708873684
9,371,0.0
9,372,0.0
9,373,37.90080803274668
9,374,43.410169033520106
9,375,43.15329808085244
9,376,41.04121822209072
9,377,0.0
9,378,0.0
9,379,40.93394819152127
9,380,41.07705960634121
9,381,42.740131224611105
9,382,40.9672874143007
9,383,42.96467094656691
9,384,40.85063926810017
9,385,0.0
9,386,41.86191764475916
9,387,36.91519208207774
9,388,42.7525839924956
9,389,41.07705960634121
9,390,40.91313161147809
9,391,42.688722708873684
9,392,40.93394819152127
9,393,0.0
9,394,0.0
9,395,0.0
9,396,0.0
9,397,0.0
9,398,0.0
9,399,42.77605914823198
9,400,0.0
9,401,0.0
9,402,40.85063926810017
9,403,36.91685803864675
9,404,43.410169033520106
9,405,0.0
9,406,41.90007030351444
9,407,0.0
9,408,41.88372841173623
9,409,42.688722708873684
9,410,0.0
9,411,42.77690139271908
9,412,0.0
9,413,42.06447358301739
9,414,42.049141058791975
9,415,42.097754686570624
9,416,41.892704911713736
9,417,42.07330233497123
9,418,0.0
9,419,0.0
9,420,42.77690139271908
9,421,40.90433972291794
9,422,37.057798994354016
9,423,0.0
9,424,0.0
9,425,43.86833095488328
9,426,37.90080803274668
9,427,42.856881839640664
9,428,0.0
9,429,0.0
9,430,0.0
9,431,0.0
9,432,40.93394819152127
9,433,0.0
9,434,40.91313161147809
9,435,42.921152584015545
9,436,43.15329808085244
9,437,0.0
9,438,0.0
9,439,36.85711288220136
9,440,0.0
9,441,0.0
9,442,0.0
9,443,40.93394819152127
9,444,36.91685803864675
9,445,0.0
9,446,0.0
9,447,0.0
9,448,0.0
9,449,41.04121822209072
9,450,0.0
9,451,0.0
9,452,0.0
9,453,0.0
9,454,40.88679357953606
9,455,0.0
9,456,43.410169033520106
9,457,42.165113036132425
9,458,0.0
9,459,0.0
9,460,40.92125295799087
9,461,42.049141058791975
9,462,42.65405000493229
9,463,42.846789167423594
9,464,0.0
9,465,0.0
9,466,0.0
9,467,0.0
9,468,0.0
9,469,0.0
9,470,42.65405000493229
9,471,0.0
9,472,42.049141058791975
9,473,0.0
9,474,43.410169033520106
9,475,42.921152584015545
9,476,0.0
9,477,41.88372841173623
9,478,0.0
9,479,36.91519208207774
9,480,41.88372841173623
9,481,0.0
9,482,43.410169033520106
9,483,41.04121822209072
9,484,42.049141058791975
9,485,42.049141058791975
9,486,0.0
9,487,0.0
9,488,42.49566050918929
9,489,40.85063926810017
9,490,0.0
9,491,0.0
9,492,0.0
9,493,0.0
9,494,0.0
9,495,0.0
9,496,0.0
9,497,0.0
9,498,0.0
9,499,0.0
9,500,41.88372841173623
9,501,36.93996280987085
9,502,40.93394819152127
9,503,43.410169033520106
9,504,0.0
9,505,42.049141058791975
9,506,42.65405000493229
9,507,41.03253521755505
9,508,0.0
9,509,0.0
9,510,42.28370280443596
9,511,37.057798994354016
