generation, individual, diff_after_backprop
0,0,154.78311340865548
0,1,7149.893987252199
0,2,2179.4731059904434
0,3,0.0
0,4,1822.0540586758434
0,5,30.573154971951226
0,6,0.0
0,7,0.0
0,8,23.114318565760186
0,9,0.0
0,10,0.0
0,11,0.0
0,12,16016.656237781011
0,13,0.0
0,14,966.5042213912093
0,15,0.0
0,16,8.47796116992049
0,17,1611.501814075451
0,18,0.0
0,19,0.0
0,20,0.0
0,21,12011.700815542728
0,22,1658.7096840190052
0,23,0.0
0,24,0.0
0,25,21868.36882034295
0,26,0.0
0,27,0.0
0,28,1611.4815278223177
0,29,0.0
0,30,0.0
0,31,0.0
0,32,0.0
0,33,0.0
0,34,936.750781299128
0,35,0.0
0,36,0.0
0,37,0.0
0,38,0.0
0,39,0.0
0,40,0.12524618263341836
0,41,0.0
0,42,0.0
0,43,0.0
0,44,8186.990863552652
0,45,0.0
0,46,0.0
0,47,0.0
0,48,0.0
0,49,0.0
0,50,1745.8285905401026
0,51,1848.621149735951
0,52,0.0
0,53,0.0
0,54,0.0
0,55,19.73952693078536
0,56,885.2706266276982
0,57,1258.8412148721854
0,58,0.0
0,59,0.0
0,60,0.0
0,61,0.0
0,62,0.0
0,63,1663.041687104229
0,64,0.0
0,65,0.0
0,66,0.0
0,67,0.0
0,68,0.0
0,69,1897.76876284643
0,70,0.0
0,71,0.0
0,72,0.0
0,73,0.0
0,74,0.0
0,75,0.0
0,76,7487.473867759865
0,77,47.9280861367497
0,78,3144.715727236725
0,79,0.0
0,80,0.0
0,81,0.0
0,82,0.0
0,83,0.0
0,84,0.0
0,85,1781.9647924416495
0,86,0.0
0,87,0.0
0,88,0.0
0,89,0.0
0,90,0.0
0,91,0.0
0,92,0.0
0,93,0.0
0,94,0.0
0,95,0.0
0,96,160.99590084203737
0,97,0.0
0,98,1613.1375119274344
0,99,0.0
0,100,32216.781330278558
0,101,1662.8299435906993
0,102,0.0
0,103,0.0
0,104,0.0
0,105,0.0
0,106,0.0
0,107,50.89908773027855
0,108,0.0
0,109,0.0
0,110,0.0
0,111,0.0
0,112,380.873906423094
0,113,15.85410125694034
0,114,0.0
0,115,0.0
0,116,0.0
0,117,3143.3279441974773
0,118,0.0
0,119,20629.770153798883
0,120,1613.205301503498
0,121,0.0
0,122,30.816419693839634
0,123,0.0
0,124,0.0
0,125,0.0
0,126,0.0
0,127,0.0
0,128,23057.848890929516
0,129,0.0
0,130,20027.123603558888
0,131,0.0
0,132,0.0
0,133,28.08001332743879
0,134,0.0
0,135,0.0
0,136,0.0
0,137,10016.128436779702
0,138,13244.466303515464
0,139,1817.46930261518
0,140,0.0
0,141,0.0
0,142,0.0
0,143,0.0
0,144,0.0
0,145,0.0
0,146,0.0
0,147,0.0
0,148,1650.8432915552112
0,149,0.0
0,150,0.0
0,151,20895.034517869994
0,152,0.0
0,153,1772.9726759268124
0,154,0.0
0,155,0.0
0,156,0.0
0,157,1773.0109421318339
0,158,0.0
0,159,0.0
0,160,0.0
0,161,16016.418318675902
0,162,0.0
0,163,0.0
0,164,0.0
0,165,0.0
0,166,1663.0422444944634
0,167,0.0
0,168,0.0
0,169,0.0
0,170,0.0
0,171,0.0
0,172,0.0
0,173,0.0
0,174,0.0
0,175,12405.407128140028
0,176,2834.6372373665945
0,177,0.0
0,178,9977.103444214823
0,179,0.0
0,180,0.0
0,181,0.0
0,182,1629.1817223266153
0,183,0.0
0,184,0.0
0,185,17.107918269475704
0,186,0.0
0,187,29.79376979216886
0,188,0.0
0,189,0.0
0,190,847.6476802931502
0,191,0.0
0,192,0.0
0,193,0.0
0,194,1495.2762091972509
0,195,0.0
0,196,0.0
0,197,0.0
0,198,28.08001332743879
0,199,2103.2836297199137
0,200,0.0
0,201,1978.7259910757566
0,202,0.0
0,203,0.0
0,204,0.0
0,205,0.0
0,206,3237.4561363123685
0,207,1801.7359862768535
0,208,0.0
0,209,0.0
0,210,17.229762750893315
0,211,0.0
0,212,0.0
0,213,0.0
0,214,0.0
0,215,0.0
0,216,0.0
0,217,163.12068482191899
0,218,0.0
0,219,1090.1640991697932
0,220,0.0
0,221,0.0
0,222,0.0
0,223,0.0
0,224,0.0
0,225,0.0
0,226,28.089204271326707
0,227,10654.68540305119
0,228,0.0
0,229,0.0
0,230,1662.9081467456017
0,231,0.0
0,232,0.0
0,233,0.0
0,234,0.0
0,235,11392.459257440834
0,236,0.0
0,237,0.0
0,238,1245.1968394317082
0,239,0.0
0,240,0.0
0,241,0.0
0,242,0.0
0,243,0.0
0,244,1698.9960404121084
0,245,16857.411084644973
0,246,0.0
0,247,1734.0813955483136
0,248,16370.291342819295
0,249,569.5094442121444
0,250,1611.5189914651346
0,251,0.0
0,252,0.0
0,253,0.0
0,254,0.0
0,255,0.0
0,256,0.0
0,257,0.0
0,258,0.0
0,259,0.0
0,260,1629.1125690822992
0,261,1709.2675378222739
0,262,1611.3341017770836
0,263,1662.8653180112415
0,264,0.0
0,265,0.0
0,266,0.0
0,267,2850.166369518669
0,268,0.0
0,269,242.69947561701338
0,270,10474.772294373885
0,271,0.0
0,272,0.0
0,273,2.131966223436393
0,274,0.0
0,275,16.36157824804286
0,276,0.0
0,277,1296.4091991942696
0,278,0.0
0,279,0.0
0,280,0.0
0,281,0.0
0,282,0.0
0,283,14.180314071976682
0,284,20778.227627372347
0,285,0.0
0,286,0.0
0,287,0.0
0,288,0.0
0,289,0.0
0,290,0.0
0,291,0.0
0,292,0.0
0,293,0.0
0,294,8481.374681437206
0,295,15.85410125694034
0,296,0.0
0,297,20828.121966632163
0,298,1459.6843408456589
0,299,0.0
0,300,10519.353428587678
0,301,0.0
0,302,0.0
0,303,1638.987551277478
0,304,0.0
0,305,0.0
0,306,20.82517992267094
0,307,0.0
0,308,0.0
0,309,1495.641720401578
0,310,49161.67488645637
0,311,0.0
0,312,0.0
0,313,7793.651021100699
0,314,19191.808470576965
0,315,0.0
0,316,0.0
0,317,0.0
0,318,0.0
0,319,0.0
0,320,14028.967464972673
0,321,0.0
0,322,0.0
0,323,0.0
0,324,0.0
0,325,0.0
0,326,0.0
0,327,1613.1859970431979
0,328,0.0
0,329,0.0
0,330,31.21743159995185
0,331,0.0
0,332,0.0
0,333,0.0
0,334,21133.11944996714
0,335,0.0
0,336,0.0
0,337,0.0
0,338,0.0
0,339,0.0
0,340,0.0
0,341,0.0
0,342,0.0
0,343,21520.464785103806
0,344,0.0
0,345,1.4739783142986198
0,346,0.0
0,347,0.0
0,348,0.0
0,349,0.0
0,350,0.0
0,351,0.0
0,352,1662.953972952957
0,353,0.0
0,354,0.0
0,355,7835.353989444115
0,356,0.0
0,357,0.0
0,358,0.0
0,359,1611.3459958268213
0,360,0.0
0,361,1248.9565956987653
0,362,0.0
0,363,0.0
0,364,3223.5921357230745
0,365,5637.371089782589
0,366,0.0
0,367,0.0
0,368,1639.0711634183608
0,369,643.7023678477271
0,370,0.0
0,371,20781.782715336052
0,372,0.0
0,373,0.0
0,374,1721.0143020704854
0,375,27524.005406420787
0,376,11420.79509166458
0,377,1848.105422645509
0,378,0.0
0,379,7833.7059913578305
0,380,0.0
0,381,0.0
0,382,0.0
0,383,0.0
0,384,152.99255725766488
0,385,0.0
0,386,0.0
0,387,0.0
0,388,0.0
0,389,0.0
0,390,27.516349655536942
0,391,0.0
0,392,0.0
0,393,0.0
0,394,0.0
0,395,0.0
0,396,0.0
0,397,0.0
0,398,0.0
0,399,0.0
0,400,0.0
0,401,0.0
0,402,0.0
0,403,0.0
0,404,0.0
0,405,1777.0496935191368
0,406,0.0
0,407,885.2706266276982
0,408,0.0
0,409,0.0
0,410,0.0
0,411,0.0
0,412,0.0
0,413,11517.25906000287
0,414,3756.7817094772217
0,415,0.0
0,416,0.0
0,417,0.0
0,418,0.0
0,419,22.01122870459949
0,420,0.0
0,421,0.0
0,422,0.0
0,423,0.0
0,424,1611.4551715651105
0,425,0.0
0,426,1611.2563331113524
0,427,0.0
0,428,0.0
0,429,1662.9092666654615
0,430,16054.800056192125
0,431,0.0
0,432,0.0
0,433,204.40517988348074
0,434,0.0
0,435,0.0
0,436,0.0
0,437,0.0
0,438,0.0
0,439,0.0
0,440,0.0
0,441,0.0
0,442,0.0
0,443,22440.661976709293
0,444,0.0
0,445,0.0
0,446,1820.6334617911743
0,447,0.0
0,448,18.4746267965711
0,449,0.0
0,450,0.0
0,451,0.0
0,452,0.0
0,453,0.0
0,454,0.0
0,455,16380.123319262982
0,456,0.0
0,457,0.0
0,458,0.0
0,459,1613.211514190567
0,460,0.0
0,461,8280.289669854108
0,462,0.0
0,463,1745.8984038541093
0,464,0.0
0,465,0.0
0,466,0.0
0,467,0.0
0,468,0.0
0,469,0.0
0,470,0.0
0,471,0.0
0,472,0.0
0,473,0.0
0,474,0.0
0,475,0.0
0,476,0.0
0,477,0.0
0,478,17228.515230949888
0,479,0.0
0,480,0.0
0,481,1245.0263630705986
0,482,0.0
0,483,0.0
0,484,20684.197363046907
0,485,21062.894260228288
0,486,9782.365073025696
0,487,1460.857854933689
0,488,111.39899177503685
0,489,16857.4213752341
0,490,23.95398661089348
0,491,0.0
0,492,2051.5839197236055
0,493,11788.278072994599
0,494,0.0
0,495,12186.200323139785
0,496,9977.103444214823
0,497,1613.205301503498
0,498,0.0
0,499,0.0
0,500,0.0
0,501,0.0
0,502,0.0
0,503,1658.6306811482864
0,504,0.0
0,505,0.0
0,506,0.0
0,507,1662.836726582147
0,508,1613.1919894587372
0,509,0.0
0,510,10441.283975620292
0,511,0.0
1,0,0.0
1,1,0.0
1,2,1662.9255344958365
1,3,1457.9181077231042
1,4,0.0
1,5,0.0
1,6,0.0
1,7,31.06744406594862
1,8,1557.3093135622148
1,9,237.18244296000012
1,10,2131.3437569956004
1,11,1457.1375402779959
1,12,0.0
1,13,29.120789568524742
1,14,0.0
1,15,1155.9946729393741
1,16,0.0
1,17,0.0
1,18,0.0
1,19,1638.987551277478
1,20,1347.260260085808
1,21,0.0
1,22,2052.60698143889
1,23,0.0
1,24,0.0
1,25,0.0
1,26,2131.3437569956004
1,27,0.0
1,28,0.0
1,29,0.0
1,30,26367.320554754126
1,31,60.558206258008795
1,32,16472.180209960527
1,33,0.0
1,34,4761.618483615326
1,35,1666.1019303746434
1,36,1360.0858460897252
1,37,1251.4128200701944
1,38,0.0
1,39,0.0
1,40,19469.908274738627
1,41,9966.172584280637
1,42,1761.613230107905
1,43,0.0
1,44,4088.8471702583047
1,45,0.0
1,46,0.0
1,47,0.0
1,48,1681.7008238744056
1,49,1796.398797939095
1,50,0.0
1,51,0.0
1,52,36.466344337043665
1,53,0.0
1,54,16.073898737855416
1,55,16313.428398823433
1,56,3427.659213897139
1,57,0.0
1,58,20811.470473085337
1,59,55.88584279580755
1,60,6.976455416031968
1,61,0.0
1,62,0.0
1,63,10.766383012025472
1,64,2763.8349297574705
1,65,0.0
1,66,1653.3263610515933
1,67,12330.180822456377
1,68,0.0
1,69,0.0
1,70,3.340641720147687
1,71,1662.8260101437518
1,72,0.0
1,73,1487.2884714572501
1,74,0.0
1,75,1740.1945645693013
1,76,18.39990040435623
1,77,0.0
1,78,21710.31727696264
1,79,25.541509358003168
1,80,0.0
1,81,21007.479141773896
1,82,0.0
1,83,2.1883608399648438
1,84,0.0
1,85,1459.5363727802542
1,86,11561.053483368729
1,87,0.0
1,88,0.0
1,89,0.0
1,90,30.99851332069011
1,91,0.0
1,92,0.0
1,93,0.0
1,94,19.937084272784887
1,95,0.0
1,96,0.0
1,97,0.0
1,98,2126.953578981993
1,99,27.01903074137863
1,100,1506.6421630447003
1,101,0.0
1,102,0.0
1,103,18.75565702323729
1,104,40.385589998976684
1,105,0.0
1,106,0.0
1,107,0.0
1,108,10.122046710008362
1,109,13034.306880034781
1,110,12997.931414523777
1,111,0.0
1,112,1611.3346856609278
1,113,0.0
1,114,0.0
1,115,0.0
1,116,3.967371880185965
1,117,0.0
1,118,3346.0472806390353
1,119,0.0
1,120,0.0
1,121,11.609932324853617
1,122,0.0
1,123,0.0
1,124,0.0
1,125,13637.82778607268
1,126,0.0
1,127,0.0
1,128,1685.6001855617433
1,129,0.0
1,130,0.0
1,131,0.0
1,132,0.0
1,133,20707.43311332057
1,134,0.0
1,135,0.0
1,136,13023.519941279817
1,137,0.0
1,138,0.0
1,139,0.0
1,140,0.0
1,141,0.0
1,142,1507.1083362881618
1,143,0.0
1,144,13.47420612922906
1,145,1348.3337813041653
1,146,9.378539035378708
1,147,0.0
1,148,0.0
1,149,0.0
1,150,0.0
1,151,19.281369482883747
1,152,0.0
1,153,2125.694034934062
1,154,0.0
1,155,0.0
1,156,14755.48561671094
1,157,1802.3357022482378
1,158,19487.271986491527
1,159,12.9677021598809
1,160,0.0
1,161,0.0
1,162,0.0
1,163,3604.5364910620265
1,164,23.744642812216625
1,165,0.0
1,166,4883.498299224402
1,167,0.0
1,168,55.95394590059823
1,169,12.650417627680326
1,170,0.0
1,171,0.0
1,172,0.0
1,173,0.0
1,174,18596.450356285764
1,175,0.0
1,176,0.0
1,177,0.0
1,178,0.0
1,179,0.0
1,180,1538.0074091575589
1,181,0.0
1,182,0.0
1,183,0.0
1,184,0.0
1,185,17565.532330798447
1,186,328.1430095494561
1,187,2775.929618802881
1,188,11.649101813903144
1,189,0.0
1,190,0.0
1,191,9.300010886099699
1,192,0.0
1,193,0.0
1,194,46438.3221995916
1,195,0.0
1,196,0.0
1,197,0.0
1,198,1460.857854933689
1,199,11.809235324802103
1,200,0.0
1,201,0.0
1,202,0.0
1,203,0.0
1,204,0.0
1,205,0.0
1,206,0.0
1,207,0.0
1,208,0.0
1,209,28868.857114040624
1,210,0.0
1,211,0.0
1,212,0.0
1,213,0.0
1,214,87051.3471180819
1,215,0.0
1,216,0.0
1,217,0.0
1,218,328.02335410688465
1,219,10.122046710008362
1,220,1534.9555533756939
1,221,0.0
1,222,0.0
1,223,0.0
1,224,0.0
1,225,1717.9448997306936
1,226,1653.6184283066395
1,227,11.73728812670015
1,228,0.0
1,229,0.0
1,230,1830.8662594643174
1,231,0.0
1,232,0.0
1,233,0.0
1,234,0.0
1,235,0.0
1,236,0.0
1,237,1488.7762851214538
1,238,0.0
1,239,0.0
1,240,0.0
1,241,3369.2929432238634
1,242,1235.4281812507816
1,243,0.0
1,244,11.460325583178928
1,245,19.23738306200903
1,246,23.447559733158414
1,247,0.0
1,248,0.0
1,249,0.0
1,250,1776.4442612059975
1,251,0.0
1,252,0.0
1,253,0.0
1,254,18.513936253478278
1,255,0.0
1,256,27.773158548133324
1,257,0.0
1,258,0.0
1,259,0.0
1,260,22065.4352324961
1,261,1653.618321920363
1,262,0.0
1,263,0.0
1,264,27.773158548133324
1,265,0.0
1,266,14161.950841689348
1,267,20853.13555360383
1,268,22488.75465901402
1,269,0.0
1,270,0.0
1,271,3.9697857215460317
1,272,21585.536494936066
1,273,17.597406634161416
1,274,0.0
1,275,0.0
1,276,0.0
1,277,26.718595767097213
1,278,0.0
1,279,0.0
1,280,1674.0642572206234
1,281,14734.255876076553
1,282,2.130107097738801
1,283,5647.9217984917195
1,284,0.0
1,285,0.0
1,286,0.0
1,287,0.0
1,288,0.0
1,289,0.0
1,290,11.809235324802103
1,291,0.0
1,292,1348.4764746808287
1,293,2126.290543710278
1,294,0.0
1,295,0.0
1,296,0.0
1,297,1677.4735419419922
1,298,27.01903074137863
1,299,0.0
1,300,0.0
1,301,0.0
1,302,1577.6009349822161
1,303,0.0
1,304,11927.441470898255
1,305,0.0
1,306,1523.5114032582605
1,307,12588.766225332176
1,308,0.0
1,309,0.0
1,310,0.0
1,311,0.0
1,312,20900.17820344892
1,313,23.74353774848987
1,314,204.32666129208337
1,315,0.0
1,316,16303.746982255205
1,317,21.278285885138757
1,318,9992.289190613043
1,319,0.0
1,320,31.22442530416447
1,321,0.0
1,322,17906.14832344288
1,323,8309.258050319477
1,324,12.259170208880278
1,325,0.0
1,326,15.85410125694034
1,327,30.940268897731585
1,328,34.91649282522758
1,329,63937.24250966785
1,330,0.0
1,331,1662.8364403067171
1,332,0.0
1,333,0.0
1,334,0.0
1,335,11.809235324802103
1,336,0.0
1,337,11.612748585992449
1,338,2132.1590644787793
1,339,0.0
1,340,0.0
1,341,0.0
1,342,0.0
1,343,1487.3085900534861
1,344,2775.929618802881
1,345,0.0
1,346,0.0
1,347,0.0
1,348,0.0
1,349,21518.29215511644
1,350,28.08001332743879
1,351,0.0
1,352,1347.260260085808
1,353,0.0
1,354,0.0
1,355,1611.297474050236
1,356,0.0
1,357,47.19381275105388
1,358,0.0
1,359,0.0
1,360,0.0
1,361,0.0
1,362,1611.4231753738495
1,363,9896.500285661226
1,364,0.0
1,365,3.9528484204802226
1,366,0.0
1,367,0.0
1,368,0.0
1,369,0.0
1,370,1611.2839522692157
1,371,2740.093347313894
1,372,0.0
1,373,0.0
1,374,8.759121722079726
1,375,1611.5902473600509
1,376,0.0
1,377,1717.8694030297775
1,378,0.0
1,379,1459.6923560546784
1,380,0.0
1,381,0.0
1,382,0.0
1,383,0.0
1,384,10.766383012025472
1,385,0.0
1,386,8.483654333600498
1,387,38181.087481687064
1,388,0.0
1,389,1824.2170014683252
1,390,0.0
1,391,0.0
1,392,0.0
1,393,0.0
1,394,3223.5921357230745
1,395,1667.3645404380586
1,396,0.0
1,397,0.0
1,398,24.416323193009703
1,399,0.0
1,400,0.0
1,401,12536.869198765482
1,402,380.873906423094
1,403,0.0
1,404,1650.6954324340695
1,405,1347.260260085808
1,406,1700.9461742527455
1,407,0.0
1,408,0.0
1,409,0.0
1,410,28.15598703066007
1,411,1553.2772830604736
1,412,9640.584092035935
1,413,0.0
1,414,115.41923284830136
1,415,0.0
1,416,9479.799941990055
1,417,0.0
1,418,1801.7359862768535
1,419,0.0
1,420,0.0
1,421,0.0
1,422,0.0
1,423,86315.57377192848
1,424,13.320339009661438
1,425,0.0
1,426,0.0
1,427,0.0
1,428,0.0
1,429,0.0
1,430,1347.260260085808
1,431,1534.9549562749999
1,432,0.0
1,433,0.0
1,434,0.0
1,435,35.91347640668482
1,436,0.0
1,437,0.0
1,438,28.08001332743879
1,439,2140.2570277229024
1,440,21007.479141773896
1,441,0.0
1,442,1459.5363727802542
1,443,0.0
1,444,2069.2201004204608
1,445,10.536429461254556
1,446,0.0
1,447,192.183688681489
1,448,21.382959808029227
1,449,0.0
1,450,13029.492757090225
1,451,1960.524598295524
1,452,18.493891847148916
1,453,0.0
1,454,0.0
1,455,0.0
1,456,0.0
1,457,0.0
1,458,3316.0541168906775
1,459,30.792173285472927
1,460,1348.3337813041653
1,461,36.62238410917962
1,462,389.7006189521453
1,463,0.0
1,464,1487.38512645815
1,465,36.12480438246985
1,466,19.290109647891768
1,467,91.86845383552736
1,468,0.0
1,469,0.0
1,470,0.0
1,471,2077.0308235803423
1,472,0.0
1,473,23.57168167717009
1,474,0.0
1,475,0.0
1,476,1380.432540182992
1,477,51.16830714863136
1,478,0.0
1,479,0.0
1,480,0.0
1,481,0.0
1,482,3320.9912437734283
1,483,20772.29957725758
1,484,1667.32887349671
1,485,0.0
1,486,34100.792426197404
1,487,0.0
1,488,0.0
1,489,2.104200374357788
1,490,11.809235324802103
1,491,4883.617683777829
1,492,26.71520904332192
1,493,0.0
1,494,0.0
1,495,2077.0308235803423
1,496,0.0
1,497,10.584532128885257
1,498,4761.618483615326
1,499,29.331072494845102
1,500,0.0
1,501,22799.66751557559
1,502,0.0
1,503,1653.4101116798665
1,504,0.0
1,505,0.0
1,506,0.0
1,507,0.0
1,508,1611.413338729224
1,509,30.338912953822728
1,510,0.0
1,511,11.809235324802103
2,0,19.584315230432367
2,1,16.884054986684532
2,2,30.792173285472927
2,3,12.73179075686403
2,4,20.860498117614952
2,5,13.875747612681153
2,6,0.0
2,7,0.0
2,8,23.85791606348812
2,9,0.0
2,10,0.0
2,11,1.7624790609261254
2,12,0.0
2,13,2133.0586101608897
2,14,73786.98688755544
2,15,28.513080978442304
2,16,0.0
2,17,18.4517755509396
2,18,0.0
2,19,1751.9212758198537
2,20,30.792173285472927
2,21,37.3303762869009
2,22,26.700908893774795
2,23,14847.933777774184
2,24,25.545850990411054
2,25,3.9722131605922186
2,26,27.01903074137863
2,27,0.0
2,28,1461.3610682665421
2,29,0.0
2,30,0.0
2,31,26.92322995757786
2,32,30.888655840773026
2,33,0.0
2,34,25.14575591227731
2,35,0.0
2,36,542.0899120055656
2,37,0.0
2,38,0.0
2,39,0.0
2,40,26.12178450029205
2,41,0.0
2,42,0.0
2,43,0.0
2,44,1459.5363727802542
2,45,0.0
2,46,0.0
2,47,1636.1860077352794
2,48,0.0
2,49,0.0
2,50,1578.574067140009
2,51,1461.3610682665421
2,52,0.0
2,53,23295.487756792314
2,54,0.0
2,55,1318.8101235580289
2,56,0.0
2,57,34.89217369970629
2,58,0.0
2,59,0.0
2,60,23.86230111203531
2,61,0.0
2,62,57.504274608051674
2,63,25.204232970825615
2,64,0.0
2,65,524.1622014268742
2,66,10.177910726598384
2,67,0.0
2,68,0.0
2,69,23.74353774848987
2,70,29.485705152810624
2,71,0.0
2,72,1458.4224914195293
2,73,0.0
2,74,83.37798462412502
2,75,661.0080218365583
2,76,0.0
2,77,0.0
2,78,0.0
2,79,21.478973370298263
2,80,27.29747475104523
2,81,36.410652568446494
2,82,34.91649282522758
2,83,1650.6954324340695
2,84,29.56301397983225
2,85,27.33084384860922
2,86,27.01903074137863
2,87,27.835235644640306
2,88,0.0
2,89,1653.3270772896394
2,90,0.0
2,91,0.0
2,92,0.0
2,93,0.0
2,94,0.0
2,95,8.913276630793007
2,96,332.99371519563465
2,97,36.410652568446494
2,98,1432.9644918996019
2,99,524.2828592870192
2,100,0.0
2,101,0.0
2,102,30.23376138033018
2,103,0.0
2,104,0.0
2,105,0.0
2,106,18.31091272516005
2,107,1.6595058641032665
2,108,0.0
2,109,3.4959322887089
2,110,79650.60120274792
2,111,21.503274352149674
2,112,0.0
2,113,65774.29521465887
2,114,0.0
2,115,34.51624369982801
2,116,35.88708796494302
2,117,0.0
2,118,0.0
2,119,0.0
2,120,0.0
2,121,0.0
2,122,0.0
2,123,55449.53480653302
2,124,19.584315230432367
2,125,0.0
2,126,27.349396407285894
2,127,7834.906454695552
2,128,9.448552831173402
2,129,28.14987889225995
2,130,149.70469474072252
2,131,0.0
2,132,0.0
2,133,25110.872534281483
2,134,6568.682682815736
2,135,0.0
2,136,12.616675815708732
2,137,0.0
2,138,61.46180140149136
2,139,37.80688951694992
2,140,0.0
2,141,767.7096715589969
2,142,0.0
2,143,1650.661387203203
2,144,0.0
2,145,28.08001332743879
2,146,0.0
2,147,29.2572166523114
2,148,20.323317606341334
2,149,34.57692981291075
2,150,0.0
2,151,0.0
2,152,22.122598582236606
2,153,0.0
2,154,16.264024778952262
2,155,0.0
2,156,48.27682252550221
2,157,35.86878187146522
2,158,0.0
2,159,1717.7773745185768
2,160,1903.2271809173544
2,161,0.0
2,162,0.0
2,163,0.0
2,164,1398.175694166246
2,165,0.0
2,166,1636.1860077352794
2,167,31.3606215119853
2,168,3560.111445242277
2,169,0.0
2,170,30.792173285472927
2,171,17.597406634161416
2,172,57855.84607076146
2,173,16.645840107476943
2,174,24.403700115566608
2,175,17.731048863344768
2,176,14.339027554547101
2,177,0.0
2,178,0.0
2,179,18.084680001687047
2,180,0.0
2,181,0.0
2,182,0.0
2,183,28.206240804669505
2,184,0.0
2,185,1462.381672868596
2,186,38.91437111788491
2,187,1458.9976925673327
2,188,2.0874975032556904
2,189,27.136315140138322
2,190,0.0
2,191,7.786192734651195
2,192,2077.0308235803423
2,193,1674.6269507489378
2,194,53810.936054387814
2,195,11.746451795203939
2,196,0.0
2,197,0.0
2,198,35.974941373689944
2,199,19.139010536795467
2,200,22.848228624512558
2,201,153.15439193987459
2,202,0.0
2,203,23.74353774848987
2,204,3.9528484204802226
2,205,0.0
2,206,0.0
2,207,54.62311967435289
2,208,0.0
2,209,0.0
2,210,0.0
2,211,41.485101312192455
2,212,0.0
2,213,0.0
2,214,0.0
2,215,0.0
2,216,0.0
2,217,877.8824327656739
2,218,0.0
2,219,27.103141323894306
2,220,1650.6735948728128
2,221,27.939452812833224
2,222,0.0
2,223,24.542375959392302
2,224,0.0
2,225,0.0
2,226,0.0
2,227,35.77633411052557
2,228,6571.118049320436
2,229,23.71035813481467
2,230,0.0
2,231,9.258080414475444
2,232,0.0
2,233,19.584315230432367
2,234,0.0
2,235,38.96199510915176
2,236,1457.4061011395534
2,237,0.0
2,238,1459.5529434820419
2,239,37.296937323365455
2,240,17.539072861082786
2,241,0.0
2,242,1106.541248660944
2,243,0.0
2,244,21.40474254347373
2,245,11590.341891438486
2,246,0.0
2,247,0.0
2,248,36.12480438246985
2,249,0.0
2,250,0.0
2,251,0.0
2,252,12.48347595060386
2,253,0.0
2,254,21.833356606557572
2,255,28.150870087914882
2,256,1824.2170014683252
2,257,27.55494293711854
2,258,23.26842771308293
2,259,112.04272679250334
2,260,0.0
2,261,29.58808690648948
2,262,0.0
2,263,3.4959322887089
2,264,0.0
2,265,9.838677967494732
2,266,2133.0586101608897
2,267,15.39797350238132
2,268,0.0
2,269,0.0
2,270,0.0
2,271,0.0
2,272,0.0
2,273,3.9840350259228217
2,274,68.30794697989768
2,275,0.0
2,276,37.07347479967575
2,277,34.57692981291075
2,278,0.0
2,279,0.0
2,280,530.0795118695805
2,281,0.0
2,282,1824.2170014683252
2,283,26.823392364414758
2,284,0.0
2,285,0.0
2,286,26.76114263379168
2,287,11.650667399429949
2,288,0.0
2,289,0.0
2,290,38.19967041885411
2,291,0.0
2,292,0.0
2,293,48.1997442918273
2,294,14.924012107679118
2,295,0.0
2,296,13.48239617719264
2,297,0.0
2,298,20707.43311332057
2,299,11.097158295923691
2,300,0.0
2,301,155.17543901176123
2,302,34.91649282522758
2,303,0.0
2,304,37.278904268691804
2,305,20.820740266750363
2,306,38.55093380142171
2,307,27740.26136213218
2,308,34.64694083403447
2,309,1577.2200680264941
2,310,1461.3610682665421
2,311,28.88839832150461
2,312,0.0
2,313,0.0
2,314,0.0
2,315,0.0
2,316,1717.7953147680746
2,317,0.0
2,318,18.140725276822195
2,319,38.37162195404926
2,320,2.0917932299826134
2,321,0.0
2,322,5512.839923765463
2,323,0.0
2,324,0.0
2,325,0.0
2,326,36.394850548819704
2,327,45.88715158480227
2,328,0.0
2,329,10.583054065657961
2,330,26.664968347334252
2,331,0.0
2,332,34.91649282522758
2,333,28.606499405043905
2,334,0.0
2,335,0.0
2,336,18.53849791950688
2,337,0.0
2,338,1650.6954324340695
2,339,0.0
2,340,0.0
2,341,17.597406634161416
2,342,29.60061466674688
2,343,0.0
2,344,0.0
2,345,0.0
2,346,23.74353774848987
2,347,28.606499405043905
2,348,0.0
2,349,26.930082400831452
2,350,0.0
2,351,39.98346118551217
2,352,0.0
2,353,26.664968347334252
2,354,1650.5378825399093
2,355,16.481822531966827
2,356,0.0
2,357,37.98206029060839
2,358,1674.731449830484
2,359,0.0
2,360,0.0
2,361,9.09929787791225
2,362,0.0
2,363,0.0
2,364,25.97865434959931
2,365,1650.851838847204
2,366,525.2938993344142
2,367,17.731048863344768
2,368,0.0
2,369,21.567269099168698
2,370,12.008357278533367
2,371,0.0
2,372,30.7734096837612
2,373,27.01903074137863
2,374,374.8538037752387
2,375,0.0
2,376,27.77082693198645
2,377,0.0
2,378,0.0
2,379,22.716401631177177
2,380,0.0
2,381,26.395057837847162
2,382,1460.936284774485
2,383,1577.0719103306255
2,384,0.0
2,385,0.0
2,386,1462.260582490504
2,387,0.0
2,388,27.952175859711133
2,389,0.0
2,390,0.0
2,391,14.967036231845668
2,392,0.0
2,393,0.0
2,394,9.477789348485203
2,395,53.15736932012442
2,396,0.0
2,397,23.74353774848987
2,398,21.200244739197842
2,399,0.0
2,400,0.0
2,401,16.264024778952262
2,402,0.0
2,403,4.243943924853738
2,404,229.7001465461508
2,405,0.0
2,406,0.0
2,407,0.0
2,408,3.9676702902879697
2,409,1455.5361898030133
2,410,27.95593260084388
2,411,4395.9882351583965
2,412,2.9759724640316563
2,413,11.84750428764255
2,414,0.0
2,415,21.311639088273296
2,416,28.667511216703133
2,417,0.0
2,418,28.099183011807327
2,419,0.0
2,420,16.292584815540977
2,421,38.52506510752028
2,422,44.030439915442
2,423,0.0
2,424,0.0
2,425,16.264024778952262
2,426,3.64236419624649
2,427,2740.093347313894
2,428,1458.3688196371913
2,429,0.0
2,430,1650.833077159412
2,431,2133.1931578175063
2,432,0.0
2,433,1666.1085286306552
2,434,29.610441154482032
2,435,24.295072688499204
2,436,1577.2064267125388
2,437,29.2572166523114
2,438,9.378539035378708
2,439,0.0
2,440,0.0
2,441,183.6209759751473
2,442,16.264024778952262
2,443,2075.9990188735683
2,444,0.0
2,445,16.919550355596584
2,446,1577.1840717874584
2,447,0.0
2,448,0.0
2,449,0.0
2,450,23.85791606348812
2,451,0.0
2,452,0.0
2,453,0.0
2,454,0.0
2,455,17.51704786398659
2,456,9.300010886099699
2,457,0.0
2,458,71490.2036666228
2,459,278.12741837837257
2,460,0.0
2,461,0.0
2,462,0.0
2,463,11.09781849222145
2,464,18.243806721661713
2,465,52.661893894925925
2,466,28.606499405043905
2,467,0.0
2,468,0.0
2,469,1576.8619959104108
2,470,14.616381833634478
2,471,4376.6531198552775
2,472,0.0
2,473,35.37788224099495
2,474,35.974941373689944
2,475,55.92198180407013
2,476,0.0
2,477,0.0
2,478,20.801461679272506
2,479,0.0
2,480,0.0
2,481,34.91649282522758
2,482,0.0
2,483,0.0
2,484,0.0
2,485,22.163438559709903
2,486,60.19332821030912
2,487,3.792615946063961
2,488,0.0
2,489,0.0
2,490,0.0
2,491,1666.3591857422907
2,492,456.4181300416931
2,493,0.0
2,494,0.0
2,495,0.0
2,496,27.29747475104523
2,497,16.481822531966827
2,498,19.61827832142717
2,499,2.090351153455231
2,500,0.0
2,501,23.404898587489697
2,502,0.0
2,503,522.1929204713542
2,504,29.2572166523114
2,505,0.0
2,506,1717.9293159293338
2,507,0.0
2,508,30.476799065399973
2,509,10.797485466312537
2,510,0.0
2,511,0.0
3,0,34.91649282522758
3,1,31.211050131250886
3,2,0.0
3,3,0.0
3,4,71447.65291342814
3,5,0.0
3,6,0.0
3,7,29.526623381531863
3,8,0.0
3,9,1650.9492395525813
3,10,2124.1582202209756
3,11,2124.062280565966
3,12,26.87012978783696
3,13,33.179004372453164
3,14,2131.4955903258196
3,15,39.39491680257015
3,16,18.452675457902842
3,17,18.605033529925095
3,18,32.492562225864276
3,19,29.2572166523114
3,20,0.0
3,21,0.0
3,22,0.0
3,23,0.0
3,24,0.0
3,25,40.76622665477316
3,26,0.0
3,27,6599.268786081873
3,28,0.0
3,29,20.965349720133418
3,30,0.0
3,31,0.0
3,32,0.0
3,33,28.606499405043905
3,34,35.56649192901659
3,35,1457.982791864215
3,36,1577.7614130765287
3,37,4393.666111970255
3,38,25.379519658515164
3,39,1718.077012073405
3,40,365.12178526306525
3,41,0.0
3,42,38.13015303773227
3,43,0.0
3,44,21.32842495569912
3,45,0.0
3,46,0.0
3,47,0.0
3,48,0.0
3,49,0.0
3,50,52.661893894925925
3,51,0.0
3,52,0.0
3,53,38.614784051624156
3,54,0.0
3,55,0.0
3,56,1460.7242485197348
3,57,0.0
3,58,0.0
3,59,23.439492923584112
3,60,26.358013237773775
3,61,23.44831107511982
3,62,40.76622665477316
3,63,0.0
3,64,0.0
3,65,295.26790344238907
3,66,0.0
3,67,29.2572166523114
3,68,46.12853227495543
3,69,0.0
3,70,0.0
3,71,17.635973057224874
3,72,29.95739324151964
3,73,0.0
3,74,26.071876307168168
3,75,28.15598703066007
3,76,29.2572166523114
3,77,30.792173285472927
3,78,0.0
3,79,30.792173285472927
3,80,0.0
3,81,29.22559980429469
3,82,0.0
3,83,39.7728246450215
3,84,0.0
3,85,18.521018797961915
3,86,0.0
3,87,0.0
3,88,85.9152598474293
3,89,0.0
3,90,1560.8749824732986
3,91,0.0
3,92,0.0
3,93,0.0
3,94,28.838756614001795
3,95,0.0
3,96,0.0
3,97,0.0
3,98,15.717441998826871
3,99,28.219645967352335
3,100,34.91649282522758
3,101,2078.7103455180004
3,102,0.0
3,103,35.79716992512567
3,104,0.0
3,105,28.139346167063195
3,106,31.3606215119853
3,107,0.0
3,108,174.97348007388155
3,109,0.0
3,110,16.96971526318157
3,111,0.0
3,112,0.0
3,113,1717.773669336395
3,114,0.0
3,115,26.891200608145482
3,116,9.284805067169145
3,117,0.0
3,118,0.0
3,119,34.91649282522758
3,120,0.0
3,121,0.0
3,122,23.73355751272902
3,123,0.0
3,124,40.76622665477316
3,125,37.078178339729675
3,126,2309.380578443308
3,127,34.91649282522758
3,128,13507.934573452316
3,129,1461.0501342648276
3,130,0.0
3,131,0.0
3,132,0.0
3,133,17.935379767360246
3,134,73739.49532752717
3,135,27.33084384860922
3,136,40.76622665477316
3,137,15.80217001181154
3,138,0.0
3,139,55.24501462306216
3,140,34.91649282522758
3,141,24.210038171537235
3,142,0.0
3,143,23.97343280028781
3,144,0.0
3,145,12.537781591556268
3,146,2129.1601752461247
3,147,0.0
3,148,0.0
3,149,30.888655840773026
3,150,0.0
3,151,0.0
3,152,34.91649282522758
3,153,30.792173285472927
3,154,0.0
3,155,0.0
3,156,0.0
3,157,28.830287735584534
3,158,0.0
3,159,0.0
3,160,0.0
3,161,0.0
3,162,27.95593260084388
3,163,33.718114605141636
3,164,0.0
3,165,34.91649282522758
3,166,0.0
3,167,24.503565480546968
3,168,0.0
3,169,23.898640238913686
3,170,30.792173285472927
3,171,0.0
3,172,0.0
3,173,1459.7189729693964
3,174,0.0
3,175,0.0
3,176,0.0
3,177,23.56018806025986
3,178,0.0
3,179,0.0
3,180,28.24453627749608
3,181,0.0
3,182,35.32587213718489
3,183,0.0
3,184,0.0
3,185,28.606499405043905
3,186,1650.8229789661927
3,187,0.0
3,188,45.95789703887658
3,189,0.0
3,190,0.0
3,191,0.0
3,192,12.058350957594484
3,193,89.00056269878769
3,194,0.0
3,195,0.0
3,196,2124.093119460529
3,197,34.91649282522758
3,198,0.0
3,199,30.792173285472927
3,200,43.790190299714595
3,201,40.76622665477316
3,202,0.0
3,203,2143.535207917881
3,204,0.0
3,205,1718.1326977155186
3,206,0.0
3,207,23369.98823786353
3,208,40.72387512529349
3,209,24.068889803346792
3,210,0.0
3,211,0.0
3,212,0.0
3,213,0.0
3,214,0.0
3,215,0.0
3,216,34.91649282522758
3,217,0.0
3,218,1459.435762996378
3,219,27.56960756485205
3,220,28.830287735584534
3,221,0.0
3,222,0.0
3,223,0.0
3,224,0.0
3,225,23369.53397623117
3,226,0.0
3,227,0.0
3,228,0.0
3,229,0.0
3,230,0.0
3,231,52.88082611392838
3,232,18.29924107214083
3,233,238.5588914083355
3,234,30.792173285472927
3,235,195.0981705228105
3,236,0.0
3,237,0.0
3,238,0.0
3,239,27.33084384860922
3,240,0.0
3,241,0.0
3,242,0.0
3,243,0.0
3,244,0.0
3,245,0.0
3,246,27.740244298347534
3,247,34.91649282522758
3,248,26.661845407747023
3,249,0.0
3,250,0.0
3,251,0.0
3,252,0.0
3,253,0.0
3,254,2124.062280565966
3,255,1718.2525600735862
3,256,0.0
3,257,1458.098507336079
3,258,31.229571378496075
3,259,680.4881524136972
3,260,0.0
3,261,0.0
3,262,0.0
3,263,0.0
3,264,27.561586742663167
3,265,0.0
3,266,0.0
3,267,0.0
3,268,20661.614292417653
3,269,35.38048511011402
3,270,6638.002632386926
3,271,0.0
3,272,30.888655840773026
3,273,30.792173285472927
3,274,29.918613959670438
3,275,28.784264438814716
3,276,0.0
3,277,1475.2919067606636
3,278,1451.7873514580388
3,279,1241.8522181285507
3,280,1556.3150939184088
3,281,30.888655840773026
3,282,0.0
3,283,4553.573740083616
3,284,45.95789703887658
3,285,23.45359926438141
3,286,0.0
3,287,31.28660005836082
3,288,0.0
3,289,0.0
3,290,30.960557018898726
3,291,0.0
3,292,2131.4955903258196
3,293,0.0
3,294,0.0
3,295,0.0
3,296,36.123474025526775
3,297,47.14350088685933
3,298,0.0
3,299,0.0
3,300,18.126505819225713
3,301,48.03095739719447
3,302,0.0
3,303,37.398166444148046
3,304,38.6254434370685
3,305,2124.164779312541
3,306,0.0
3,307,30.792173285472927
3,308,0.0
3,309,503.6325546471762
3,310,0.0
3,311,37.80688951694992
3,312,28.606499405043905
3,313,0.0
3,314,20675.325985343316
3,315,901.1907517628779
3,316,23.73355751272902
3,317,1803.80664761968
3,318,0.0
3,319,18.69762141553747
3,320,23.811030944510094
3,321,0.0
3,322,0.0
3,323,28.361977731048682
3,324,0.0
3,325,34.91649282522758
3,326,0.0
3,327,30.888655840773026
3,328,48.03095739719447
3,329,0.0
3,330,0.0
3,331,37.398166444148046
3,332,52.661893894925925
3,333,0.0
3,334,0.0
3,335,0.0
3,336,18.631452834376432
3,337,191.5756372035039
3,338,0.0
3,339,0.0
3,340,0.0
3,341,0.0
3,342,21.46785883895518
3,343,24.697568762872834
3,344,1717.9387004242053
3,345,32.36200099269627
3,346,39.952997987215895
3,347,29.230485466732716
3,348,34.91649282522758
3,349,0.0
3,350,499.5865035682773
3,351,28.310857050478262
3,352,18.452675457902842
3,353,70.1726040463218
3,354,31.229571378496075
3,355,18.452675457902842
3,356,38.61918793327732
3,357,2125.6290739195138
3,358,0.0
3,359,57783.10382043314
3,360,0.0
3,361,29.50134710050679
3,362,27.574311194544862
3,363,30.795297649446184
3,364,26.87012978783696
3,365,157.5478342346778
3,366,1650.9644390147005
3,367,1460.0929013483765
3,368,153.98967843517494
3,369,0.0
3,370,1577.7586410254735
3,371,2129.1601752461247
3,372,19.980420318482174
3,373,27.191553163905155
3,374,1577.648300666333
3,375,0.0
3,376,56291.45118820442
3,377,0.0
3,378,0.0
3,379,1650.5659231378304
3,380,18556.311102522384
3,381,0.0
3,382,30.888655840773026
3,383,0.0
3,384,0.0
3,385,0.0
3,386,29.579276183655566
3,387,0.0
3,388,0.0
3,389,29.2572166523114
3,390,20691.622260629272
3,391,0.0
3,392,28.606499405043905
3,393,17550.184724561197
3,394,144.88666061921413
3,395,676.7099974050843
3,396,0.0
3,397,21.173067418091705
3,398,1462.7765864243847
3,399,0.0
3,400,0.0
3,401,30.545945233021484
3,402,0.0
3,403,56.94546858726699
3,404,37.078178339729675
3,405,29.95739324151964
3,406,0.0
3,407,27.239706904494597
3,408,27.580441191260434
3,409,0.0
3,410,11495.797694505036
3,411,0.0
3,412,41.36385038685967
3,413,0.0
3,414,1718.0154628137534
3,415,0.0
3,416,40.76622665477316
3,417,35.32587213718489
3,418,0.0
3,419,11.897097810149717
3,420,0.0
3,421,30.888655840773026
3,422,29.95739324151964
3,423,0.0
3,424,29.2572166523114
3,425,0.0
3,426,1650.833077159412
3,427,0.0
3,428,65550.97222112404
3,429,30.849966658038284
3,430,37.27093064306973
3,431,0.0
3,432,0.0
3,433,0.0
3,434,86166.6519050664
3,435,0.0
3,436,0.0
3,437,142.33169077258026
3,438,30.07060079749499
3,439,0.0
3,440,0.0
3,441,0.0
3,442,30.960557018898726
3,443,29.453426555473015
3,444,32.43451622837438
3,445,1577.0706522751898
3,446,38.64940482633028
3,447,0.0
3,448,41.36385038685967
3,449,0.0
3,450,0.0
3,451,1577.2140213091589
3,452,52.661893894925925
3,453,0.0
3,454,0.0
3,455,0.0
3,456,29.02185030831879
3,457,1683.974120307721
3,458,0.0
3,459,0.0
3,460,0.0
3,461,0.0
3,462,26392.411492889667
3,463,27.087326380579725
3,464,0.0
3,465,25.355587615646073
3,466,31.050227713863023
3,467,26.664968347334252
3,468,0.0
3,469,0.0
3,470,0.0
3,471,40.76622665477316
3,472,0.0
3,473,18.454083601126513
3,474,1717.7953147680746
3,475,34.91649282522758
3,476,0.0
3,477,17.843792547424528
3,478,30.888655840773026
3,479,0.0
3,480,2341.590587445131
3,481,2125.6290739195138
3,482,0.0
3,483,26.767989309111726
3,484,0.0
3,485,37.19781048947971
3,486,0.0
3,487,30803.364046666455
3,488,0.0
3,489,31.3606215119853
3,490,0.0
3,491,0.0
3,492,0.0
3,493,0.0
3,494,0.0
3,495,12.79060320912049
3,496,40.76622665477316
3,497,0.0
3,498,30.888655840773026
3,499,23.383029334258936
3,500,0.0
3,501,30.888655840773026
3,502,1459.7381254473148
3,503,0.0
3,504,1458.46949314401
3,505,1929.6296515154936
3,506,0.0
3,507,0.0
3,508,0.0
3,509,30.343257210070078
3,510,0.0
3,511,0.0
4,0,1928.2684394932294
4,1,0.0
4,2,37.2727413468092
4,3,0.0
4,4,0.0
4,5,23.084391455677178
4,6,31.049125482257296
4,7,0.0
4,8,17.685210523717615
4,9,0.0
4,10,0.0
4,11,0.0
4,12,41.62982292720062
4,13,0.0
4,14,40.76622665477316
4,15,40.76622665477316
4,16,2880.8281055681728
4,17,19582.362568344033
4,18,0.0
4,19,0.0
4,20,27.33084384860922
4,21,0.0
4,22,41.715355088407705
4,23,0.0
4,24,0.0
4,25,31.315872688476702
4,26,0.0
4,27,30.888655840773026
4,28,34.91649282522758
4,29,0.0
4,30,0.0
4,31,30.888655840773026
4,32,0.0
4,33,40.76622665477316
4,34,0.0
4,35,0.0
4,36,0.0
4,37,0.0
4,38,41.38677831935638
4,39,0.0
4,40,0.0
4,41,0.0
4,42,0.0
4,43,2129.1673845793157
4,44,35.310283525603154
4,45,47.85212811935071
4,46,0.0
4,47,30.888655840773026
4,48,0.0
4,49,34.91649282522758
4,50,30.888655840773026
4,51,1794.5200195268626
4,52,0.0
4,53,37.27093064306973
4,54,2129.908751076975
4,55,1718.0675168436755
4,56,40.76622665477316
4,57,0.0
4,58,35.56649192901659
4,59,23.56018806025986
4,60,0.0
4,61,0.0
4,62,1436.8319560531381
4,63,0.0
4,64,30.888655840773026
4,65,30.234464815056526
4,66,35.6621265242693
4,67,1718.1477855924677
4,68,34.64823568454176
4,69,0.0
4,70,0.0
4,71,41.220273768746665
4,72,0.0
4,73,31.395318527300333
4,74,0.0
4,75,0.0
4,76,37.398166444148046
4,77,0.0
4,78,0.0
4,79,35.28730366205946
4,80,0.0
4,81,35.32587213718489
4,82,0.0
4,83,30.234464815056526
4,84,0.0
4,85,0.0
4,86,24.55491550084571
4,87,0.0
4,88,0.0
4,89,0.0
4,90,0.0
4,91,0.0
4,92,0.0
4,93,0.0
4,94,0.0
4,95,0.0
4,96,0.0
4,97,0.0
4,98,0.0
4,99,0.0
4,100,0.0
4,101,34.32234263210739
4,102,22.163438559709903
4,103,0.0
4,104,0.0
4,105,0.0
4,106,30.888655840773026
4,107,26.28691529685966
4,108,0.0
4,109,0.0
4,110,52.661893894925925
4,111,0.0
4,112,0.0
4,113,0.0
4,114,40.76622665477316
4,115,0.0
4,116,47.60058302191828
4,117,0.0
4,118,30.888655840773026
4,119,31.229571378496075
4,120,12.407837325808941
4,121,32.577089498175155
4,122,0.0
4,123,0.0
4,124,0.0
4,125,0.0
4,126,37.398166444148046
4,127,0.0
4,128,48.03095739719447
4,129,40.76622665477316
4,130,0.0
4,131,30.234464815056526
4,132,0.0
4,133,0.0
4,134,0.0
4,135,0.0
4,136,40.402492413263644
4,137,0.0
4,138,266.20689906119696
4,139,0.0
4,140,0.0
4,141,40.91707564759599
4,142,40.32411610874897
4,143,40.76622665477316
4,144,0.0
4,145,23.487696412548758
4,146,0.0
4,147,40.818374819554265
4,148,0.0
4,149,0.0
4,150,134.36035252778765
4,151,0.0
4,152,0.0
4,153,48.03095739719447
4,154,0.0
4,155,0.0
4,156,30.888655840773026
4,157,30.234464815056526
4,158,47.14350088685933
4,159,0.0
4,160,30.888655840773026
4,161,47.791176998065566
4,162,46.77234461226908
4,163,0.0
4,164,0.0
4,165,23.73355751272902
4,166,0.0
4,167,0.0
4,168,0.0
4,169,0.0
4,170,0.0
4,171,40.76622665477316
4,172,0.0
4,173,48.03095739719447
4,174,48.10890888836457
4,175,0.0
4,176,0.0
4,177,22.544585386540348
4,178,23769.302479095968
4,179,0.0
4,180,0.0
4,181,39.34273849554938
4,182,30.888655840773026
4,183,31.211022805920038
4,184,4376.066263738351
4,185,30.83896168089177
4,186,30.234464815056526
4,187,0.0
4,188,0.0
4,189,32.577089498175155
4,190,23.56018806025986
4,191,1130.2514841748425
4,192,0.0
4,193,30.728910269522203
4,194,0.0
4,195,34.493719043988676
4,196,0.0
4,197,0.0
4,198,0.0
4,199,0.0
4,200,0.0
4,201,0.0
4,202,0.0
4,203,0.0
4,204,34.91649282522758
4,205,0.0
4,206,0.0
4,207,0.0
4,208,0.0
4,209,31.63056888342362
4,210,0.0
4,211,0.0
4,212,40.76622665477316
4,213,1929.6296515154936
4,214,0.0
4,215,0.0
4,216,23.56018806025986
4,217,449.09134995242584
4,218,0.0
4,219,0.0
4,220,0.0
4,221,40.76622665477316
4,222,0.0
4,223,35.32587213718489
4,224,0.0
4,225,0.0
4,226,0.0
4,227,47.24246115626465
4,228,28.508957698933955
4,229,0.0
4,230,0.0
4,231,35.6621265242693
4,232,0.0
4,233,0.0
4,234,0.0
4,235,0.0
4,236,30.888655840773026
4,237,0.0
4,238,0.0
4,239,0.0
4,240,47.14350088685933
4,241,13851.953797035789
4,242,0.0
4,243,0.0
4,244,2880.8281055681728
4,245,0.0
4,246,0.0
4,247,0.0
4,248,0.0
4,249,40.76622665477316
4,250,34.91649282522758
4,251,26.82711957342326
4,252,0.0
4,253,0.0
4,254,0.0
4,255,27.387337169935563
4,256,0.0
4,257,0.0
4,258,48.03095739719447
4,259,0.0
4,260,0.0
4,261,1461.6505454919934
4,262,34.20891842769743
4,263,0.0
4,264,47.14350088685933
4,265,0.0
4,266,0.0
4,267,0.0
4,268,0.0
4,269,2129.1601752461247
4,270,30.234464815056526
4,271,0.0
4,272,1577.415132806822
4,273,34.964505960871975
4,274,0.0
4,275,0.0
4,276,0.0
4,277,0.0
4,278,0.0
4,279,1458.923156051951
4,280,0.0
4,281,40.76622665477316
4,282,40.76622665477316
4,283,0.0
4,284,0.0
4,285,0.0
4,286,48.03095739719447
4,287,30.234464815056526
4,288,0.0
4,289,0.0
4,290,1556.3150939184088
4,291,0.0
4,292,47.60058302191828
4,293,33.39971311845784
4,294,85711.96291136449
4,295,35.6621265242693
4,296,0.0
4,297,40.91707564759599
4,298,0.0
4,299,23.615594304580554
4,300,0.0
4,301,0.0
4,302,34.15177253100046
4,303,35.6621265242693
4,304,0.0
4,305,0.0
4,306,0.0
4,307,48.03095739719447
4,308,49.417232826285726
4,309,38.32405518637461
4,310,0.0
4,311,0.0
4,312,18558.917888335243
4,313,31.56532539475029
4,314,41.62982292720062
4,315,15428.569268104078
4,316,0.0
4,317,0.0
4,318,47.14350088685933
4,319,0.0
4,320,0.0
4,321,36.22980083009679
4,322,27.973641187003523
4,323,0.0
4,324,32.577089498175155
4,325,0.0
4,326,0.0
4,327,0.0
4,328,0.0
4,329,30.728910269522203
4,330,0.0
4,331,0.0
4,332,40.76622665477316
4,333,0.0
4,334,38.574695082549624
4,335,676.7099974050843
4,336,0.0
4,337,39.43152796015784
4,338,34.91649282522758
4,339,86.24190687796909
4,340,0.0
4,341,0.0
4,342,0.0
4,343,63.056012474428826
4,344,354.3110531085231
4,345,0.0
4,346,30.234464815056526
4,347,0.0
4,348,41.38677831935638
4,349,0.0
4,350,0.0
4,351,0.0
4,352,0.0
4,353,0.0
4,354,0.0
4,355,0.0
4,356,30.888655840773026
4,357,0.0
4,358,48.03095739719447
4,359,0.0
4,360,23.740658361414717
4,361,26.93972790357111
4,362,0.0
4,363,40.76622665477316
4,364,39.209067848733866
4,365,30.481009713681487
4,366,1460.4220065736044
4,367,0.0
4,368,36.62843740027802
4,369,23.402532936429452
4,370,0.0
4,371,30.888655840773026
4,372,35.87142454946843
4,373,0.0
4,374,0.0
4,375,40.91707564759599
4,376,48.10890888836457
4,377,30.888655840773026
4,378,30.888655840773026
4,379,58.190924402435485
4,380,30.234464815056526
4,381,4350.09061709928
4,382,34.91649282522758
4,383,0.0
4,384,0.0
4,385,23.56018806025986
4,386,0.0
4,387,0.0
4,388,0.0
4,389,26.083882814887147
4,390,35.32587213718489
4,391,0.0
4,392,0.0
4,393,0.0
4,394,0.0
4,395,0.0
4,396,0.0
4,397,30.234464815056526
4,398,6684.398878870742
4,399,0.0
4,400,30.234464815056526
4,401,0.0
4,402,39.43152796015784
4,403,30.234464815056526
4,404,34.91649282522758
4,405,0.0
4,406,30.888655840773026
4,407,0.0
4,408,30.234464815056526
4,409,1718.2122080258305
4,410,30.888655840773026
4,411,0.0
4,412,0.0
4,413,47.37110565716648
4,414,0.0
4,415,0.0
4,416,40.76622665477316
4,417,34.613878418404965
4,418,0.0
4,419,30.234464815056526
4,420,41.49680914473265
4,421,0.0
4,422,0.0
4,423,30.234464815056526
4,424,0.0
4,425,34.964505960871975
4,426,30.234464815056526
4,427,23.402532936429452
4,428,0.0
4,429,0.0
4,430,40.91707564759599
4,431,0.0
4,432,35.41795627634292
4,433,47.60058302191828
4,434,30.888655840773026
4,435,38.6164653256119
4,436,0.0
4,437,7.704194447333066
4,438,0.0
4,439,0.0
4,440,0.0
4,441,0.0
4,442,0.0
4,443,27.33084384860922
4,444,30.888655840773026
4,445,37.232105854947804
4,446,0.0
4,447,0.0
4,448,26.715478160479506
4,449,0.0
4,450,0.0
4,451,0.0
4,452,0.0
4,453,0.0
4,454,0.0
4,455,0.0
4,456,32.577089498175155
4,457,0.0
4,458,35.64443471292725
4,459,1651.7539501322608
4,460,30.234464815056526
4,461,40.76622665477316
4,462,40.76622665477316
4,463,28.78980171395051
4,464,40.76622665477316
4,465,18300.596416887252
4,466,0.0
4,467,46.12853227495543
4,468,0.0
4,469,0.0
4,470,40.76622665477316
4,471,0.0
4,472,0.0
4,473,0.0
4,474,23.213422695835106
4,475,0.0
4,476,0.0
4,477,41.38677831935638
4,478,40.91707564759599
4,479,0.0
4,480,35.64443471292725
4,481,0.0
4,482,48.03095739719447
4,483,0.0
4,484,30.888655840773026
4,485,0.0
4,486,0.0
4,487,0.0
4,488,0.0
4,489,17.685210523717615
4,490,32.577089498175155
4,491,34.91649282522758
4,492,40.76622665477316
4,493,0.0
4,494,0.0
4,495,0.0
4,496,28.219645967352335
4,497,0.0
4,498,0.0
4,499,0.0
4,500,0.0
4,501,0.0
4,502,48.03095739719447
4,503,6638.288260070767
4,504,1144.3003965240769
4,505,0.0
4,506,0.0
4,507,41.28342045710633
4,508,30.888655840773026
4,509,40.402492413263644
4,510,40.76622665477316
4,511,0.0
5,0,39.44085601291408
5,1,34.58075665209526
5,2,0.0
5,3,30.049684984855958
5,4,0.0
5,5,0.0
5,6,0.0
5,7,0.0
5,8,0.0
5,9,0.0
5,10,69.39855232247464
5,11,0.0
5,12,47.14350088685933
5,13,0.0
5,14,32.26478336139826
5,15,49.11801251009001
5,16,49.00205769719287
5,17,0.0
5,18,30.234464815056526
5,19,42.29263943584738
5,20,14500.29769228094
5,21,0.0
5,22,0.0
5,23,0.0
5,24,42.673113144721356
5,25,0.0
5,26,0.0
5,27,0.0
5,28,0.0
5,29,41.38677831935638
5,30,40.91707564759599
5,31,189.84699164922858
5,32,20.048855864492907
5,33,0.0
5,34,0.0
5,35,11.73595855216172
5,36,1556.3150939184088
5,37,0.0
5,38,0.0
5,39,0.0
5,40,0.0
5,41,41.49680914473265
5,42,63.056012474428826
5,43,0.0
5,44,0.0
5,45,41.49680914473265
5,46,0.0
5,47,30.234464815056526
5,48,48.03095739719447
5,49,0.0
5,50,0.0
5,51,0.0
5,52,47.37110565716648
5,53,0.0
5,54,35.6621265242693
5,55,0.0
5,56,23.487696412548758
5,57,585.9823076389976
5,58,40.15520938433201
5,59,48.30784786708682
5,60,0.0
5,61,40.089302415353814
5,62,0.0
5,63,355.80693383332164
5,64,35.74267973388578
5,65,29.61112006087842
5,66,40.91707564759599
5,67,0.0
5,68,0.0
5,69,0.0
5,70,0.0
5,71,0.0
5,72,0.0
5,73,48.03095739719447
5,74,0.0
5,75,1556.3150939184088
5,76,0.0
5,77,39.34080428175275
5,78,40.57512229875465
5,79,0.0
5,80,0.0
5,81,40.30064666597991
5,82,0.0
5,83,47.24246115626465
5,84,48.03095739719447
5,85,0.0
5,86,15.318387595598324
5,87,32.577089498175155
5,88,30.049684984855958
5,89,0.0
5,90,48.03095739719447
5,91,0.0
5,92,23.323106779288537
5,93,0.0
5,94,0.0
5,95,14347.940930787674
5,96,0.0
5,97,47.24246115626465
5,98,14546.362439690982
5,99,29.61112006087842
5,100,0.0
5,101,40.333987734587936
5,102,39.34080428175275
5,103,7.704194447333066
5,104,0.0
5,105,0.0
5,106,40.91707564759599
5,107,40.92327007065069
5,108,0.0
5,109,20.077376093384373
5,110,0.0
5,111,0.0
5,112,0.0
5,113,39.34080428175275
5,114,1556.3150939184088
5,115,47.861439978993985
5,116,35.6621265242693
5,117,0.0
5,118,33.62212970622204
5,119,0.0
5,120,0.0
5,121,0.0
5,122,40.30064666597991
5,123,0.0
5,124,47.29059003749171
5,125,30.234464815056526
5,126,0.0
5,127,0.0
5,128,0.0
5,129,48.03095739719447
5,130,0.0
5,131,0.0
5,132,32.26478336139826
5,133,0.0
5,134,32.577089498175155
5,135,41.62982292720062
5,136,0.0
5,137,0.0
5,138,0.0
5,139,48.03095739719447
5,140,0.0
5,141,45.95789703887658
5,142,0.0
5,143,49.412461564794285
5,144,0.0
5,145,40.91707564759599
5,146,0.0
5,147,41.49680914473265
5,148,41.49680914473265
5,149,0.0
5,150,0.0
5,151,0.0
5,152,0.0
5,153,47.29059003749171
5,154,0.0
5,155,0.0
5,156,35.07859999074208
5,157,0.0
5,158,0.0
5,159,0.0
5,160,0.0
5,161,47.791176998065566
5,162,41.220273768746665
5,163,40.76622665477316
5,164,30.234464815056526
5,165,0.0
5,166,0.0
5,167,0.0
5,168,19.939589860234264
5,169,47.60058302191828
5,170,0.0
5,171,0.0
5,172,0.0
5,173,0.0
5,174,0.0
5,175,0.0
5,176,0.0
5,177,0.0
5,178,0.0
5,179,0.0
5,180,47.24246115626465
5,181,0.0
5,182,177.25237568236935
5,183,46.74943470471317
5,184,0.0
5,185,0.0
5,186,0.0
5,187,30.198821389732984
5,188,0.0
5,189,40.91707564759599
5,190,1794.5200195268626
5,191,0.0
5,192,30.12173833678844
5,193,0.0
5,194,20.048855864492907
5,195,0.0
5,196,47.24246115626465
5,197,0.0
5,198,0.0
5,199,37.298120989712515
5,200,0.0
5,201,40.402492413263644
5,202,0.0
5,203,0.0
5,204,0.0
5,205,0.0
5,206,47.24246115626465
5,207,0.0
5,208,35.6621265242693
5,209,0.0
5,210,20.006023280767295
5,211,35.6621265242693
5,212,34.964505960871975
5,213,0.0
5,214,0.0
5,215,0.0
5,216,23.172998875802477
5,217,30.623106138993535
5,218,0.0
5,219,48.03095739719447
5,220,0.0
5,221,0.0
5,222,0.0
5,223,0.0
5,224,0.0
5,225,47.24246115626465
5,226,0.0
5,227,0.0
5,228,0.0
5,229,0.0
5,230,52.56349331334877
5,231,0.0
5,232,0.0
5,233,0.0
5,234,0.0
5,235,29.8861914982308
5,236,48.03095739719447
5,237,0.0
5,238,40.42307144194274
5,239,0.0
5,240,35.47495667093426
5,241,0.0
5,242,30.728910269522203
5,243,0.0
5,244,0.0
5,245,0.0
5,246,44.17047936947165
5,247,0.0
5,248,0.0
5,249,0.0
5,250,48.03095739719447
5,251,0.0
5,252,0.0
5,253,0.0
5,254,48.03095739719447
5,255,32.577089498175155
5,256,48.03095739719447
5,257,40.91707564759599
5,258,30.17968644991379
5,259,46.64632177816111
5,260,0.0
5,261,0.0
5,262,22.946373871887772
5,263,0.0
5,264,0.0
5,265,20.138731588487644
5,266,7.704194447333066
5,267,0.0
5,268,34.964505960871975
5,269,30.27669028726632
5,270,0.0
5,271,0.0
5,272,0.0
5,273,0.0
5,274,0.0
5,275,0.0
5,276,0.0
5,277,39.34080428175275
5,278,354.3110531085231
5,279,47.24246115626465
5,280,0.0
5,281,0.0
5,282,47.60058302191828
5,283,0.0
5,284,0.0
5,285,47.791176998065566
5,286,14546.362439690982
5,287,0.0
5,288,29.730275209576575
5,289,0.0
5,290,0.0
5,291,0.0
5,292,0.0
5,293,0.0
5,294,40.1106464361319
5,295,0.0
5,296,40.68680190537634
5,297,19367.34515685296
5,298,0.0
5,299,0.0
5,300,0.0
5,301,38.1717108401981
5,302,0.0
5,303,0.0
5,304,0.0
5,305,35.07859999074208
5,306,43.310377467124454
5,307,1794.5200195268626
5,308,24.994252002429675
5,309,0.0
5,310,0.0
5,311,0.0
5,312,0.0
5,313,0.0
5,314,0.0
5,315,7.704194447333066
5,316,33.18262145621975
5,317,0.0
5,318,0.0
5,319,0.0
5,320,0.0
5,321,0.0
5,322,46.7164487927821
5,323,29.61112006087842
5,324,0.0
5,325,0.0
5,326,35.21871036909124
5,327,48.03095739719447
5,328,0.0
5,329,0.0
5,330,0.0
5,331,0.0
5,332,0.0
5,333,0.0
5,334,35.6621265242693
5,335,0.0
5,336,20.048855864492907
5,337,0.0
5,338,0.0
5,339,0.0
5,340,48.03095739719447
5,341,0.0
5,342,0.0
5,343,37.412228610523016
5,344,0.0
5,345,25.26271960505437
5,346,0.0
5,347,92.34819158490518
5,348,0.0
5,349,0.0
5,350,24.754049276675687
5,351,34.964505960871975
5,352,0.0
5,353,47.24246115626465
5,354,40.46238721705413
5,355,0.0
5,356,40.089302415353814
5,357,69.76943133857003
5,358,0.0
5,359,0.0
5,360,33.49153507086976
5,361,47.37110565716648
5,362,0.0
5,363,40.15520938433201
5,364,0.0
5,365,0.0
5,366,0.0
5,367,0.0
5,368,0.0
5,369,23.332348288809044
5,370,14546.362439690982
5,371,0.0
5,372,0.0
5,373,1794.5200195268626
5,374,40.52234698400025
5,375,0.0
5,376,0.0
5,377,40.91707564759599
5,378,0.0
5,379,1460.4220065736044
5,380,0.0
5,381,7.887247590323568
5,382,0.0
5,383,0.0
5,384,0.0
5,385,41.28342045710633
5,386,29.61112006087842
5,387,0.0
5,388,39.34080428175275
5,389,40.63801409460575
5,390,40.30064666597991
5,391,48.03095739719447
5,392,0.0
5,393,46.64632177816111
5,394,41.28342045710633
5,395,29.61112006087842
5,396,20.006023280767295
5,397,34.83897775311743
5,398,34.964505960871975
5,399,0.0
5,400,0.0
5,401,41.220273768746665
5,402,48.30784786708682
5,403,0.0
5,404,0.0
5,405,0.0
5,406,0.0
5,407,40.46595975489345
5,408,35.6621265242693
5,409,23437.15474930407
5,410,35.6621265242693
5,411,34.701374088393095
5,412,0.0
5,413,0.0
5,414,0.0
5,415,48.03095739719447
5,416,0.0
5,417,0.0
5,418,48.30784786708682
5,419,41.220273768746665
5,420,0.0
5,421,48.03095739719447
5,422,0.0
5,423,40.46238721705413
5,424,47.29059003749171
5,425,0.0
5,426,0.0
5,427,34.5786846674273
5,428,40.15520938433201
5,429,1794.5200195268626
5,430,41.220273768746665
5,431,0.0
5,432,0.0
5,433,0.0
5,434,0.0
5,435,0.0
5,436,40.30064666597991
5,437,0.0
5,438,40.089302415353814
5,439,35.6621265242693
5,440,0.0
5,441,35.6621265242693
5,442,46.18627669116813
5,443,40.57512229875465
5,444,0.0
5,445,0.0
5,446,0.0
5,447,33.48070486927554
5,448,0.0
5,449,0.0
5,450,40.46238721705413
5,451,0.0
5,452,0.0
5,453,0.0
5,454,30.674028297572477
5,455,0.0
5,456,35.6621265242693
5,457,40.15520938433201
5,458,0.0
5,459,0.0
5,460,0.0
5,461,34.40273493537552
5,462,0.0
5,463,0.0
5,464,38.76926187794561
5,465,0.0
5,466,1556.3150939184088
5,467,38.76926187794561
5,468,0.0
5,469,0.0
5,470,38.76926187794561
5,471,39.34080428175275
5,472,48.03095739719447
5,473,41.220273768746665
5,474,0.0
5,475,0.0
5,476,30.319601050762685
5,477,37.02226605704436
5,478,40.402492413263644
5,479,40.15520938433201
5,480,47.29059003749171
5,481,0.0
5,482,47.57147429703309
5,483,1556.3150939184088
5,484,48.86036437650455
5,485,40.3386639683049
5,486,0.0
5,487,0.0
5,488,0.0
5,489,48.03095739719447
5,490,0.0
5,491,0.0
5,492,0.0
5,493,0.0
5,494,0.0
5,495,177.25237568236935
5,496,0.0
5,497,0.0
5,498,0.0
5,499,41.49680914473265
5,500,35.6621265242693
5,501,0.0
5,502,0.0
5,503,0.0
5,504,47.24246115626465
5,505,35.74267973388578
5,506,0.0
5,507,41.49680914473265
5,508,0.0
5,509,47.24246115626465
5,510,0.0
5,511,0.0
6,0,0.0
6,1,0.0
6,2,46.56334766576856
6,3,0.0
6,4,33.86751563140842
6,5,14500.29769228094
6,6,0.0
6,7,0.0
6,8,0.0
6,9,30.574448380083595
6,10,14546.362439690982
6,11,46.48032967722065
6,12,39.34080428175275
6,13,0.0
6,14,0.0
6,15,0.0
6,16,40.089302415353814
6,17,0.0
6,18,0.0
6,19,19.91662637133595
6,20,0.0
6,21,0.0
6,22,47.03490204987884
6,23,0.0
6,24,0.0
6,25,47.69315116405687
6,26,0.0
6,27,0.0
6,28,46.51592275742132
6,29,34.04225977169153
6,30,0.0
6,31,47.24246115626465
6,32,47.24246115626465
6,33,47.24246115626465
6,34,0.0
6,35,17.913745449833186
6,36,47.20077846512322
6,37,0.0
6,38,0.0
6,39,0.0
6,40,0.0
6,41,0.0
6,42,33.18262145621975
6,43,0.0
6,44,354.3110531085231
6,45,61.94531939455828
6,46,47.65002417687447
6,47,37.02226605704436
6,48,0.0
6,49,39.27241353226054
6,50,0.0
6,51,47.24246115626465
6,52,0.0
6,53,47.24246115626465
6,54,0.0
6,55,0.0
6,56,0.0
6,57,40.04439849868777
6,58,0.0
6,59,46.56334766576856
6,60,0.0
6,61,46.56334766576856
6,62,39.07949804525924
6,63,39.27241353226054
6,64,0.0
6,65,0.0
6,66,47.24246115626465
6,67,0.0
6,68,47.24246115626465
6,69,39.12345402240953
6,70,0.0
6,71,1794.5200195268626
6,72,33.86751563140842
6,73,0.0
6,74,0.0
6,75,0.0
6,76,47.24246115626465
6,77,0.0
6,78,47.24246115626465
6,79,0.0
6,80,39.25876707289626
6,81,39.25876707289626
6,82,46.93804187761725
6,83,0.0
6,84,0.0
6,85,0.0
6,86,45.72632738610082
6,87,0.0
6,88,0.0
6,89,0.0
6,90,0.0
6,91,21.437210408570536
6,92,0.0
6,93,39.12345402240953
6,94,0.0
6,95,276.796855730644
6,96,47.24246115626465
6,97,63.38117139976384
6,98,0.0
6,99,34.26022460109107
6,100,0.0
6,101,47.24246115626465
6,102,0.0
6,103,0.0
6,104,48.192676445732104
6,105,0.0
6,106,0.0
6,107,1460.4220065736044
6,108,0.0
6,109,47.24246115626465
6,110,30.147997100588327
6,111,0.0
6,112,46.56334766576856
6,113,0.0
6,114,14546.362439690982
6,115,7.704194447333066
6,116,0.0
6,117,0.0
6,118,0.0
6,119,38.32271316672268
6,120,0.0
6,121,0.0
6,122,0.0
6,123,39.25876707289626
6,124,0.0
6,125,0.0
6,126,0.0
6,127,0.0
6,128,47.24246115626465
6,129,47.24246115626465
6,130,0.0
6,131,0.0
6,132,0.0
6,133,46.48032967722065
6,134,0.0
6,135,0.0
6,136,47.24246115626465
6,137,276.796855730644
6,138,152.26978089395016
6,139,0.0
6,140,0.0
6,141,0.0
6,142,47.24246115626465
6,143,0.0
6,144,0.0
6,145,38.32271316672268
6,146,46.56334766576856
6,147,0.0
6,148,0.0
6,149,0.0
6,150,46.48032967722065
6,151,0.0
6,152,596.3089029117336
6,153,39.75822660625545
6,154,39.27241353226054
6,155,0.0
6,156,46.69946229368725
6,157,47.24246115626465
6,158,0.0
6,159,47.24246115626465
6,160,40.089302415353814
6,161,0.0
6,162,0.0
6,163,39.27241353226054
6,164,47.24246115626465
6,165,0.0
6,166,45.94204491147957
6,167,43.16143563181868
6,168,0.0
6,169,46.56334766576856
6,170,38.32271316672268
6,171,29.63914249510617
6,172,14535.774656412352
6,173,39.12345402240953
6,174,0.0
6,175,0.0
6,176,0.0
6,177,0.0
6,178,39.27241353226054
6,179,40.089302415353814
6,180,0.0
6,181,0.0
6,182,0.0
6,183,46.56334766576856
6,184,0.0
6,185,0.0
6,186,46.56334766576856
6,187,0.0
6,188,47.456603786648884
6,189,48.86036437650455
6,190,0.0
6,191,0.0
6,192,0.0
6,193,0.0
6,194,0.0
6,195,0.0
6,196,0.0
6,197,1794.5200195268626
6,198,0.0
6,199,63.056012474428826
6,200,0.0
6,201,41.86709903190058
6,202,0.0
6,203,0.0
6,204,0.0
6,205,0.0
6,206,46.51592275742132
6,207,0.0
6,208,0.0
6,209,47.85413651906674
6,210,0.0
6,211,48.44721061852306
6,212,40.089302415353814
6,213,0.0
6,214,48.86036437650455
6,215,1556.3150939184088
6,216,47.24246115626465
6,217,0.0
6,218,20.111788943854663
6,219,0.0
6,220,47.24246115626465
6,221,0.0
6,222,0.0
6,223,47.87382818984679
6,224,48.86036437650455
6,225,0.0
6,226,0.0
6,227,0.0
6,228,20.138731588487644
6,229,1556.3150939184088
6,230,46.44439834037712
6,231,0.0
6,232,0.0
6,233,0.0
6,234,47.24246115626465
6,235,46.56334766576856
6,236,0.0
6,237,0.0
6,238,47.24246115626465
6,239,0.0
6,240,0.0
6,241,28.29301992467572
6,242,69.39855232247464
6,243,0.0
6,244,0.0
6,245,39.90392695858827
6,246,0.0
6,247,0.0
6,248,20.111788943854663
6,249,0.0
6,250,0.0
6,251,0.0
6,252,48.80445666790001
6,253,22.216979324484782
6,254,46.56334766576856
6,255,0.0
6,256,47.24246115626465
6,257,44.18688660772659
6,258,0.0
6,259,0.0
6,260,0.0
6,261,47.24246115626465
6,262,47.24246115626465
6,263,48.86036437650455
6,264,0.0
6,265,0.0
6,266,46.91326738846328
6,267,0.0
6,268,0.0
6,269,47.24246115626465
6,270,0.0
6,271,0.0
6,272,46.56334766576856
6,273,0.0
6,274,0.0
6,275,46.48032967722065
6,276,0.0
6,277,0.0
6,278,0.0
6,279,0.0
6,280,0.0
6,281,0.0
6,282,0.0
6,283,39.563923384692316
6,284,38.9913482571983
6,285,47.24246115626465
6,286,0.0
6,287,0.0
6,288,0.0
6,289,39.34080428175275
6,290,0.0
6,291,0.0
6,292,0.0
6,293,0.0
6,294,36.857646014439524
6,295,46.56334766576856
6,296,0.0
6,297,21.566821975358835
6,298,46.56334766576856
6,299,0.0
6,300,0.0
6,301,40.089302415353814
6,302,0.0
6,303,40.089302415353814
6,304,0.0
6,305,0.0
6,306,19.962429171318945
6,307,46.56334766576856
6,308,0.0
6,309,47.24246115626465
6,310,0.0
6,311,0.0
6,312,0.0
6,313,0.0
6,314,0.0
6,315,47.24246115626465
6,316,0.0
6,317,0.0
6,318,39.25876707289626
6,319,0.0
6,320,0.0
6,321,0.0
6,322,45.697347244298726
6,323,0.0
6,324,38.32271316672268
6,325,47.24246115626465
6,326,0.0
6,327,48.86036437650455
6,328,46.44439834037712
6,329,47.24246115626465
6,330,45.697347244298726
6,331,20.111788943854663
6,332,0.0
6,333,1794.5200195268626
6,334,0.0
6,335,47.24246115626465
6,336,0.0
6,337,38.32271316672268
6,338,0.0
6,339,40.089302415353814
6,340,26.629452800614672
6,341,0.0
6,342,0.0
6,343,0.0
6,344,45.813173088547046
6,345,47.29059003749171
6,346,0.0
6,347,47.29059003749171
6,348,0.0
6,349,45.11487459711316
6,350,25.226295030624897
6,351,0.0
6,352,47.24246115626465
6,353,0.0
6,354,46.56334766576856
6,355,39.05937257767346
6,356,47.96702100400671
6,357,0.0
6,358,20.048855864492907
6,359,0.0
6,360,0.0
6,361,20.048855864492907
6,362,47.24246115626465
6,363,0.0
6,364,0.0
6,365,7.704194447333066
6,366,0.0
6,367,47.24246115626465
6,368,39.52147375345612
6,369,0.0
6,370,47.018276390944266
6,371,0.0
6,372,0.0
6,373,0.0
6,374,47.24246115626465
6,375,0.0
6,376,47.24246115626465
6,377,0.0
6,378,200.24384798271967
6,379,0.0
6,380,0.0
6,381,0.0
6,382,0.0
6,383,0.0
6,384,0.0
6,385,0.0
6,386,0.0
6,387,0.0
6,388,46.48032967722065
6,389,19.89360556720021
6,390,0.0
6,391,1794.5200195268626
6,392,0.0
6,393,21.608712808703785
6,394,0.0
6,395,0.0
6,396,0.0
6,397,0.0
6,398,38.32271316672268
6,399,0.0
6,400,0.0
6,401,46.48032967722065
6,402,0.0
6,403,0.0
6,404,0.0
6,405,0.0
6,406,0.0
6,407,0.0
6,408,0.0
6,409,0.0
6,410,0.0
6,411,29.97953030030567
6,412,0.0
6,413,0.0
6,414,0.0
6,415,0.0
6,416,0.0
6,417,45.11487459711316
6,418,0.0
6,419,596.3089029117336
6,420,0.0
6,421,0.0
6,422,46.56334766576856
6,423,0.0
6,424,33.18262145621975
6,425,0.0
6,426,25.41025358083698
6,427,0.0
6,428,39.90381330364016
6,429,0.0
6,430,0.0
6,431,39.90392695858827
6,432,47.24246115626465
6,433,0.0
6,434,0.0
6,435,14500.29769228094
6,436,47.24246115626465
6,437,43.40066064693838
6,438,0.0
6,439,44.18823344020075
6,440,1794.5200195268626
6,441,0.0
6,442,33.86751563140842
6,443,46.51592275742132
6,444,0.0
6,445,0.0
6,446,0.0
6,447,0.0
6,448,39.34080428175275
6,449,40.089302415353814
6,450,596.3089029117336
6,451,47.24246115626465
6,452,0.0
6,453,30.623106138993535
6,454,46.48032967722065
6,455,0.0
6,456,0.0
6,457,0.0
6,458,46.56334766576856
6,459,0.0
6,460,0.0
6,461,0.0
6,462,0.0
6,463,39.05937257767346
6,464,0.0
6,465,0.0
6,466,0.0
6,467,46.51592275742132
6,468,0.0
6,469,47.24246115626465
6,470,0.0
6,471,0.0
6,472,47.24246115626465
6,473,40.1106464361319
6,474,0.0
6,475,47.24246115626465
6,476,23.172998875802477
6,477,0.0
6,478,0.0
6,479,0.0
6,480,0.0
6,481,0.0
6,482,46.56334766576856
6,483,0.0
6,484,47.24246115626465
6,485,48.86036437650455
6,486,0.0
6,487,47.24246115626465
6,488,0.0
6,489,0.0
6,490,0.0
6,491,354.35907094488357
6,492,46.48032967722065
6,493,0.0
6,494,0.0
6,495,0.0
6,496,40.46238721705413
6,497,0.0
6,498,0.0
6,499,45.71694420542826
6,500,0.0
6,501,0.0
6,502,48.86036437650455
6,503,0.0
6,504,39.126375448556246
6,505,1460.4220065736044
6,506,22.028197225860822
6,507,40.089302415353814
6,508,0.0
6,509,0.0
6,510,0.0
6,511,1556.3150939184088
7,0,46.48032967722065
7,1,20.061618786190593
7,2,46.48032967722065
7,3,0.0
7,4,47.26450203643344
7,5,0.0
7,6,0.0
7,7,0.0
7,8,0.0
7,9,0.0
7,10,0.0
7,11,0.0
7,12,0.0
7,13,0.0
7,14,28.762179246987216
7,15,0.0
7,16,0.0
7,17,46.48032967722065
7,18,46.522096364479694
7,19,0.0
7,20,47.96702100400671
7,21,46.48032967722065
7,22,0.0
7,23,0.0
7,24,0.0
7,25,44.309882262763495
7,26,45.813173088547046
7,27,39.27241353226054
7,28,0.0
7,29,0.0
7,30,0.0
7,31,0.0
7,32,46.48032967722065
7,33,0.0
7,34,0.0
7,35,45.26391366420194
7,36,0.0
7,37,46.48032967722065
7,38,46.56334766576856
7,39,0.0
7,40,0.0
7,41,0.0
7,42,0.0
7,43,46.280165978271725
7,44,0.0
7,45,0.0
7,46,45.80118966409373
7,47,0.0
7,48,45.74482721438835
7,49,0.0
7,50,0.0
7,51,45.884225670205524
7,52,0.0
7,53,38.12004364522454
7,54,46.67847967782018
7,55,1556.3150939184088
7,56,0.0
7,57,0.0
7,58,0.0
7,59,44.37214468626826
7,60,46.67847967782018
7,61,0.0
7,62,0.0
7,63,45.11487459711316
7,64,0.0
7,65,38.123643312676904
7,66,0.0
7,67,38.32271316672268
7,68,45.76680790706632
7,69,46.48032967722065
7,70,0.0
7,71,45.74482721438835
7,72,0.0
7,73,46.48032967722065
7,74,45.80118966409373
7,75,0.0
7,76,0.0
7,77,21.466451440010133
7,78,0.0
7,79,38.32271316672268
7,80,0.0
7,81,0.0
7,82,38.32271316672268
7,83,0.0
7,84,46.03878816639826
7,85,0.0
7,86,45.80118966409373
7,87,46.48032967722065
7,88,45.70738456282015
7,89,47.69315116405687
7,90,46.48032967722065
7,91,0.0
7,92,0.0
7,93,0.0
7,94,46.56334766576856
7,95,0.0
7,96,45.80118966409373
7,97,36.73820565261212
7,98,38.98488418630404
7,99,0.0
7,100,37.33475131596333
7,101,0.0
7,102,0.0
7,103,46.80777523998859
7,104,46.80777523998859
7,105,0.0
7,106,0.0
7,107,0.0
7,108,0.0
7,109,46.48032967722065
7,110,0.0
7,111,46.48032967722065
7,112,1460.4220065736044
7,113,0.0
7,114,20.006023280767295
7,115,0.0
7,116,0.0
7,117,0.0
7,118,0.0
7,119,0.0
7,120,46.48032967722065
7,121,0.0
7,122,0.0
7,123,46.67847967782018
7,124,46.48032967722065
7,125,46.56334766576856
7,126,0.0
7,127,0.0
7,128,47.82369779237706
7,129,45.80118966409373
7,130,0.0
7,131,1556.3150939184088
7,132,46.51502910026193
7,133,47.01009740480822
7,134,44.220917087440284
7,135,0.0
7,136,0.0
7,137,1460.4220065736044
7,138,0.0
7,139,0.0
7,140,46.48032967722065
7,141,45.80118966409373
7,142,45.80118966409373
7,143,0.0
7,144,46.48032967722065
7,145,0.0
7,146,44.488345446052335
7,147,0.0
7,148,0.0
7,149,38.123643312676904
7,150,0.0
7,151,0.0
7,152,0.0
7,153,0.0
7,154,0.0
7,155,47.01009740480822
7,156,0.0
7,157,0.0
7,158,0.0
7,159,0.0
7,160,0.0
7,161,0.0
7,162,0.0
7,163,47.65002417687447
7,164,0.0
7,165,0.0
7,166,0.0
7,167,0.0
7,168,38.32271316672268
7,169,46.03878816639826
7,170,46.48032967722065
7,171,0.0
7,172,0.0
7,173,0.0
7,174,46.48032967722065
7,175,0.0
7,176,39.17815912443075
7,177,46.03878816639826
7,178,39.25876707289626
7,179,37.33475131596333
7,180,46.48032967722065
7,181,0.0
7,182,0.0
7,183,0.0
7,184,45.80118966409373
7,185,0.0
7,186,46.48032967722065
7,187,46.48032967722065
7,188,0.0
7,189,0.0
7,190,0.0
7,191,0.0
7,192,43.787943107749015
7,193,45.884225670205524
7,194,0.0
7,195,46.51858242805247
7,196,38.9913482571983
7,197,45.76680790706632
7,198,0.0
7,199,0.0
7,200,0.0
7,201,0.0
7,202,45.74482721438835
7,203,0.0
7,204,0.0
7,205,45.80118966409373
7,206,0.0
7,207,45.70738456282015
7,208,46.48032967722065
7,209,0.0
7,210,0.0
7,211,45.80118966409373
7,212,0.0
7,213,38.0626407987038
7,214,0.0
7,215,0.0
7,216,0.0
7,217,0.0
7,218,0.0
7,219,47.69315116405687
7,220,0.0
7,221,0.0
7,222,0.0
7,223,0.0
7,224,0.0
7,225,0.0
7,226,0.0
7,227,0.0
7,228,44.18688660772659
7,229,0.0
7,230,0.0
7,231,0.0
7,232,0.0
7,233,0.0
7,234,0.0
7,235,37.227630844434316
7,236,0.0
7,237,0.0
7,238,45.80118966409373
7,239,46.48032967722065
7,240,0.0
7,241,38.9913482571983
7,242,0.0
7,243,46.48032967722065
7,244,0.0
7,245,45.11487459711316
7,246,38.9913482571983
7,247,45.74482721438835
7,248,47.69315116405687
7,249,0.0
7,250,39.27241353226054
7,251,46.41946016198108
7,252,44.37214468626826
7,253,46.51592275742132
7,254,0.0
7,255,44.220917087440284
7,256,0.0
7,257,39.27241353226054
7,258,45.74482721438835
7,259,39.126375448556246
7,260,0.0
7,261,0.0
7,262,0.0
7,263,0.0
7,264,0.0
7,265,45.80118966409373
7,266,0.0
7,267,0.0
7,268,0.0
7,269,39.11439104127567
7,270,0.0
7,271,45.80118966409373
7,272,0.0
7,273,0.0
7,274,39.11439104127567
7,275,0.0
7,276,46.48032967722065
7,277,0.0
7,278,0.0
7,279,0.0
7,280,46.48032967722065
7,281,46.03878816639826
7,282,45.11487459711316
7,283,0.0
7,284,39.27241353226054
7,285,0.0
7,286,17.913745449833186
7,287,0.0
7,288,0.0
7,289,0.0
7,290,0.0
7,291,0.0
7,292,47.82369779237706
7,293,0.0
7,294,38.255632409892314
7,295,0.0
7,296,46.67847967782018
7,297,0.0
7,298,46.48032967722065
7,299,47.69315116405687
7,300,0.0
7,301,0.0
7,302,0.0
7,303,0.0
7,304,0.0
7,305,0.0
7,306,0.0
7,307,46.57857790693288
7,308,0.0
7,309,38.9913482571983
7,310,0.0
7,311,46.47979792972728
7,312,0.0
7,313,47.65002417687447
7,314,46.51592275742132
7,315,38.9913482571983
7,316,45.80118966409373
7,317,46.48032967722065
7,318,46.48032967722065
7,319,45.11487459711316
7,320,45.091886463199444
7,321,0.0
7,322,39.563923384692316
7,323,45.74482721438835
7,324,37.33475131596333
7,325,0.0
7,326,0.0
7,327,0.0
7,328,0.0
7,329,37.92638471843475
7,330,46.55795842918815
7,331,0.0
7,332,45.80118966409373
7,333,1556.3150939184088
7,334,47.69315116405687
7,335,38.9913482571983
7,336,726.0577687660971
7,337,44.220917087440284
7,338,46.44439834037712
7,339,0.0
7,340,0.0
7,341,0.0
7,342,0.0
7,343,47.69315116405687
7,344,0.0
7,345,44.220917087440284
7,346,0.0
7,347,0.0
7,348,0.0
7,349,0.0
7,350,43.787943107749015
7,351,0.0
7,352,0.0
7,353,44.96983960854595
7,354,0.0
7,355,0.0
7,356,0.0
7,357,45.80118966409373
7,358,38.9913482571983
7,359,46.56334766576856
7,360,0.0
7,361,0.0
7,362,0.0
7,363,0.0
7,364,0.0
7,365,46.48032967722065
7,366,47.24246115626465
7,367,0.0
7,368,0.0
7,369,46.48032967722065
7,370,45.76680790706632
7,371,46.55795842918815
7,372,0.0
7,373,0.0
7,374,0.0
7,375,46.48032967722065
7,376,46.48032967722065
7,377,0.0
7,378,0.0
7,379,0.0
7,380,0.0
7,381,0.0
7,382,0.0
7,383,45.883452500876956
7,384,46.51858242805247
7,385,46.51592275742132
7,386,47.65002417687447
7,387,0.0
7,388,0.0
7,389,46.48032967722065
7,390,0.0
7,391,0.0
7,392,0.0
7,393,0.0
7,394,46.48032967722065
7,395,38.0626407987038
7,396,0.0
7,397,0.0
7,398,0.0
7,399,0.0
7,400,36.162510974865654
7,401,44.3279413693499
7,402,0.0
7,403,39.12345402240953
7,404,0.0
7,405,0.0
7,406,0.0
7,407,46.48032967722065
7,408,47.69315116405687
7,409,0.0
7,410,46.51592275742132
7,411,46.48032967722065
7,412,14546.362439690982
7,413,29.61112006087842
7,414,46.56334766576856
7,415,0.0
7,416,1794.5200195268626
7,417,44.78947057370988
7,418,46.29370281196225
7,419,29.062243414758086
7,420,0.0
7,421,0.0
7,422,0.0
7,423,0.0
7,424,0.0
7,425,0.0
7,426,0.0
7,427,47.65002417687447
7,428,0.0
7,429,47.01009740480822
7,430,46.48032967722065
7,431,0.0
7,432,0.0
7,433,0.0
7,434,39.126375448556246
7,435,40.089302415353814
7,436,0.0
7,437,0.0
7,438,0.0
7,439,46.48032967722065
7,440,45.80118966409373
7,441,39.11439104127567
7,442,0.0
7,443,0.0
7,444,0.0
7,445,0.0
7,446,0.0
7,447,37.33475131596333
7,448,0.0
7,449,127.68903853831125
7,450,47.65002417687447
7,451,37.33475131596333
7,452,0.0
7,453,46.48032967722065
7,454,37.92638471843475
7,455,44.818810820460385
7,456,0.0
7,457,0.0
7,458,46.51592275742132
7,459,46.48032967722065
7,460,0.0
7,461,0.0
7,462,0.0
7,463,0.0
7,464,0.0
7,465,46.48032967722065
7,466,0.0
7,467,38.072412263587466
7,468,37.33475131596333
7,469,0.0
7,470,0.0
7,471,39.27241353226054
7,472,47.65002417687447
7,473,36.73820565261212
7,474,0.0
7,475,39.13135789788976
7,476,0.0
7,477,46.48032967722065
7,478,0.0
7,479,0.0
7,480,45.74482721438835
7,481,0.0
7,482,0.0
7,483,0.0
7,484,0.0
7,485,0.0
7,486,38.9913482571983
7,487,0.0
7,488,46.57857790693288
7,489,0.0
7,490,0.0
7,491,0.0
7,492,0.0
7,493,0.0
7,494,0.0
7,495,46.56334766576856
7,496,0.0
7,497,46.280165978271725
7,498,0.0
7,499,0.0
7,500,46.48032967722065
7,501,0.0
7,502,46.48032967722065
7,503,1460.4220065736044
7,504,0.0
7,505,0.0
7,506,46.48032967722065
7,507,0.0
7,508,0.0
7,509,0.0
7,510,0.0
7,511,48.86036437650455
8,0,0.0
8,1,0.0
8,2,0.0
8,3,46.67613851594706
8,4,0.0
8,5,0.0
8,6,44.706026992065745
8,7,44.91249477108886
8,8,0.0
8,9,0.0
8,10,0.0
8,11,0.0
8,12,0.0
8,13,0.0
8,14,45.74482721438835
8,15,0.0
8,16,46.48032967722065
8,17,0.0
8,18,20.077376093384373
8,19,0.0
8,20,45.04356765378725
8,21,46.47580668599403
8,22,0.0
8,23,0.0
8,24,0.0
8,25,37.00597702888899
8,26,37.09731613812346
8,27,45.74482721438835
8,28,0.0
8,29,0.0
8,30,0.0
8,31,29.61112006087842
8,32,0.0
8,33,0.0
8,34,0.0
8,35,46.47580668599403
8,36,44.62175040069087
8,37,0.0
8,38,0.0
8,39,0.0
8,40,0.0
8,41,0.0
8,42,0.0
8,43,0.0
8,44,0.0
8,45,0.0
8,46,0.0
8,47,0.0
8,48,0.0
8,49,0.0
8,50,0.0
8,51,45.036277281307775
8,52,1460.4220065736044
8,53,0.0
8,54,0.0
8,55,45.0638687719229
8,56,0.0
8,57,45.80118966409373
8,58,0.0
8,59,45.380260769448796
8,60,0.0
8,61,0.0
8,62,0.0
8,63,0.0
8,64,45.74482721438835
8,65,20.077376093384373
8,66,44.997741591771955
8,67,45.0638687719229
8,68,20.077376093384373
8,69,0.0
8,70,0.0
8,71,0.0
8,72,20.138731588487644
8,73,45.0638687719229
8,74,0.0
8,75,45.80118966409373
8,76,0.0
8,77,20.077376093384373
8,78,0.0
8,79,1460.4220065736044
8,80,0.0
8,81,0.0
8,82,40.53162207701007
8,83,0.0
8,84,0.0
8,85,0.0
8,86,0.0
8,87,0.0
8,88,45.74482721438835
8,89,0.0
8,90,0.0
8,91,0.0
8,92,46.48032967722065
8,93,0.0
8,94,43.349806346476726
8,95,0.0
8,96,0.0
8,97,0.0
8,98,0.0
8,99,0.0
8,100,45.036277281307775
8,101,176.26205159549954
8,102,0.0
8,103,0.0
8,104,0.0
8,105,0.0
8,106,20.111788943854663
8,107,0.0
8,108,0.0
8,109,0.0
8,110,0.0
8,111,0.0
8,112,0.0
8,113,0.0
8,114,45.036277281307775
8,115,0.0
8,116,0.0
8,117,0.0
8,118,0.0
8,119,0.0
8,120,0.0
8,121,20.138731588487644
8,122,0.0
8,123,0.0
8,124,0.0
8,125,0.0
8,126,0.0
8,127,0.0
8,128,44.706026992065745
8,129,222.8628452721523
8,130,0.0
8,131,30.40323428883221
8,132,0.0
8,133,0.0
8,134,0.0
8,135,45.0638687719229
8,136,0.0
8,137,0.0
8,138,0.0
8,139,0.0
8,140,43.349806346476726
8,141,0.0
8,142,39.44085601291408
8,143,0.0
8,144,0.0
8,145,45.863990356660906
8,146,0.0
8,147,1794.5200195268626
8,148,1556.3150939184088
8,149,0.0
8,150,0.0
8,151,0.0
8,152,0.0
8,153,0.0
8,154,45.0638687719229
8,155,0.0
8,156,44.91249477108886
8,157,0.0
8,158,0.0
8,159,219.2785769284792
8,160,0.0
8,161,0.0
8,162,0.0
8,163,0.0
8,164,1460.4220065736044
8,165,0.0
8,166,0.0
8,167,0.0
8,168,0.0
8,169,0.0
8,170,43.349806346476726
8,171,45.516498752149346
8,172,0.0
8,173,20.864861346226462
8,174,45.0638687719229
8,175,0.0
8,176,0.0
8,177,0.0
8,178,45.0638687719229
8,179,0.0
8,180,0.0
8,181,0.0
8,182,46.47580668599403
8,183,0.0
8,184,0.0
8,185,0.0
8,186,0.0
8,187,0.0
8,188,0.0
8,189,0.0
8,190,0.0
8,191,20.006023280767295
8,192,0.0
8,193,0.0
8,194,0.0
8,195,0.0
8,196,0.0
8,197,0.0
8,198,43.349806346476726
8,199,0.0
8,200,0.0
8,201,44.91249477108886
8,202,0.0
8,203,20.138731588487644
8,204,45.863990356660906
8,205,901.6620104727308
8,206,0.0
8,207,0.0
8,208,0.0
8,209,0.0
8,210,1460.4220065736044
8,211,20.048855864492907
8,212,1556.3150939184088
8,213,0.0
8,214,46.47580668599403
8,215,0.0
8,216,0.0
8,217,0.0
8,218,0.0
8,219,0.0
8,220,0.0
8,221,0.0
8,222,0.0
8,223,0.0
8,224,45.74482721438835
8,225,0.0
8,226,45.74482721438835
8,227,0.0
8,228,45.0638687719229
8,229,45.0638687719229
8,230,0.0
8,231,0.0
8,232,0.0
8,233,0.0
8,234,0.0
8,235,0.0
8,236,0.0
8,237,0.0
8,238,0.0
8,239,0.0
8,240,0.0
8,241,46.54559356964728
8,242,0.0
8,243,0.0
8,244,0.0
8,245,46.03878816639826
8,246,0.0
8,247,0.0
8,248,0.0
8,249,0.0
8,250,0.0
8,251,0.0
8,252,37.92638471843475
8,253,0.0
8,254,46.03878816639826
8,255,46.51858242805247
8,256,0.0
8,257,0.0
8,258,0.0
8,259,0.0
8,260,44.220917087440284
8,261,0.0
8,262,13.916407139857256
8,263,0.0
8,264,44.107697925044704
8,265,0.0
8,266,0.0
8,267,0.0
8,268,0.0
8,269,0.0
8,270,0.0
8,271,0.0
8,272,0.0
8,273,0.0
8,274,0.0
8,275,0.0
8,276,0.0
8,277,0.0
8,278,0.0
8,279,0.0
8,280,0.0
8,281,0.0
8,282,0.0
8,283,0.0
8,284,0.0
8,285,0.0
8,286,46.63654158024201
8,287,0.0
8,288,45.58197838964679
8,289,0.0
8,290,38.56114405279823
8,291,0.0
8,292,0.0
8,293,0.0
8,294,0.0
8,295,45.433308523063715
8,296,20.077376093384373
8,297,45.0638687719229
8,298,45.903359630862724
8,299,0.0
8,300,13.900657021015832
8,301,44.652061123833846
8,302,0.0
8,303,0.0
8,304,46.47580668599403
8,305,45.74482721438835
8,306,0.0
8,307,0.0
8,308,276.796855730644
8,309,1460.4220065736044
8,310,0.0
8,311,0.0
8,312,0.0
8,313,0.0
8,314,0.0
8,315,0.0
8,316,0.0
8,317,0.0
8,318,0.0
8,319,0.0
8,320,283.93189047157193
8,321,46.48032967722065
8,322,0.0
8,323,0.0
8,324,0.0
8,325,283.93189047157193
8,326,0.0
8,327,0.0
8,328,0.0
8,329,0.0
8,330,0.0
8,331,0.0
8,332,0.0
8,333,1038.9584379426797
8,334,0.0
8,335,0.0
8,336,0.0
8,337,1556.3150939184088
8,338,0.0
8,339,0.0
8,340,20.077376093384373
8,341,35.78609597705872
8,342,46.55795842918815
8,343,19.917020715607578
8,344,0.0
8,345,0.0
8,346,45.516498752149346
8,347,0.0
8,348,0.0
8,349,45.516498752149346
8,350,0.0
8,351,0.0
8,352,0.0
8,353,21.289882351125016
8,354,45.74482721438835
8,355,45.380260769448796
8,356,45.380260769448796
8,357,0.0
8,358,25.748952719399313
8,359,0.0
8,360,44.91249477108886
8,361,0.0
8,362,0.0
8,363,0.0
8,364,0.0
8,365,0.0
8,366,0.0
8,367,0.0
8,368,45.37570721114753
8,369,0.0
8,370,46.03878816639826
8,371,0.0
8,372,0.0
8,373,44.997741591771955
8,374,0.0
8,375,0.0
8,376,45.710789282306905
8,377,0.0
8,378,0.0
8,379,0.0
8,380,0.0
8,381,0.0
8,382,1556.3150939184088
8,383,0.0
8,384,0.0
8,385,0.0
8,386,0.0
8,387,0.0
8,388,0.0
8,389,37.92638471843475
8,390,0.0
8,391,1556.3150939184088
8,392,0.0
8,393,37.33475131596333
8,394,0.0
8,395,45.67853233035294
8,396,45.036277281307775
8,397,0.0
8,398,0.0
8,399,0.0
8,400,1556.3150939184088
8,401,45.642186564371514
8,402,35.82629823615116
8,403,0.0
8,404,44.220917087440284
8,405,37.12956522503646
8,406,0.0
8,407,0.0
8,408,0.0
8,409,45.74482721438835
8,410,39.11439104127567
8,411,0.0
8,412,0.0
8,413,0.0
8,414,0.0
8,415,37.92638471843475
8,416,44.220917087440284
8,417,0.0
8,418,43.90588026754267
8,419,0.0
8,420,0.0
8,421,1460.4220065736044
8,422,45.036277281307775
8,423,0.0
8,424,45.74482721438835
8,425,0.0
8,426,37.33475131596333
8,427,46.76800504743187
8,428,46.47580668599403
8,429,0.0
8,430,0.0
8,431,0.0
8,432,0.0
8,433,24.874914085129603
8,434,0.0
8,435,0.0
8,436,299.0918611729676
8,437,0.0
8,438,45.38032979207583
8,439,45.67440435430308
8,440,0.0
8,441,38.796000480275325
8,442,0.0
8,443,0.0
8,444,0.0
8,445,0.0
8,446,0.0
8,447,45.74482721438835
8,448,0.0
8,449,0.0
8,450,0.0
8,451,0.0
8,452,0.0
8,453,0.0
8,454,0.0
8,455,0.0
8,456,45.41910304256453
8,457,45.036277281307775
8,458,0.0
8,459,45.74482721438835
8,460,283.93189047157193
8,461,45.74482721438835
8,462,37.09731613812346
8,463,0.0
8,464,45.67853233035294
8,465,0.0
8,466,0.0
8,467,0.0
8,468,467.25248974564875
8,469,45.0638687719229
8,470,0.0
8,471,0.0
8,472,0.0
8,473,0.0
8,474,0.0
8,475,0.0
8,476,0.0
8,477,1460.4220065736044
8,478,0.0
8,479,0.0
8,480,0.0
8,481,0.0
8,482,45.74482721438835
8,483,45.863990356660906
8,484,0.0
8,485,0.0
8,486,0.0
8,487,1556.3150939184088
8,488,36.15869179936635
8,489,0.0
8,490,0.0
8,491,0.0
8,492,20.077376093384373
8,493,46.47580668599403
8,494,0.0
8,495,45.41162312228789
8,496,0.0
8,497,145.55608248326007
8,498,0.0
8,499,0.0
8,500,0.0
8,501,36.043501381979695
8,502,0.0
8,503,45.74482721438835
8,504,0.0
8,505,44.652061123833846
8,506,0.0
8,507,46.02879751376804
8,508,0.0
8,509,45.74482721438835
8,510,0.0
8,511,0.0
9,0,0.0
9,1,0.0
9,2,0.0
9,3,0.0
9,4,0.0
9,5,0.0
9,6,0.0
9,7,0.0
9,8,0.0
9,9,0.0
9,10,44.7540321079623
9,11,20.044554323801094
9,12,0.0
9,13,152.26978089395016
9,14,0.0
9,15,44.91249477108886
9,16,0.0
9,17,0.0
9,18,0.0
9,19,0.0
9,20,0.0
9,21,44.387634691353014
9,22,44.35174348225701
9,23,20.071777773616304
9,24,0.0
9,25,0.0
9,26,0.0
9,27,0.0
9,28,44.91249477108886
9,29,0.0
9,30,0.0
9,31,0.0
9,32,0.0
9,33,0.0
9,34,0.0
9,35,0.0
9,36,0.0
9,37,43.8211987711411
9,38,0.0
9,39,0.0
9,40,0.0
9,41,0.0
9,42,0.0
9,43,152.26978089395016
9,44,0.0
9,45,44.91249477108886
9,46,0.0
9,47,0.0
9,48,51.50943591789655
9,49,20.044554323801094
9,50,283.93189047157193
9,51,43.8211987711411
9,52,0.0
9,53,0.0
9,54,0.0
9,55,0.0
9,56,0.0
9,57,0.0
9,58,0.0
9,59,0.0
9,60,0.0
9,61,0.0
9,62,1152.5674051079668
9,63,48.368844580225414
9,64,0.0
9,65,0.0
9,66,0.0
9,67,1556.3150939184088
9,68,0.0
9,69,0.0
9,70,0.0
9,71,0.0
9,72,0.0
9,73,0.0
9,74,0.0
9,75,0.0
9,76,0.0
9,77,0.0
9,78,0.0
9,79,0.0
9,80,0.0
9,81,0.0
9,82,0.0
9,83,0.0
9,84,1556.3150939184088
9,85,0.0
9,86,44.35504609693908
9,87,0.0
9,88,0.0
9,89,0.0
9,90,152.26978089395016
9,91,44.35174348225701
9,92,0.0
9,93,0.0
9,94,0.0
9,95,0.0
9,96,0.0
9,97,0.0
9,98,0.0
9,99,0.0
9,100,47.4232458336719
9,101,0.0
9,102,0.0
9,103,0.0
9,104,45.33703475068887
9,105,0.0
9,106,0.0
9,107,1460.4220065736044
9,108,0.0
9,109,0.0
9,110,44.91249477108886
9,111,35.608977866627356
9,112,1460.4220065736044
9,113,43.8211987711411
9,114,0.0
9,115,0.0
9,116,0.0
9,117,0.0
9,118,0.0
9,119,0.0
9,120,0.0
9,121,42.49857328190865
9,122,0.0
9,123,0.0
9,124,0.0
9,125,0.0
9,126,19.93836696299877
9,127,44.35174348225701
9,128,0.0
9,129,0.0
9,130,0.0
9,131,44.91249477108886
9,132,0.0
9,133,0.0
9,134,1460.4220065736044
9,135,1460.4220065736044
9,136,1460.4220065736044
9,137,0.0
9,138,0.0
9,139,0.0
9,140,20.111788943854663
9,141,0.0
9,142,0.0
9,143,0.0
9,144,0.0
9,145,0.0
9,146,0.0
9,147,0.0
9,148,0.0
9,149,0.0
9,150,0.0
9,151,0.0
9,152,0.0
9,153,0.0
9,154,35.94940623906223
9,155,46.04005012730613
9,156,0.0
9,157,20.077376093384373
9,158,0.0
9,159,0.0
9,160,0.0
9,161,1556.3150939184088
9,162,0.0
9,163,0.0
9,164,0.0
9,165,0.0
9,166,0.0
9,167,30.37477458308331
9,168,0.0
9,169,0.0
9,170,0.0
9,171,0.0
9,172,0.0
9,173,0.0
9,174,0.0
9,175,15163.17819218333
9,176,0.0
9,177,0.0
9,178,0.0
9,179,0.0
9,180,0.0
9,181,0.0
9,182,0.0
9,183,0.0
9,184,0.0
9,185,0.0
9,186,0.0
9,187,0.0
9,188,20.138731588487644
9,189,1556.3150939184088
9,190,0.0
9,191,0.0
9,192,0.0
9,193,44.91249477108886
9,194,1460.4220065736044
9,195,43.04400635279853
9,196,51.50943591789655
9,197,0.0
9,198,0.0
9,199,0.0
9,200,1556.3150939184088
9,201,0.0
9,202,24.238116162269762
9,203,0.0
9,204,51.558461207167056
9,205,44.91249477108886
9,206,44.35174348225701
9,207,0.0
9,208,0.0
9,209,0.0
9,210,0.0
9,211,0.0
9,212,0.0
9,213,39.578518859108954
9,214,0.0
9,215,0.0
9,216,0.0
9,217,0.0
9,218,0.0
9,219,0.0
9,220,0.0
9,221,44.32407518787204
9,222,0.0
9,223,0.0
9,224,44.7540321079623
9,225,0.0
9,226,0.0
9,227,0.0
9,228,0.0
9,229,0.0
9,230,0.0
9,231,0.0
9,232,44.91249477108886
9,233,0.0
9,234,0.0
9,235,0.0
9,236,44.34086097105137
9,237,283.93189047157193
9,238,0.0
9,239,20.077376093384373
9,240,0.0
9,241,0.0
9,242,0.0
9,243,0.0
9,244,0.0
9,245,0.0
9,246,0.0
9,247,44.652061123833846
9,248,283.93189047157193
9,249,0.0
9,250,43.50637043807001
9,251,0.0
9,252,0.0
9,253,44.91249477108886
9,254,0.0
9,255,0.0
9,256,0.0
9,257,0.0
9,258,0.0
9,259,0.0
9,260,35.409899769856565
9,261,29.61112006087842
9,262,0.0
9,263,0.0
9,264,0.0
9,265,0.0
9,266,20.048855864492907
9,267,0.0
9,268,0.0
9,269,0.0
9,270,0.0
9,271,0.0
9,272,0.0
9,273,0.0
9,274,0.0
9,275,0.0
9,276,0.0
9,277,0.0
9,278,0.0
9,279,0.0
9,280,0.0
9,281,45.380260769448796
9,282,0.0
9,283,0.0
9,284,0.0
9,285,0.0
9,286,0.0
9,287,0.0
9,288,0.0
9,289,0.0
9,290,0.0
9,291,43.9477941288078
9,292,0.0
9,293,0.0
9,294,20.052028098359187
9,295,44.54635242697168
9,296,44.35504609693908
9,297,0.0
9,298,0.0
9,299,0.0
9,300,20.077376093384373
9,301,44.35174348225701
9,302,0.0
9,303,0.0
9,304,0.0
9,305,0.0
9,306,51.50943591789655
9,307,0.0
9,308,283.93189047157193
9,309,43.8211987711411
9,310,0.0
9,311,0.0
9,312,0.0
9,313,0.0
9,314,0.0
9,315,0.0
9,316,0.0
9,317,0.0
9,318,0.0
9,319,0.0
9,320,0.0
9,321,0.0
9,322,0.0
9,323,0.0
9,324,0.0
9,325,19.962429171318945
9,326,0.0
9,327,0.0
9,328,0.0
9,329,0.0
9,330,0.0
9,331,0.0
9,332,0.0
9,333,44.91249477108886
9,334,0.0
9,335,0.0
9,336,0.0
9,337,0.0
9,338,44.31689140289927
9,339,0.0
9,340,0.0
9,341,30.00570591703672
9,342,0.0
9,343,0.0
9,344,0.0
9,345,0.0
9,346,0.0
9,347,0.0
9,348,0.0
9,349,0.0
9,350,36.10509425143209
9,351,276.796855730644
9,352,51.50943591789655
9,353,0.0
9,354,0.0
9,355,652.0178755540383
9,356,47.07876255890369
9,357,44.74240772803569
9,358,0.0
9,359,0.0
9,360,43.97330854784832
9,361,0.0
9,362,0.0
9,363,0.0
9,364,0.0
9,365,0.0
9,366,0.0
9,367,0.0
9,368,0.0
9,369,0.0
9,370,0.0
9,371,0.0
9,372,0.0
9,373,0.0
9,374,0.0
9,375,43.97330854784832
9,376,0.0
9,377,0.0
9,378,276.796855730644
9,379,0.0
9,380,0.0
9,381,29.61112006087842
9,382,0.0
9,383,0.0
9,384,0.0
9,385,0.0
9,386,44.91249477108886
9,387,0.0
9,388,0.0
9,389,43.43386803491012
9,390,1556.3150939184088
9,391,0.0
9,392,0.0
9,393,0.0
9,394,20.00363260769518
9,395,0.0
9,396,0.0
9,397,0.0
9,398,1460.4220065736044
9,399,0.0
9,400,0.0
9,401,0.0
9,402,0.0
9,403,43.8211987711411
9,404,0.0
9,405,0.0
9,406,0.0
9,407,0.0
9,408,0.0
9,409,36.10509425143209
9,410,0.0
9,411,0.0
9,412,0.0
9,413,44.91249477108886
9,414,0.0
9,415,0.0
9,416,44.91249477108886
9,417,0.0
9,418,0.0
9,419,0.0
9,420,0.0
9,421,0.0
9,422,0.0
9,423,0.0
9,424,0.0
9,425,0.0
9,426,0.0
9,427,0.0
9,428,42.49857328190865
9,429,44.387634691353014
9,430,0.0
9,431,0.0
9,432,0.0
9,433,0.0
9,434,0.0
9,435,0.0
9,436,20.077376093384373
9,437,0.0
9,438,44.91249477108886
9,439,0.0
9,440,0.0
9,441,0.0
9,442,0.0
9,443,43.97330854784832
9,444,0.0
9,445,0.0
9,446,0.0
9,447,0.0
9,448,0.0
9,449,0.0
9,450,0.0
9,451,0.0
9,452,43.010016981250374
9,453,1460.4220065736044
9,454,0.0
9,455,0.0
9,456,0.0
9,457,0.0
9,458,20.048855864492907
9,459,0.0
9,460,0.0
9,461,0.0
9,462,0.0
9,463,0.0
9,464,0.0
9,465,524.0575852157954
9,466,0.0
9,467,0.0
9,468,0.0
9,469,0.0
9,470,44.91249477108886
9,471,0.0
9,472,0.0
9,473,0.0
9,474,0.0
9,475,44.54635242697168
9,476,44.35504609693908
9,477,0.0
9,478,0.0
9,479,0.0
9,480,0.0
9,481,0.0
9,482,0.0
9,483,45.036277281307775
9,484,0.0
9,485,0.0
9,486,0.0
9,487,0.0
9,488,0.0
9,489,20.111788943854663
9,490,19.917020715607578
9,491,20.077376093384373
9,492,0.0
9,493,0.0
9,494,20.077376093384373
9,495,43.8211987711411
9,496,0.0
9,497,1556.3150939184088
9,498,46.94580226472044
9,499,0.0
9,500,0.0
9,501,152.26978089395016
9,502,0.0
9,503,0.0
9,504,0.0
9,505,292.92816419404426
9,506,0.0
9,507,0.0
9,508,0.0
9,509,43.494668000504134
9,510,0.0
9,511,0.0
