generation, individual, diff_after_backprop
0,0,150.4687298751487
0,1,5647.496267410963
0,2,2424.3928064050506
0,3,0.0
0,4,1776.5851670243173
0,5,27.62353266230639
0,6,0.0
0,7,0.0
0,8,22.616737158627075
0,9,0.0
0,10,0.0
0,11,0.0
0,12,15904.311307065165
0,13,0.0
0,14,948.4415716683943
0,15,0.0
0,16,10.656077642280252
0,17,1570.6636377038485
0,18,0.0
0,19,0.0
0,20,0.0
0,21,10738.051330531933
0,22,2635.4823249559495
0,23,0.0
0,24,0.0
0,25,21320.96887818641
0,26,0.0
0,27,0.0
0,28,1570.6557181466414
0,29,0.0
0,30,0.0
0,31,0.0
0,32,0.0
0,33,0.0
0,34,892.5128804237465
0,35,0.0
0,36,0.0
0,37,0.0
0,38,0.0
0,39,0.0
0,40,0.12590407028255868
0,41,0.0
0,42,0.0
0,43,0.0
0,44,7979.80535318203
0,45,0.0
0,46,0.0
0,47,0.0
0,48,0.0
0,49,0.0
0,50,1701.5956202924208
0,51,1802.9234235747426
0,52,0.0
0,53,0.0
0,54,0.0
0,55,19.260256090889015
0,56,826.3596648026905
0,57,1465.787574816737
0,58,0.0
0,59,0.0
0,60,0.0
0,61,0.0
0,62,0.0
0,63,1621.4320342107385
0,64,0.0
0,65,0.0
0,66,0.0
0,67,0.0
0,68,0.0
0,69,1846.0585466083976
0,70,0.0
0,71,0.0
0,72,0.0
0,73,0.0
0,74,0.0
0,75,0.0
0,76,7036.723679318784
0,77,49.60867959613006
0,78,3419.4775461553236
0,79,0.0
0,80,0.0
0,81,0.0
0,82,0.0
0,83,0.0
0,84,0.0
0,85,1737.2562512005097
0,86,0.0
0,87,0.0
0,88,0.0
0,89,0.0
0,90,0.0
0,91,0.0
0,92,0.0
0,93,0.0
0,94,0.0
0,95,0.0
0,96,153.86900880818575
0,97,0.0
0,98,1572.3399671887091
0,99,0.0
0,100,30832.374194533997
0,101,1621.330744057268
0,102,0.0
0,103,0.0
0,104,0.0
0,105,0.0
0,106,0.0
0,107,49.936354144225334
0,108,0.0
0,109,0.0
0,110,0.0
0,111,0.0
0,112,363.77209306065197
0,113,17.264092188488576
0,114,0.0
0,115,0.0
0,116,0.0
0,117,3419.1946651356566
0,118,0.0
0,119,19983.276150632344
0,120,1572.3619757042616
0,121,0.0
0,122,32.53209560018786
0,123,0.0
0,124,0.0
0,125,0.0
0,126,0.0
0,127,0.0
0,128,22383.591077535642
0,129,0.0
0,130,19518.642235597345
0,131,0.0
0,132,0.0
0,133,30.341531245880105
0,134,0.0
0,135,0.0
0,136,0.0
0,137,9437.783076127002
0,138,12900.791887131736
0,139,1772.5258675529876
0,140,0.0
0,141,0.0
0,142,0.0
0,143,0.0
0,144,0.0
0,145,0.0
0,146,0.0
0,147,0.0
0,148,1608.4221954404093
0,149,0.0
0,150,0.0
0,151,20350.43300684652
0,152,0.0
0,153,1728.7410085616648
0,154,0.0
0,155,0.0
0,156,0.0
0,157,1728.7692120031097
0,158,0.0
0,159,0.0
0,160,0.0
0,161,15904.222069595911
0,162,0.0
0,163,0.0
0,164,0.0
0,165,0.0
0,166,1621.4374999489082
0,167,0.0
0,168,0.0
0,169,0.0
0,170,0.0
0,171,0.0
0,172,0.0
0,173,0.0
0,174,0.0
0,175,0.0
0,176,2794.213981112771
0,177,0.0
0,178,9413.331794603662
0,179,0.0
0,180,0.0
0,181,0.0
0,182,1586.2814641487057
0,183,0.0
0,184,0.0
0,185,17.758913928108996
0,186,0.0
0,187,31.438038471201253
0,188,0.0
0,189,0.0
0,190,781.1544458136414
0,191,0.0
0,192,0.0
0,193,0.0
0,194,1459.9551526457653
0,195,0.0
0,196,0.0
0,197,0.0
0,198,30.341531245880105
0,199,2049.1198341393247
0,200,0.0
0,201,1757.171223557718
0,202,0.0
0,203,0.0
0,204,0.0
0,205,0.0
0,206,3508.502725275759
0,207,1756.61296874841
0,208,0.0
0,209,0.0
0,210,18.657431307281513
0,211,0.0
0,212,0.0
0,213,0.0
0,214,0.0
0,215,0.0
0,216,0.0
0,217,157.61626078674453
0,218,0.0
0,219,1003.3310627016363
0,220,0.0
0,221,0.0
0,222,0.0
0,223,0.0
0,224,0.0
0,225,0.0
0,226,26.86734397221244
0,227,9362.229597419137
0,228,0.0
0,229,0.0
0,230,1621.2740038263546
0,231,3935.85728467214
0,232,0.0
0,233,0.0
0,234,0.0
0,235,11121.923304487602
0,236,0.0
0,237,0.0
0,238,1435.9786631648776
0,239,0.0
0,240,0.0
0,241,0.0
0,242,0.0
0,243,0.0
0,244,1655.7512176348391
0,245,16630.000246082433
0,246,0.0
0,247,1690.6848850310234
0,248,16302.444300968342
0,249,437.67101160741004
0,250,1570.5821728060291
0,251,0.0
0,252,0.0
0,253,0.0
0,254,0.0
0,255,0.0
0,256,0.0
0,257,0.0
0,258,0.0
0,259,0.0
0,260,1586.2311348118092
0,261,1666.530267971797
0,262,1570.4804996158673
0,263,1621.3507461957888
0,264,0.0
0,265,0.0
0,266,0.0
0,267,2764.3471163034374
0,268,0.0
0,269,305.89282908098176
0,270,9696.705128964313
0,271,0.0
0,272,0.0
0,273,2.5053917911009194
0,274,0.0
0,275,17.589994773459694
0,276,0.0
0,277,1307.2346495033999
0,278,0.0
0,279,0.0
0,280,0.0
0,281,0.0
0,282,0.0
0,283,16.155127092733892
0,284,19209.03485861764
0,285,0.0
0,286,0.0
0,287,0.0
0,288,0.0
0,289,0.0
0,290,0.0
0,291,0.0
0,292,0.0
0,293,0.0
0,294,7856.964769350045
0,295,17.264092188488576
0,296,0.0
0,297,19886.377052038017
0,298,1421.6705541323026
0,299,0.0
0,300,9733.692442565025
0,301,0.0
0,302,0.0
0,303,1597.760320755613
0,304,0.0
0,305,0.0
0,306,20.492594748669944
0,307,0.0
0,308,0.0
0,309,1460.0466988401167
0,310,40958.20165938479
0,311,0.0
0,312,0.0
0,313,7558.547153808608
0,314,17858.12450339498
0,315,0.0
0,316,0.0
0,317,0.0
0,318,0.0
0,319,0.0
0,320,13359.092554533549
0,321,0.0
0,322,0.0
0,323,0.0
0,324,0.0
0,325,0.0
0,326,0.0
0,327,1572.3043333503701
0,328,0.0
0,329,0.0
0,330,34.22534562645524
0,331,0.0
0,332,0.0
0,333,0.0
0,334,20215.46259061319
0,335,0.0
0,336,0.0
0,337,0.0
0,338,0.0
0,339,0.0
0,340,0.0
0,341,0.0
0,342,0.0
0,343,20976.95317029632
0,344,0.0
0,345,1.7446591517955312
0,346,0.0
0,347,0.0
0,348,0.0
0,349,0.0
0,350,0.0
0,351,0.0
0,352,1621.3849853920801
0,353,0.0
0,354,0.0
0,355,7597.428236733018
0,356,0.0
0,357,0.0
0,358,0.0
0,359,1570.5032751656254
0,360,0.0
0,361,1457.5438354375874
0,362,0.0
0,363,0.0
0,364,3495.550254982305
0,365,6297.258439609581
0,366,0.0
0,367,0.0
0,368,1597.8343297897409
0,369,710.1699265621246
0,370,0.0
0,371,20096.67499146828
0,372,0.0
0,373,0.0
0,374,1677.1574768052124
0,375,27011.53771549721
0,376,11130.465137754409
0,377,1802.329448354165
0,378,0.0
0,379,7443.87101282832
0,380,0.0
0,381,0.0
0,382,0.0
0,383,0.0
0,384,147.01829542117048
0,385,0.0
0,386,0.0
0,387,0.0
0,388,0.0
0,389,0.0
0,390,25.643101226938597
0,391,0.0
0,392,0.0
0,393,0.0
0,394,0.0
0,395,0.0
0,396,0.0
0,397,0.0
0,398,0.0
0,399,0.0
0,400,0.0
0,401,0.0
0,402,0.0
0,403,0.0
0,404,0.0
0,405,1731.6130119498375
0,406,0.0
0,407,826.3596648026905
0,408,0.0
0,409,0.0
0,410,0.0
0,411,0.0
0,412,0.0
0,413,10526.677102074216
0,414,2128.9490051827706
0,415,0.0
0,416,0.0
0,417,0.0
0,418,0.0
0,419,21.538393784132495
0,420,0.0
0,421,0.0
0,422,0.0
0,423,0.0
0,424,1570.5988528166272
0,425,0.0
0,426,1570.4371518200242
0,427,0.0
0,428,0.0
0,429,1621.3817526180064
0,430,15967.373277622886
0,431,0.0
0,432,0.0
0,433,200.2797445841643
0,434,0.0
0,435,0.0
0,436,0.0
0,437,0.0
0,438,0.0
0,439,0.0
0,440,0.0
0,441,0.0
0,442,0.0
0,443,21906.91881478163
0,444,0.0
0,445,0.0
0,446,1773.4557160051663
0,447,0.0
0,448,19.196674939249533
0,449,0.0
0,450,0.0
0,451,0.0
0,452,0.0
0,453,0.0
0,454,0.0
0,455,16312.534318034905
0,456,0.0
0,457,0.0
0,458,0.0
0,459,1572.3800415547848
0,460,0.0
0,461,7707.369201647656
0,462,0.0
0,463,1701.6331094789675
0,464,0.0
0,465,0.0
0,466,0.0
0,467,0.0
0,468,0.0
0,469,0.0
0,470,0.0
0,471,0.0
0,472,0.0
0,473,0.0
0,474,0.0
0,475,0.0
0,476,0.0
0,477,0.0
0,478,12545.938784661565
0,479,0.0
0,480,0.0
0,481,1435.9405986597512
0,482,0.0
0,483,0.0
0,484,20386.32737139236
0,485,20560.05014378111
0,486,9281.625661656108
0,487,1423.0886928437176
0,488,105.66884073094116
0,489,16630.024219886374
0,490,24.82685089583174
0,491,0.0
0,492,1996.7290395918462
0,493,19512.876380356374
0,494,0.0
0,495,9117.839506138665
0,496,9413.331794603662
0,497,1572.3619757042616
0,498,0.0
0,499,0.0
0,500,0.0
0,501,0.0
0,502,0.0
0,503,1615.4058839158024
0,504,0.0
0,505,0.0
0,506,0.0
0,507,1621.2610438412157
0,508,1572.4120497180338
0,509,0.0
0,510,9174.005611430875
0,511,0.0
1,0,0.0
1,1,0.0
1,2,21722.309143692313
1,3,0.0
1,4,1674.3628709282275
1,5,35.02868100628348
1,6,0.0
1,7,32.31998856170685
1,8,1517.0514688926305
1,9,251.19022765958562
1,10,2079.971777057064
1,11,1418.7003078408088
1,12,0.0
1,13,34.52888472972154
1,14,0.0
1,15,1083.3109693939696
1,16,0.0
1,17,0.0
1,18,0.0
1,19,1597.760320755613
1,20,1312.175018713322
1,21,0.0
1,22,1997.9525525234785
1,23,0.0
1,24,0.0
1,25,0.0
1,26,2079.971777057064
1,27,0.0
1,28,0.0
1,29,0.0
1,30,25781.670874713494
1,31,63.91313472619913
1,32,13297.762123593795
1,33,0.0
1,34,4635.419654515197
1,35,1623.209738008587
1,36,1325.7751362000272
1,37,1442.0909650120993
1,38,0.0
1,39,0.0
1,40,13012.07688386914
1,41,9722.047416625537
1,42,1717.328512453707
1,43,0.0
1,44,3999.9676656568017
1,45,0.0
1,46,0.0
1,47,0.0
1,48,1639.7346832413969
1,49,1739.678751276264
1,50,0.0
1,51,0.0
1,52,42.598578224331504
1,53,0.0
1,54,14.479901976681504
1,55,16254.37860430238
1,56,3491.1276671264613
1,57,0.0
1,58,20546.66127832514
1,59,58.748728402261804
1,60,6.6645717322935525
1,61,0.0
1,62,0.0
1,63,9.603450626555968
1,64,2680.4608758277136
1,65,0.0
1,66,1611.1209834833426
1,67,12324.591239820798
1,68,0.0
1,69,0.0
1,70,3.136118310287202
1,71,1621.3439647277992
1,72,0.0
1,73,1449.6195220743357
1,74,0.0
1,75,1694.8818252241726
1,76,18.791422511724704
1,77,0.0
1,78,21342.905951198805
1,79,32.1648572012964
1,80,0.0
1,81,1690.6386595376316
1,82,0.0
1,83,2.1215416991790335
1,84,0.0
1,85,1420.9812271180817
1,86,11282.556004468144
1,87,0.0
1,88,0.0
1,89,0.0
1,90,32.948668947192346
1,91,0.0
1,92,0.0
1,93,0.0
1,94,18.629198127968266
1,95,0.0
1,96,0.0
1,97,0.0
1,98,2075.6343070830408
1,99,26.813015771369464
1,100,1469.0619818010782
1,101,0.0
1,102,0.0
1,103,17.713944324052136
1,104,35.239343467663275
1,105,0.0
1,106,0.0
1,107,0.0
1,108,7.206609285587547
1,109,13018.708450411472
1,110,12999.19913146682
1,111,0.0
1,112,1570.498231521211
1,113,0.0
1,114,0.0
1,115,0.0
1,116,3.9599863055209426
1,117,0.0
1,118,3628.8558514857177
1,119,0.0
1,120,0.0
1,121,10.67388530102653
1,122,0.0
1,123,0.0
1,124,0.0
1,125,9814.593409834812
1,126,0.0
1,127,0.0
1,128,1642.681234528358
1,129,0.0
1,130,0.0
1,131,0.0
1,132,0.0
1,133,20188.432242197814
1,134,0.0
1,135,0.0
1,136,13006.873148232855
1,137,0.0
1,138,0.0
1,139,0.0
1,140,0.0
1,141,0.0
1,142,1469.1296348934593
1,143,0.0
1,144,13.016155959651769
1,145,1313.4735201662734
1,146,8.702587171444065
1,147,0.0
1,148,0.0
1,149,0.0
1,150,0.0
1,151,18.06061529761064
1,152,0.0
1,153,2074.4093424911443
1,154,0.0
1,155,0.0
1,156,13005.81138636101
1,157,1757.3069935773128
1,158,19013.864030182827
1,159,11.260085581052408
1,160,0.0
1,161,0.0
1,162,0.0
1,163,2543.581774748003
1,164,23.89796803464651
1,165,0.0
1,166,4759.9125866386785
1,167,0.0
1,168,58.79109088526275
1,169,11.913270544665465
1,170,0.0
1,171,0.0
1,172,0.0
1,173,0.0
1,174,18126.48595006654
1,175,0.0
1,176,0.0
1,177,0.0
1,178,0.0
1,179,0.0
1,180,1497.840214568616
1,181,0.0
1,182,0.0
1,183,265.4809111182294
1,184,0.0
1,185,17088.897222809785
1,186,405.466771486027
1,187,2691.629970374245
1,188,10.64439484461218
1,189,0.0
1,190,0.0
1,191,8.996323897266848
1,192,0.0
1,193,0.0
1,194,44528.43645457535
1,195,0.0
1,196,0.0
1,197,0.0
1,198,1423.0886928437176
1,199,10.80366038154807
1,200,0.0
1,201,0.0
1,202,0.0
1,203,0.0
1,204,0.0
1,205,0.0
1,206,4934.285375144256
1,207,0.0
1,208,364.0676873448947
1,209,20.495064648655898
1,210,0.0
1,211,20553.338727081726
1,212,0.0
1,213,0.0
1,214,2.5175879532534964
1,215,21286.35652347251
1,216,0.0
1,217,0.0
1,218,17450.820233038346
1,219,17450.820233038346
1,220,0.0
1,221,8.996323897266848
1,222,0.0
1,223,0.0
1,224,16.671056516001045
1,225,0.0
1,226,17.363313984064007
1,227,0.0
1,228,2.537702428384364
1,229,0.0
1,230,0.0
1,231,1784.1419670623836
1,232,0.0
1,233,0.0
1,234,0.0
1,235,0.0
1,236,12562.314123389791
1,237,0.0
1,238,21142.78496540793
1,239,0.0
1,240,11.16509458555447
1,241,0.0
1,242,10522.542876937518
1,243,3492.94337597898
1,244,0.0
1,245,363.64055564169576
1,246,0.0
1,247,35.35532658066586
1,248,0.0
1,249,0.0
1,250,0.0
1,251,0.0
1,252,0.0
1,253,0.0
1,254,12986.577248627014
1,255,0.0
1,256,28.04804212225281
1,257,43.07131727820706
1,258,0.0
1,259,0.0
1,260,1626.1098751481622
1,261,69.33544130560858
1,262,0.0
1,263,27.746944156748214
1,264,0.0
1,265,34.43484880592678
1,266,0.0
1,267,3001.0401604544168
1,268,19925.742013184714
1,269,0.0
1,270,1449.6929055687797
1,271,4.028168511876174
1,272,0.0
1,273,38.3572682388949
1,274,11755.115919758544
1,275,0.0
1,276,0.2617096910435066
1,277,0.0
1,278,0.0
1,279,0.0
1,280,0.0
1,281,0.0
1,282,16939.63307532238
1,283,1934.8036766484802
1,284,0.0
1,285,0.0
1,286,0.0
1,287,0.0
1,288,0.0
1,289,16.671056516001045
1,290,13355.334338910341
1,291,0.0
1,292,0.0
1,293,0.0
1,294,1604.784444218334
1,295,2075.0060534009026
1,296,0.0
1,297,1635.9916991513965
1,298,10.656077642280252
1,299,1557.9249164419125
1,300,26.813015771369464
1,301,0.0
1,302,1538.1558665773991
1,303,5369.791075843192
1,304,26.90769814208761
1,305,3.798940382947876
1,306,1484.6349857938912
1,307,0.0
1,308,1677.246397139832
1,309,0.0
1,310,0.0
1,311,1600.9725183896007
1,312,0.0
1,313,39.36537555329778
1,314,0.0
1,315,0.0
1,316,1907.4880608109452
1,317,23.896060544114334
1,318,6.215626607673585
1,319,0.0
1,320,16245.685220147907
1,321,25.822712492566097
1,322,0.0
1,323,0.0
1,324,11.089530816738261
1,325,0.0
1,326,0.0
1,327,7704.591983494975
1,328,0.0
1,329,27.746944156748214
1,330,0.0
1,331,0.0
1,332,10263.756438582679
1,333,1421.3757872762799
1,334,0.0
1,335,0.0
1,336,1533.2721329616688
1,337,0.0
1,338,0.0
1,339,28.802173659420077
1,340,0.0
1,341,1503.07415904371
1,342,1313.4735201662734
1,343,0.0
1,344,0.0
1,345,0.0
1,346,1631.6251873820001
1,347,20014.105477373203
1,348,2691.629970374245
1,349,0.0
1,350,0.0
1,351,0.0
1,352,1312.175018713322
1,353,0.0
1,354,30.341531245880105
1,355,20026.17601495345
1,356,0.0
1,357,0.0
1,358,0.0
1,359,21933.89100581144
1,360,0.0
1,361,18392.0635081337
1,362,1570.4539621791919
1,363,13010.02269267548
1,364,0.0
1,365,0.0
1,366,0.0
1,367,12727.032091008014
1,368,0.0
1,369,1701.5560424968207
1,370,23.801152907206415
1,371,27.15929378296005
1,372,0.0
1,373,0.0
1,374,0.0
1,375,0.0
1,376,0.0
1,377,2680.4608758277136
1,378,0.0
1,379,1611.1850715252622
1,380,0.0
1,381,9.16179591393211
1,382,0.0
1,383,1421.676469020047
1,384,1.9916969820715167
1,385,0.0
1,386,63.69191636267078
1,387,0.0
1,388,9.603450626555968
1,389,0.0
1,390,0.0
1,391,0.0
1,392,0.0
1,393,0.0
1,394,10.656077642280252
1,395,19919.12745258662
1,396,0.0
1,397,0.0
1,398,1571.950529805934
1,399,76.33709687366354
1,400,0.0
1,401,0.0
1,402,0.0
1,403,0.0
1,404,24.048084194465446
1,405,363.77209306065197
1,406,0.0
1,407,0.0
1,408,1451.359845998486
1,409,0.0
1,410,3.2517804767057896
1,411,1517.7477386088976
1,412,4853.114092890344
1,413,0.0
1,414,17.839555316336373
1,415,0.0
1,416,114.26625609170969
1,417,0.0
1,418,0.0
1,419,36.30880635497215
1,420,0.0
1,421,1756.61296874841
1,422,0.0
1,423,0.0
1,424,0.0
1,425,0.0
1,426,1480.6314927536732
1,427,21.721519186584374
1,428,47.96991638530562
1,429,0.0
1,430,0.0
1,431,11158.707828878907
1,432,0.0
1,433,1312.175018713322
1,434,0.0
1,435,0.0
1,436,0.0
1,437,0.0
1,438,0.0
1,439,0.0
1,440,0.0
1,441,1599.9346160319546
1,442,0.0
1,443,17.782413266823824
1,444,0.0
1,445,1420.9812271180817
1,446,0.0
1,447,2197.2386046148285
1,448,18.784308481677726
1,449,0.0
1,450,0.0
1,451,0.0
1,452,24.482513397734692
1,453,0.0
1,454,0.0
1,455,0.0
1,456,6905.396493370908
1,457,26.668225347998487
1,458,0.0
1,459,0.0
1,460,0.0
1,461,49.60867959613006
1,462,27.754016838996904
1,463,1313.4735201662734
1,464,15.163324320693391
1,465,372.2887071621226
1,466,0.0
1,467,1449.6929055687797
1,468,1623.2075739641223
1,469,18.068536584955837
1,470,456.6960016902867
1,471,0.0
1,472,10353.167774883277
1,473,0.0
1,474,0.0
1,475,0.0
1,476,1347.5796654895603
1,477,38.3572682388949
1,478,17.758913928108996
1,479,0.0
1,480,0.0
1,481,5638.3168738441655
1,482,0.0
1,483,0.0
1,484,0.0
1,485,0.0
1,486,361.20007633144905
1,487,3.537391021213807
1,488,1631.5615682795578
1,489,0.0
1,490,30709.420372894205
1,491,4759.824413353097
1,492,24.477535833509137
1,493,27.550106482488445
1,494,13007.350063553178
1,495,13011.554992407364
1,496,0.0
1,497,0.0
1,498,0.0
1,499,2026.8029367477247
1,500,0.0
1,501,2585.469096683046
1,502,0.0
1,503,0.0
1,504,0.0
1,505,22.086183610062108
1,506,0.0
1,507,1608.260953697929
1,508,1570.5025996992117
1,509,0.0
1,510,2.5053917911009194
1,511,1570.6505722601069
2,0,359.0695690397488
2,1,18023.98741679338
2,2,35.235877833953964
2,3,0.0
2,4,252.17251779564685
2,5,0.0
2,6,11.699034985694198
2,7,0.0
2,8,34.93365319970417
2,9,19.722482756198588
2,10,35.02868100628348
2,11,23.801152907206415
2,12,0.0
2,13,1421.6705541323026
2,14,0.0
2,15,0.0
2,16,0.0
2,17,0.0
2,18,35.508841059800034
2,19,35.02868100628348
2,20,0.0
2,21,62.522754545857424
2,22,0.0
2,23,33.384198238231875
2,24,24.55482227238008
2,25,97.33541701519698
2,26,0.0
2,27,43.311070402099176
2,28,0.0
2,29,65.45922432411226
2,30,19.215168047470797
2,31,13.961341916050515
2,32,0.0
2,33,117.50092927648257
2,34,0.0
2,35,18.620800147275077
2,36,26.85016339194226
2,37,1421.3898268642843
2,38,20024.178999738324
2,39,0.0
2,40,2028.4173334507905
2,41,0.0
2,42,25.636051213708015
2,43,1673.8687831879797
2,44,0.0
2,45,26.008807219762275
2,46,0.0
2,47,0.0
2,48,0.0
2,49,46.935838709665404
2,50,0.0
2,51,1594.7595431145055
2,52,0.0
2,53,2282.7021824415606
2,54,25.745288426950538
2,55,422.1807760424781
2,56,0.0
2,57,9.0414274186478
2,58,52.773692514666436
2,59,0.0
2,60,2074.4093424911443
2,61,17.880663118322445
2,62,0.0
2,63,0.0
2,64,1535.357663112558
2,65,0.0
2,66,41.07144435720966
2,67,242.95348918066702
2,68,0.0
2,69,1605.7064648205305
2,70,30.486371331255214
2,71,0.0
2,72,27.635252154539558
2,73,9.55847935791462
2,74,14.162925656823973
2,75,0.0
2,76,0.0
2,77,8.193950470295022
2,78,101.41182896889495
2,79,27.729563971389325
2,80,25.932026587192013
2,81,1734.66117050921
2,82,28.309890388451095
2,83,38.3572682388949
2,84,16.585501121680863
2,85,0.0
2,86,0.0
2,87,35.508841059800034
2,88,20188.37173694667
2,89,0.0
2,90,0.0
2,91,65.24024511134394
2,92,0.0
2,93,12.336283702072251
2,94,36.071666083385026
2,95,0.0
2,96,0.0
2,97,0.0
2,98,0.0
2,99,0.0
2,100,10.252502729895241
2,101,20164.498238532986
2,102,0.0
2,103,0.0
2,104,26.69395194813842
2,105,0.0
2,106,1622.268889386727
2,107,65887.66470992769
2,108,1748.7027080718653
2,109,1595.0495982341963
2,110,0.0
2,111,27.72754794096636
2,112,12.50852147961723
2,113,35.02868100628348
2,114,17.839555316336373
2,115,78148.32323138305
2,116,26.573337226852345
2,117,0.0
2,118,1535.228709738025
2,119,0.0
2,120,2.7749450615310707
2,121,84767.18045429846
2,122,0.0
2,123,0.0
2,124,0.0
2,125,-244.6069236069843
2,126,0.0
2,127,25.802275684619417
2,128,11282.935370996529
2,129,26.813015771369464
2,130,0.0
2,131,33.912845899435524
2,132,27.42602067768894
2,133,0.0
2,134,0.0
2,135,0.0
2,136,0.0
2,137,35.02868100628348
2,138,1419.7947720578522
2,139,1604.7226522983838
2,140,0.0
2,141,9.693449005867478
2,142,7.295668837161429
2,143,35.379495986426264
2,144,1608.3162023642471
2,145,0.0
2,146,17.417685205286034
2,147,78.55386524233018
2,148,0.0
2,149,0.9008792724498562
2,150,20.23582883853578
2,151,49.60867959613006
2,152,0.0
2,153,25.20478909547637
2,154,26.770578870956342
2,155,0.0
2,156,25.689697708897256
2,157,0.0
2,158,19.19136146162873
2,159,0.0
2,160,0.0
2,161,0.0
2,162,0.0
2,163,0.0
2,164,0.0
2,165,0.0
2,166,16337.675067426997
2,167,0.0
2,168,0.0
2,169,0.0
2,170,21960.287715468246
2,171,0.0
2,172,19.160864423967723
2,173,0.0
2,174,0.0
2,175,0.0
2,176,0.0
2,177,20549.413255935826
2,178,2.743679874686677
2,179,0.0
2,180,18.706381313458223
2,181,17.935459070035904
2,182,1.5881915332638528
2,183,23.920461269289262
2,184,17.839555316336373
2,185,0.0
2,186,0.0
2,187,0.0
2,188,2080.860061115487
2,189,0.0
2,190,10.593333409183288
2,191,0.0
2,192,1419.8873985592036
2,193,0.0
2,194,2074.384241259195
2,195,1674.0918821188316
2,196,38.3572682388949
2,197,0.0
2,198,3.962672196757012
2,199,0.0
2,200,0.0
2,201,34925.48258245791
2,202,0.0
2,203,0.0
2,204,0.0
2,205,34.43484880592678
2,206,0.0
2,207,10.710670786156697
2,208,26.008807219762275
2,209,0.0
2,210,26.813015771369464
2,211,0.0
2,212,0.0
2,213,0.0
2,214,2.4598548784933882
2,215,1532.838077538523
2,216,4.015435372225511
2,217,23.981798868612714
2,218,0.0
2,219,0.0
2,220,9.257128884858503
2,221,22623.277202364417
2,222,0.0
2,223,49.664631909676245
2,224,0.0
2,225,0.0
2,226,956.5339237221488
2,227,0.0
2,228,0.0
2,229,27.558939395513335
2,230,0.0
2,231,0.0
2,232,0.0
2,233,9.12667346722992
2,234,4604.318789789911
2,235,25.19514846085349
2,236,17.78275788378869
2,237,83842.88397766551
2,238,0.0
2,239,0.0
2,240,0.0
2,241,0.0
2,242,1778.5055966193759
2,243,18.99404043929644
2,244,2066.4495595772314
2,245,18.786142254260085
2,246,17.839555316336373
2,247,0.0
2,248,67.66259662718767
2,249,0.0
2,250,11.089530816738261
2,251,11281.568388859963
2,252,0.0
2,253,0.0
2,254,1608.0214455210844
2,255,0.0
2,256,0.0
2,257,9.909253664272
2,258,0.0
2,259,1944.9502387198627
2,260,27.779328074479054
2,261,36.02204714078107
2,262,1415.9100206482472
2,263,33.908162242060826
2,264,18.066433148194847
2,265,27.852484049009036
2,266,0.0
2,267,1608.3043524581371
2,268,10269.11372296576
2,269,1634.132809004408
2,270,0.0
2,271,17.594123530751858
2,272,0.0
2,273,25.52573491532712
2,274,0.0
2,275,0.0
2,276,7573.715360380982
2,277,49.60867959613006
2,278,12810.732039144936
2,279,18.06496518237509
2,280,0.0
2,281,0.0
2,282,11.057183125231859
2,283,28.12103488824232
2,284,0.0
2,285,0.0
2,286,54595.79489073942
2,287,35.508841059800034
2,288,0.0
2,289,6421.762565980945
2,290,0.0
2,291,0.0
2,292,10.652972905351817
2,293,1413.7813646916293
2,294,24.67578844000218
2,295,15125.386976612255
2,296,0.0
2,297,0.0
2,298,25.952878809189315
2,299,12.482986020043427
2,300,0.0
2,301,10.449614752244997
2,302,17.78275788378869
2,303,0.0
2,304,20142.5927668178
2,305,0.0
2,306,0.0
2,307,16.98548166520959
2,308,0.0
2,309,0.0
2,310,3308.3467310843453
2,311,20.90671160567581
2,312,26.77925250100907
2,313,19736.830550515893
2,314,1535.42524023859
2,315,0.0
2,316,0.0
2,317,0.0
2,318,0.0
2,319,0.0
2,320,0.0
2,321,0.0
2,322,0.0
2,323,35.29850570914732
2,324,2283.1339641568557
2,325,0.0
2,326,0.0
2,327,30.227597059676555
2,328,0.0
2,329,0.0
2,330,0.0
2,331,0.0
2,332,42.92449052789743
2,333,0.0
2,334,26.552822772105173
2,335,1.7980611826251334
2,336,0.0
2,337,0.0
2,338,26.775767317998543
2,339,19.623349259210045
2,340,0.0
2,341,18.386210393402507
2,342,0.0
2,343,0.0
2,344,1704.3887117488193
2,345,0.0
2,346,25.822712492566097
2,347,1608.1974266373945
2,348,0.0
2,349,26.775767317998543
2,350,17.839555316336373
2,351,23.896060544114334
2,352,0.0
2,353,17.78275788378869
2,354,1755.1234906886784
2,355,1604.808788751012
2,356,0.0
2,357,0.0
2,358,26.63729547921048
2,359,1608.2892969374152
2,360,27.558939395513335
2,361,0.0
2,362,35.016356325645575
2,363,620.4622428175089
2,364,0.0
2,365,0.0
2,366,0.0
2,367,24.025858749599138
2,368,2074.4093424911443
2,369,16.585501121680863
2,370,432.1513090639337
2,371,35.0947105260002
2,372,1424.278749279205
2,373,0.0
2,374,19.693713799494617
2,375,0.0
2,376,1674.0176329601527
2,377,11281.568388859963
2,378,56.22520845928193
2,379,0.0
2,380,27.556531811210334
2,381,0.0
2,382,0.0
2,383,7598.295659980686
2,384,0.0
2,385,24.58189539103296
2,386,9362.229597419137
2,387,1534.9609485847104
2,388,0.0
2,389,0.0
2,390,1394.9094890757915
2,391,0.0
2,392,2497.433322744654
2,393,0.0
2,394,0.0
2,395,27.725746840974352
2,396,0.0
2,397,50.41615506533708
2,398,28.15247417315277
2,399,35.62818509845238
2,400,0.0
2,401,9.55847935791462
2,402,0.0
2,403,27263.985137592135
2,404,0.0
2,405,10.94938403479864
2,406,0.0
2,407,25.621100884448424
2,408,23.943049555044126
2,409,0.0
2,410,0.0
2,411,0.0
2,412,25.52573491532712
2,413,879.7219271554168
2,414,0.0
2,415,265.415110371162
2,416,0.0
2,417,1535.0131922369728
2,418,58.79109088526275
2,419,0.0
2,420,1420.9812271180817
2,421,0.0
2,422,1419.7690697490943
2,423,27.578785109529235
2,424,0.0
2,425,4.24530512227102
2,426,20142.955465510553
2,427,0.0
2,428,0.0
2,429,9.55847935791462
2,430,3.136118310287202
2,431,1484.9867472260084
2,432,2079.971777057064
2,433,0.0
2,434,1608.3576666915687
2,435,2282.7021824415606
2,436,24.650126287920102
2,437,9.553945028567796
2,438,1608.103467418703
2,439,0.0
2,440,31.371366281656265
2,441,8.957898481342454
2,442,35.57762491193898
2,443,0.0
2,444,0.0
2,445,1608.4343531926243
2,446,0.0
2,447,0.0
2,448,0.0
2,449,0.0
2,450,0.0
2,451,25.413606869701653
2,452,0.0
2,453,25.932026587192013
2,454,0.0
2,455,18.067332723456275
2,456,0.0
2,457,0.0
2,458,0.0
2,459,0.0
2,460,11.080488453934777
2,461,24.025858749599138
2,462,0.0
2,463,506.3163802310146
2,464,27.547766126169336
2,465,0.0
2,466,0.0
2,467,0.0
2,468,11.089530816738261
2,469,0.0
2,470,0.0
2,471,0.0
2,472,0.0
2,473,18.45378941526451
2,474,38.843612618903535
2,475,16.549265547972936
2,476,30.12825594179776
2,477,0.0
2,478,16.722040211912827
2,479,1604.7226522983838
2,480,23.935734654002772
2,481,0.0
2,482,0.0
2,483,3.5115020715975334
2,484,0.0
2,485,0.0
2,486,31.371366281656265
2,487,0.0
2,488,23.896060544114334
2,489,0.0
2,490,0.0
2,491,12.614976217604635
2,492,0.0
2,493,0.0
2,494,0.0
2,495,0.0
2,496,1673.8413185496174
2,497,0.0
2,498,0.0
2,499,0.0
2,500,0.0
2,501,62.19533063721974
2,502,0.0
2,503,0.0
2,504,0.0
2,505,25.636051213708015
2,506,23.896060544114334
2,507,17.78275788378869
2,508,11.057183125231859
2,509,36.73381006031377
2,510,0.0
2,511,24.245929670177247
3,0,0.0
3,1,1535.6761615303622
3,2,31.371366281656265
3,3,20138.881367016817
3,4,0.0
3,5,0.0
3,6,2074.384241259195
3,7,0.0
3,8,0.0
3,9,0.0
3,10,1674.0966213689935
3,11,27.960779908231416
3,12,25.50449047326765
3,13,26.41144006171453
3,14,0.0
3,15,0.0
3,16,0.0
3,17,19.448810493633573
3,18,3856.0519921957994
3,19,31.371366281656265
3,20,28.104039298653333
3,21,17.50934061272892
3,22,18.145341238177934
3,23,24.255294612886246
3,24,0.0
3,25,35.02868100628348
3,26,25.50449047326765
3,27,0.0
3,28,1421.4519367140274
3,29,0.0
3,30,0.0
3,31,185.34961768707853
3,32,0.0
3,33,8.308370800876219
3,34,0.0
3,35,0.0
3,36,21.66635292205956
3,37,50.981060336307564
3,38,0.0
3,39,27.15929378296005
3,40,35.50236390804366
3,41,0.0
3,42,53.580805164143385
3,43,33.357035996742525
3,44,27.761356442835677
3,45,5470.05106524688
3,46,0.0
3,47,0.0
3,48,27.04628023785517
3,49,0.0
3,50,0.0
3,51,111.58349116492082
3,52,1840.869869403934
3,53,35.508841059800034
3,54,0.0
3,55,0.0
3,56,26.813015771369464
3,57,0.0
3,58,0.0
3,59,0.0
3,60,0.0
3,61,0.0
3,62,1423.9981007364368
3,63,0.0
3,64,28.505074931673335
3,65,0.0
3,66,0.0
3,67,46.93253326274498
3,68,0.0
3,69,0.0
3,70,8.308370800876219
3,71,0.0
3,72,0.0
3,73,0.0
3,74,36.54923952880108
3,75,31.371366281656265
3,76,0.0
3,77,18.53746415488422
3,78,0.0
3,79,30.73571655921387
3,80,0.0
3,81,30.974282179042348
3,82,0.0
3,83,1423.4957334731698
3,84,0.0
3,85,0.0
3,86,0.0
3,87,27.04628023785517
3,88,0.0
3,89,42.1945877783819
3,90,0.0
3,91,31.371366281656265
3,92,1604.991528988303
3,93,28.56101313099225
3,94,27.15929378296005
3,95,20537.046783159713
3,96,38.3572682388949
3,97,0.0
3,98,27.464747254456597
3,99,13.257984554630639
3,100,0.0
3,101,19.65627493687407
3,102,0.0
3,103,1420.357796327924
3,104,0.0
3,105,1674.0942964575588
3,106,27.04628023785517
3,107,27.15929378296005
3,108,34.834797668868305
3,109,43.86446199518832
3,110,42.1945877783819
3,111,0.0
3,112,0.0
3,113,0.0
3,114,0.0
3,115,0.0
3,116,18.36327229904964
3,117,0.0
3,118,0.0
3,119,0.0
3,120,12.370699403697472
3,121,0.0
3,122,34.18884372010871
3,123,27.729563971389325
3,124,0.0
3,125,0.0
3,126,52.10865818546608
3,127,1604.8706007256696
3,128,0.0
3,129,29.964935473704827
3,130,27.739786754938905
3,131,1418.8966830732643
3,132,0.0
3,133,0.0
3,134,2074.384241259195
3,135,18.064337964395236
3,136,0.0
3,137,0.0
3,138,50.59366410040002
3,139,89.57734840811281
3,140,0.0
3,141,31.371366281656265
3,142,0.0
3,143,34.93491932847064
3,144,1674.3267231499012
3,145,27.061827035517126
3,146,38.3572682388949
3,147,19.448810493633573
3,148,0.0
3,149,1674.1133123375112
3,150,24.255294612886246
3,151,0.0
3,152,0.0
3,153,17.935459070035904
3,154,0.0
3,155,0.0
3,156,0.0
3,157,0.0
3,158,2078.73937136136
3,159,16.424235277750995
3,160,0.0
3,161,0.0
3,162,0.0
3,163,0.0
3,164,6479.626081418537
3,165,0.0
3,166,35.32489555139637
3,167,0.0
3,168,0.0
3,169,1772.663607113991
3,170,20574.719620196698
3,171,30.139182907076247
3,172,27.15929378296005
3,173,35.20678109023993
3,174,35.84291167969059
3,175,0.0
3,176,0.0
3,177,1520.097609664961
3,178,0.0
3,179,29.097189810318923
3,180,28.12097574731706
3,181,0.0
3,182,29.212474331628073
3,183,40.09510276512174
3,184,2076.549385418253
3,185,0.0
3,186,0.0
3,187,0.0
3,188,0.0
3,189,0.0
3,190,0.0
3,191,0.0
3,192,35.505447999536955
3,193,28.037737882613328
3,194,27.754016838996904
3,195,33.58317827152041
3,196,1673.2495535419584
3,197,0.0
3,198,26.396583252229902
3,199,24.100090380454276
3,200,1414.92405388115
3,201,66.59525447428132
3,202,0.0
3,203,17.935459070035904
3,204,26.02961664189843
3,205,35.16248829213055
3,206,1419.8478150529263
3,207,1414.920109765324
3,208,0.0
3,209,2215.7798738415695
3,210,13.227228454773467
3,211,0.0
3,212,0.0
3,213,27.464747254456597
3,214,28.05326592091842
3,215,64813.060137601
3,216,0.0
3,217,0.0
3,218,0.0
3,219,0.0
3,220,2071.0403572510513
3,221,0.0
3,222,128.18664388596608
3,223,40.09510276512174
3,224,0.0
3,225,0.0
3,226,38.3572682388949
3,227,0.0
3,228,16.39842098229019
3,229,1634.3265465878394
3,230,40.09510276512174
3,231,0.0
3,232,0.0
3,233,0.0
3,234,0.0
3,235,35.922850750333964
3,236,1608.5787002427933
3,237,20.195246471959763
3,238,0.0
3,239,19.215168047470797
3,240,36.02204714078107
3,241,28.122766151945143
3,242,1837.180990459754
3,243,19382.055192121545
3,244,0.0
3,245,0.0
3,246,19.336888977930357
3,247,1418.8966830732643
3,248,0.0
3,249,0.0
3,250,38.8197848996424
3,251,0.0
3,252,24.113015591015937
3,253,0.0
3,254,0.0
3,255,0.0
3,256,0.0
3,257,0.0
3,258,20.1451099403248
3,259,27.464747254456597
3,260,0.0
3,261,0.0
3,262,0.0
3,263,0.0
3,264,38.3572682388949
3,265,1535.6761615303622
3,266,0.0
3,267,0.0
3,268,38.3572682388949
3,269,0.0
3,270,0.0
3,271,0.0
3,272,20.620699853297992
3,273,46.93253326274498
3,274,1778.2856697024508
3,275,1970.3413324724643
3,276,19.448810493633573
3,277,27.15929378296005
3,278,0.0
3,279,25.46776858325211
3,280,36.06929032521657
3,281,0.0
3,282,19.931780889874062
3,283,27.120401517966457
3,284,28.082703422160193
3,285,0.0
3,286,26.420889923199866
3,287,2066.4495595772314
3,288,26.292303109432396
3,289,309.08102424731715
3,290,17.468866425705528
3,291,1673.1047235746555
3,292,0.0
3,293,0.0
3,294,38.3572682388949
3,295,0.0
3,296,193.15824065804827
3,297,0.0
3,298,31.371366281656265
3,299,46.93253326274498
3,300,0.0
3,301,0.0
3,302,0.0
3,303,0.0
3,304,0.0
3,305,18.53746415488422
3,306,0.0
3,307,0.0
3,308,22.44181713287435
3,309,34.18884372010871
3,310,0.0
3,311,0.0
3,312,43.311070402099176
3,313,0.0
3,314,0.0
3,315,0.0
3,316,0.0
3,317,28.122766151945143
3,318,0.0
3,319,24.377482715405677
3,320,35.235877833953964
3,321,38.3572682388949
3,322,35.17758339262673
3,323,0.0
3,324,38.3572682388949
3,325,31.371366281656265
3,326,26868.242011580736
3,327,0.0
3,328,24.025858749599138
3,329,36.31501390720132
3,330,0.0
3,331,24.025858749599138
3,332,22092.977634164235
3,333,80387.017116831
3,334,0.0
3,335,933.039752605896
3,336,0.0
3,337,38.3572682388949
3,338,0.0
3,339,0.0
3,340,17997.276391233812
3,341,0.0
3,342,28.577187299182697
3,343,1534.9609485847104
3,344,0.0
3,345,25.46776858325211
3,346,0.0
3,347,0.0
3,348,0.0
3,349,0.0
3,350,23.981798868612714
3,351,0.0
3,352,0.0
3,353,0.0
3,354,0.0
3,355,24.17641296592683
3,356,27.15929378296005
3,357,26.691089299188206
3,358,18.27298706498641
3,359,0.0
3,360,35.434933204058325
3,361,16.87322570224751
3,362,22.639037604202713
3,363,0.0
3,364,19.101945036535653
3,365,19.408698962789458
3,366,1536.005184500089
3,367,35.379495986426264
3,368,0.0
3,369,19.448810493633573
3,370,2074.384241259195
3,371,26.591109129841243
3,372,0.0
3,373,8.392002560861329
3,374,24.29861673893629
3,375,89607.31335712061
3,376,17.717298343545735
3,377,0.0
3,378,20.523558175391372
3,379,0.0
3,380,0.0
3,381,2074.384241259195
3,382,50.792198060824376
3,383,36.473786067493165
3,384,0.0
3,385,0.0
3,386,23.418249039967122
3,387,0.0
3,388,0.0
3,389,43.311070402099176
3,390,80.55285214202377
3,391,27.754016838996904
3,392,907.3463339115233
3,393,85.27494052688871
3,394,0.0
3,395,31.371366281656265
3,396,26.570811229705214
3,397,0.0
3,398,0.0
3,399,1535.3081064663602
3,400,0.0
3,401,21.23793977375408
3,402,2077.0240150746467
3,403,0.0
3,404,0.0
3,405,34.3143461480131
3,406,0.0
3,407,20144.095659663803
3,408,19.215168047470797
3,409,0.0
3,410,32.45501564483857
3,411,27.624262364943206
3,412,25.745288426950538
3,413,22662.98929923422
3,414,0.0
3,415,13.520343113624222
3,416,2072.5866282978313
3,417,31.371366281656265
3,418,0.0
3,419,26.25383966420577
3,420,0.0
3,421,0.0
3,422,33.607586747212736
3,423,2079.13821631451
3,424,0.0
3,425,111.8064169149493
3,426,0.0
3,427,31.371366281656265
3,428,0.0
3,429,1674.102121462358
3,430,36.08057189717147
3,431,2080.853354858551
3,432,0.0
3,433,18.99404043929644
3,434,0.0
3,435,33.357035996742525
3,436,0.0
3,437,23.468473362783698
3,438,0.0
3,439,0.0
3,440,24.19393174356992
3,441,26.6640059211868
3,442,0.0
3,443,25.96726686547754
3,444,2080.174443562406
3,445,26.870707396235957
3,446,0.0
3,447,25.818506570878526
3,448,1673.9645286442137
3,449,1604.782007963764
3,450,13.328843636651982
3,451,13.179765496358414
3,452,27.244981543250105
3,453,0.0
3,454,19379.798237905852
3,455,31.484280944680904
3,456,22623.758093844393
3,457,0.0
3,458,31.371366281656265
3,459,0.0
3,460,24.255294612886246
3,461,0.0
3,462,27.909141715207625
3,463,0.0
3,464,2076.7992829094146
3,465,0.0
3,466,35.77556960118454
3,467,37.49846680703922
3,468,0.0
3,469,0.0
3,470,1632.0317999560502
3,471,0.0
3,472,25.461206614803814
3,473,1640.3241129643757
3,474,27.04628023785517
3,475,28.90186677822112
3,476,34.93077835478289
3,477,22.36278956169008
3,478,35.379495986426264
3,479,0.0
3,480,1673.9536176369293
3,481,24.650126287920102
3,482,1604.7226522983838
3,483,1778.2856697024508
3,484,0.0
3,485,0.0
3,486,16.822999345213248
3,487,25.932026587192013
3,488,23.896060544114334
3,489,52.0414401194912
3,490,0.0
3,491,42.1945877783819
3,492,0.0
3,493,18.53746415488422
3,494,0.0
3,495,31.371366281656265
3,496,0.0
3,497,35.57762491193898
3,498,27.04628023785517
3,499,30.73571655921387
3,500,25.73592396197091
3,501,16.659617110911313
3,502,31.75497882142372
3,503,35.24038329655923
3,504,1421.0668675048364
3,505,0.0
3,506,0.0
3,507,0.0
3,508,0.0
3,509,1673.8687831879797
3,510,56.971286505124226
3,511,0.0
4,0,10.486327432440703
4,1,31.371366281656265
4,2,0.0
4,3,1424.1775870407218
4,4,36.52175289052229
4,5,30.73571655921387
4,6,0.0
4,7,0.0
4,8,13.547278309273679
4,9,2070.2554408183605
4,10,17.50934061272892
4,11,0.0
4,12,0.0
4,13,1535.9773265939584
4,14,0.0
4,15,0.0
4,16,12.259266720973756
4,17,31.371366281656265
4,18,0.0
4,19,32094.134684543496
4,20,0.0
4,21,0.0
4,22,1634.4722444110885
4,23,2070.2554408183605
4,24,25.86901182454767
4,25,2063.7730594856257
4,26,0.0
4,27,35.59244849140214
4,28,0.0
4,29,33.09460174866672
4,30,19321.657049463312
4,31,24.835176419261188
4,32,0.0
4,33,32.72721078773793
4,34,1634.2420761425383
4,35,0.0
4,36,26.292303109432396
4,37,0.0
4,38,26.857869257432867
4,39,13.591287681248104
4,40,0.0
4,41,31.84383417569279
4,42,20.23188044298786
4,43,0.0
4,44,33.851130132124126
4,45,1535.8148542752133
4,46,0.0
4,47,0.0
4,48,43.311070402099176
4,49,0.0
4,50,0.0
4,51,0.0
4,52,0.0
4,53,0.0
4,54,0.0
4,55,0.0
4,56,0.0
4,57,0.0
4,58,0.0
4,59,30.13432708592154
4,60,0.0
4,61,2061.3706929054315
4,62,54.34621549584335
4,63,0.0
4,64,25.915887914985433
4,65,149.0974559307806
4,66,0.0
4,67,24.20861600307944
4,68,27.464747254456597
4,69,0.0
4,70,0.0
4,71,11.574025739190802
4,72,0.0
4,73,13.76417977712481
4,74,21.833525394459684
4,75,22466.29857286386
4,76,0.0
4,77,0.0
4,78,27.902582955227444
4,79,0.0
4,80,25.89436540439874
4,81,38.3572682388949
4,82,0.0
4,83,1423.059023847727
4,84,0.0
4,85,0.0
4,86,0.0
4,87,0.0
4,88,0.0
4,89,0.0
4,90,12.259266720973756
4,91,0.0
4,92,0.0
4,93,0.0
4,94,1535.8321479321494
4,95,18.570895583737183
4,96,35.09030406196143
4,97,17.50934061272892
4,98,43.311070402099176
4,99,0.0
4,100,0.0
4,101,0.0
4,102,0.0
4,103,31.371366281656265
4,104,30.974282179042348
4,105,1440.731506805998
4,106,31.371366281656265
4,107,0.0
4,108,8.308370800876219
4,109,0.0
4,110,31.371366281656265
4,111,0.0
4,112,0.0
4,113,0.0
4,114,1533.4157479904243
4,115,0.0
4,116,0.0
4,117,38.3572682388949
4,118,0.0
4,119,0.0
4,120,24.620054136738872
4,121,0.0
4,122,21.38795565296641
4,123,31.371366281656265
4,124,32.68909157031521
4,125,0.0
4,126,13.257984554630639
4,127,22.839317738510545
4,128,25.483190176551034
4,129,31.371366281656265
4,130,0.0
4,131,0.0
4,132,35.922850750333964
4,133,10.33624031321051
4,134,32.68909157031521
4,135,1608.7828203228637
4,136,0.0
4,137,0.0
4,138,30.73571655921387
4,139,23.73096145816271
4,140,34.91543289522906
4,141,31.371366281656265
4,142,0.0
4,143,0.0
4,144,31.371366281656265
4,145,1443.4499518406847
4,146,11.875582605502132
4,147,0.0
4,148,0.0
4,149,0.0
4,150,69.30790003009952
4,151,30.73571655921387
4,152,2068.170797190971
4,153,17.717298343545735
4,154,13.227228454773467
4,155,0.0
4,156,26.292303109432396
4,157,0.0
4,158,0.0
4,159,0.0
4,160,16.92070937920471
4,161,19.693713799494617
4,162,0.0
4,163,0.0
4,164,17.50934061272892
4,165,0.0
4,166,22.129700556001808
4,167,46.873462091718466
4,168,28.90186677822112
4,169,0.0
4,170,27.464747254456597
4,171,41.58419923375095
4,172,0.0
4,173,0.0
4,174,10.117294087199298
4,175,0.0
4,176,0.0
4,177,25.617233888287956
4,178,0.0
4,179,0.0
4,180,0.0
4,181,17.542497054701016
4,182,31.371366281656265
4,183,33.108427265261525
4,184,0.0
4,185,26.84490059455493
4,186,0.0
4,187,13.257984554630639
4,188,31.371366281656265
4,189,17.50934061272892
4,190,0.0
4,191,109.4405997774702
4,192,0.0
4,193,30.13432708592154
4,194,31.371366281656265
4,195,42.210340530558824
4,196,0.0
4,197,40.73918981948373
4,198,31.371366281656265
4,199,17.17143040074825
4,200,43.311070402099176
4,201,34980.872953897306
4,202,0.0
4,203,0.0
4,204,53.03613153806964
4,205,0.0
4,206,40.73918981948373
4,207,43.196605730486226
4,208,0.0
4,209,46.107886781211164
4,210,30.73571655921387
4,211,33.108427265261525
4,212,1901.082581213348
4,213,30.73571655921387
4,214,34.91543289522906
4,215,24.58349698308757
4,216,29.322329289430854
4,217,46.107886781211164
4,218,0.0
4,219,0.0
4,220,13.227228454773467
4,221,0.0
4,222,0.0
4,223,31.72877711577985
4,224,0.0
4,225,25.25191576659472
4,226,13.174185676144589
4,227,0.0
4,228,0.0
4,229,41.35871110116841
4,230,30.73571655921387
4,231,22.295609082892952
4,232,35.03139546228249
4,233,0.0
4,234,0.0
4,235,0.0
4,236,42.210340530558824
4,237,1634.5596440428235
4,238,31.371366281656265
4,239,0.0
4,240,0.0
4,241,0.0
4,242,36.25172510525772
4,243,0.0
4,244,0.0
4,245,0.0
4,246,0.0
4,247,1758.4286926632776
4,248,0.0
4,249,48.708604003892106
4,250,42.210340530558824
4,251,0.0
4,252,31.371366281656265
4,253,1444.3043111503976
4,254,31.371366281656265
4,255,0.0
4,256,0.0
4,257,0.0
4,258,1608.4048151499373
4,259,0.0
4,260,35.59978256577597
4,261,0.0
4,262,0.0
4,263,0.0
4,264,0.0
4,265,0.0
4,266,21.71920697664973
4,267,0.0
4,268,0.0
4,269,27.406629312034966
4,270,0.0
4,271,26.11054932351817
4,272,0.0
4,273,0.0
4,274,15.291292258668364
4,275,0.0
4,276,31.357018730790514
4,277,0.0
4,278,32.36527246657624
4,279,0.0
4,280,30.73571655921387
4,281,31.371366281656265
4,282,0.0
4,283,13.257984554630639
4,284,0.0
4,285,31.371366281656265
4,286,25.05317510257646
4,287,0.0
4,288,31.371366281656265
4,289,0.0
4,290,12.259266720973756
4,291,31.371366281656265
4,292,26.857869257432867
4,293,0.0
4,294,0.0
4,295,0.0
4,296,46.73483611865049
4,297,30.13432708592154
4,298,46.93253326274498
4,299,36.15193753250878
4,300,35.92492221397606
4,301,42.16938888945424
4,302,0.0
4,303,26.02961664189843
4,304,30.13432708592154
4,305,35.13517508836867
4,306,0.0
4,307,0.0
4,308,0.0
4,309,0.0
4,310,35.77556960118454
4,311,20.1451099403248
4,312,0.0
4,313,13.257984554630639
4,314,0.0
4,315,24.44695176078858
4,316,38.3572682388949
4,317,0.0
4,318,31.371366281656265
4,319,20540.473259794817
4,320,26.292303109432396
4,321,34.133733976114854
4,322,0.0
4,323,0.0
4,324,13.257984554630639
4,325,31.371366281656265
4,326,0.0
4,327,20.1451099403248
4,328,26.713167192596302
4,329,42.210340530558824
4,330,27.464747254456597
4,331,28.702296685179135
4,332,20.688515757425193
4,333,0.0
4,334,0.0
4,335,42.32376866989398
4,336,25.451788011342614
4,337,31.371366281656265
4,338,0.0
4,339,0.0
4,340,0.0
4,341,30.56522811457944
4,342,31.462697472886248
4,343,23.73096145816271
4,344,40.73918981948373
4,345,0.0
4,346,1440.731506805998
4,347,30.13432708592154
4,348,31.371366281656265
4,349,0.0
4,350,31.371366281656265
4,351,0.0
4,352,0.0
4,353,0.0
4,354,0.0
4,355,21.36437550152914
4,356,0.0
4,357,0.0
4,358,0.0
4,359,0.0
4,360,0.0
4,361,30.974282179042348
4,362,30.73571655921387
4,363,42.32376866989398
4,364,0.0
4,365,0.0
4,366,0.0
4,367,0.0
4,368,0.0
4,369,0.0
4,370,32919.56679487873
4,371,0.0
4,372,0.0
4,373,9.887211511215355
4,374,36.09884958793191
4,375,0.0
4,376,0.0
4,377,1634.2420761425383
4,378,28.90009738336903
4,379,31.371366281656265
4,380,2282.9005487532704
4,381,36.10187258123733
4,382,73.25130961005016
4,383,0.0
4,384,31.371366281656265
4,385,0.0
4,386,0.0
4,387,1424.1775870407218
4,388,0.0
4,389,8.43038314639125
4,390,28.122766151945143
4,391,42.32376866989398
4,392,1440.731506805998
4,393,17.50934061272892
4,394,0.0
4,395,0.0
4,396,13.257984554630639
4,397,0.0
4,398,21.289525881324153
4,399,19.771509495597456
4,400,21835.293663875756
4,401,33.09460174866672
4,402,0.0
4,403,0.0
4,404,0.0
4,405,0.0
4,406,41.16462648169818
4,407,38.3572682388949
4,408,0.0
4,409,0.0
4,410,46.107886781211164
4,411,0.0
4,412,0.0
4,413,13.257984554630639
4,414,0.0
4,415,0.0
4,416,28.122766151945143
4,417,0.0
4,418,0.0
4,419,22.295609082892952
4,420,0.0
4,421,31.371366281656265
4,422,30.73571655921387
4,423,1533.6189767904616
4,424,17.50934061272892
4,425,0.0
4,426,2064.099883516734
4,427,11.798527160175581
4,428,0.0
4,429,0.0
4,430,0.0
4,431,32.56452985796204
4,432,23.839966128734886
4,433,0.0
4,434,0.0
4,435,32.7171010119464
4,436,13.79554598940922
4,437,24.042487143734434
4,438,2081.446091143458
4,439,0.0
4,440,0.0
4,441,2063.7730594856257
4,442,1673.5231639679187
4,443,0.0
4,444,0.0
4,445,0.0
4,446,0.0
4,447,0.0
4,448,0.0
4,449,0.0
4,450,0.0
4,451,0.0
4,452,1634.5196126295268
4,453,33.09460174866672
4,454,1425.1009455194944
4,455,0.0
4,456,30.73571655921387
4,457,0.0
4,458,0.0
4,459,0.0
4,460,35.09030406196143
4,461,34.81989202676323
4,462,0.0
4,463,0.0
4,464,0.0
4,465,0.0
4,466,21.23793977375408
4,467,16.92070937920471
4,468,0.0
4,469,1577.9980092229162
4,470,13.316751296502844
4,471,1673.3033505755775
4,472,0.0
4,473,1673.530830531603
4,474,0.0
4,475,0.0
4,476,20560.161203926815
4,477,19.771509495597456
4,478,42.32376866989398
4,479,31.371366281656265
4,480,0.0
4,481,6422.159527726754
4,482,42.210340530558824
4,483,30.13432708592154
4,484,26.263636549539115
4,485,0.0
4,486,36.048353053455685
4,487,22.077073262744307
4,488,13.227228454773467
4,489,1424.4665575010913
4,490,37.58490227313541
4,491,24.321286884231995
4,492,2066.015074570165
4,493,1634.4576550653655
4,494,23.008001792315554
4,495,0.0
4,496,30.73571655921387
4,497,43.196605730486226
4,498,2078.6499446827765
4,499,0.0
4,500,0.0
4,501,1608.7828203228637
4,502,0.0
4,503,1673.530830531603
4,504,46.93253326274498
4,505,0.0
4,506,46.19818176161789
4,507,0.0
4,508,0.0
4,509,31.371366281656265
4,510,27.598841877133964
4,511,0.0
5,0,14.426847416643795
5,1,30.73571655921387
5,2,0.0
5,3,0.0
5,4,1634.2420761425383
5,5,0.0
5,6,0.0
5,7,0.0
5,8,68.63302767247569
5,9,0.0
5,10,30.56522811457944
5,11,0.0
5,12,46.06292809363822
5,13,0.0
5,14,42.210340530558824
5,15,0.0
5,16,30.73571655921387
5,17,31.84383417569279
5,18,0.0
5,19,0.0
5,20,34.059813860566464
5,21,0.0
5,22,0.0
5,23,0.0
5,24,151.14597290476104
5,25,0.0
5,26,0.0
5,27,0.0
5,28,0.0
5,29,21.456920853737756
5,30,0.0
5,31,46.107886781211164
5,32,1414.5515770300735
5,33,0.0
5,34,20.421124007190883
5,35,0.0
5,36,42.210340530558824
5,37,0.0
5,38,13.604376653274812
5,39,0.0
5,40,1635.1026294740077
5,41,0.0
5,42,0.0
5,43,41.16462648169818
5,44,0.0
5,45,0.0
5,46,20.483053669788205
5,47,42.210340530558824
5,48,0.0
5,49,0.0
5,50,0.0
5,51,0.0
5,52,13.547278309273679
5,53,13.547793676635592
5,54,22.039395382696966
5,55,0.0
5,56,0.0
5,57,0.0
5,58,0.0
5,59,13.91357701537072
5,60,0.0
5,61,0.0
5,62,45.54891957040218
5,63,0.0
5,64,1634.3171288445992
5,65,31.986250591623502
5,66,0.0
5,67,0.0
5,68,0.0
5,69,29.773730833385343
5,70,0.0
5,71,45.312330787845895
5,72,0.0
5,73,0.0
5,74,1634.814050502784
5,75,30.442145332290238
5,76,0.0
5,77,0.0
5,78,0.0
5,79,34.380197449553634
5,80,0.0
5,81,0.0
5,82,41.50606109658747
5,83,0.0
5,84,0.0
5,85,0.0
5,86,0.0
5,87,0.0
5,88,0.0
5,89,0.0
5,90,0.0
5,91,21.656013186112432
5,92,30.56522811457944
5,93,30.13432708592154
5,94,0.0
5,95,0.0
5,96,30.73571655921387
5,97,0.0
5,98,0.0
5,99,22.967062266362518
5,100,20.208156170942857
5,101,0.0
5,102,29.773730833385343
5,103,0.0
5,104,0.0
5,105,0.0
5,106,46.107886781211164
5,107,0.0
5,108,30.94712370682373
5,109,0.0
5,110,0.0
5,111,0.0
5,112,30.73571655921387
5,113,0.0
5,114,26.857869257432867
5,115,41.145390468020196
5,116,0.0
5,117,0.0
5,118,31.371366281656265
5,119,30.73571655921387
5,120,22.44181713287435
5,121,46.107886781211164
5,122,46.107886781211164
5,123,46.107886781211164
5,124,1440.731506805998
5,125,42.210340530558824
5,126,32.748237324765796
5,127,0.0
5,128,0.0
5,129,0.0
5,130,0.0
5,131,0.0
5,132,0.0
5,133,41.58419923375095
5,134,31.3557913959321
5,135,16.34979443528391
5,136,20.1451099403248
5,137,13.567446229386405
5,138,30.73571655921387
5,139,30.13432708592154
5,140,0.0
5,141,0.0
5,142,0.0
5,143,22.54722519936422
5,144,33.64189043184433
5,145,33.16829915678136
5,146,20.675556769749164
5,147,31.631136406119367
5,148,11739.475214562794
5,149,0.0
5,150,0.0
5,151,0.0
5,152,0.0
5,153,43.26505601455938
5,154,46.06292809363822
5,155,0.0
5,156,19.45217761497952
5,157,0.0
5,158,0.0
5,159,33.745010442172315
5,160,0.0
5,161,31.371366281656265
5,162,23.06055956790624
5,163,0.0
5,164,0.0
5,165,0.0
5,166,0.0
5,167,43.196605730486226
5,168,31.76696546047242
5,169,0.0
5,170,0.0
5,171,0.0
5,172,1634.577912078319
5,173,42.16938888945424
5,174,13.328843636651982
5,175,34.1503109658006
5,176,0.0
5,177,151.14597290476104
5,178,0.0
5,179,0.0
5,180,20.1451099403248
5,181,31.84383417569279
5,182,0.0
5,183,1634.5377629699651
5,184,34.47322175945283
5,185,0.0
5,186,30.73571655921387
5,187,42.210340530558824
5,188,21.580168660560958
5,189,0.0
5,190,35.09030406196143
5,191,25.688221660681847
5,192,42.32376866989398
5,193,0.0
5,194,0.0
5,195,0.0
5,196,13.605921615720035
5,197,0.0
5,198,38.69445331850238
5,199,31.856062945625126
5,200,30.899200992266742
5,201,0.0
5,202,20.641014097637708
5,203,46.873462091718466
5,204,41.145390468020196
5,205,0.0
5,206,1450.0058821423372
5,207,0.0
5,208,0.0
5,209,41.145390468020196
5,210,29.5652417673964
5,211,1443.6558539477992
5,212,0.0
5,213,41.145390468020196
5,214,0.0
5,215,0.0
5,216,0.0
5,217,0.0
5,218,46.107886781211164
5,219,0.0
5,220,0.0
5,221,23.06055956790624
5,222,0.0
5,223,0.0
5,224,0.0
5,225,16.34979443528391
5,226,0.0
5,227,0.0
5,228,0.0
5,229,0.0
5,230,45.38529344651033
5,231,42.16938888945424
5,232,747.097814704709
5,233,46.93253326274498
5,234,0.0
5,235,0.0
5,236,34.47322175945283
5,237,0.0
5,238,0.0
5,239,0.0
5,240,0.0
5,241,31.371366281656265
5,242,0.0
5,243,31.84383417569279
5,244,0.0
5,245,42.210340530558824
5,246,0.0
5,247,0.0
5,248,15.795759488205476
5,249,12083.50919406148
5,250,13.547278309273679
5,251,13.79554598940922
5,252,0.0
5,253,41.20317680629978
5,254,0.0
5,255,0.0
5,256,0.0
5,257,0.0
5,258,0.0
5,259,42.16938888945424
5,260,0.0
5,261,0.0
5,262,0.0
5,263,0.0
5,264,0.0
5,265,0.0
5,266,0.0
5,267,0.0
5,268,30.13432708592154
5,269,0.0
5,270,0.0
5,271,42.210340530558824
5,272,0.0
5,273,0.0
5,274,46.107886781211164
5,275,40.28957374930269
5,276,0.0
5,277,0.0
5,278,1444.3043111503976
5,279,0.0
5,280,34.321023971900104
5,281,42.210340530558824
5,282,0.0
5,283,27.29628111167858
5,284,31.631136406119367
5,285,0.0
5,286,0.0
5,287,30.73571655921387
5,288,0.0
5,289,0.0
5,290,23.212530650006556
5,291,0.0
5,292,1424.1775870407218
5,293,0.0
5,294,30.73571655921387
5,295,20.966228277397022
5,296,0.0
5,297,0.0
5,298,30.13432708592154
5,299,0.0
5,300,30.13432708592154
5,301,28.13390819934648
5,302,0.0
5,303,29.5652417673964
5,304,0.0
5,305,32.84861632545653
5,306,0.0
5,307,0.0
5,308,0.0
5,309,0.0
5,310,24.541915314397556
5,311,37.43853161219522
5,312,42.32376866989398
5,313,0.0
5,314,0.0
5,315,20.690883919174667
5,316,30.47967676326516
5,317,0.0
5,318,0.0
5,319,0.0
5,320,1443.4581895309311
5,321,41.10473171897502
5,322,0.0
5,323,42.210340530558824
5,324,1452.2029073226877
5,325,30.62342374551281
5,326,0.0
5,327,35.903274811156734
5,328,0.0
5,329,0.0
5,330,118.60231952145296
5,331,0.0
5,332,33.745010442172315
5,333,0.0
5,334,30.73571655921387
5,335,1634.2632430243502
5,336,41.35871110116841
5,337,0.0
5,338,23.53313459382116
5,339,0.0
5,340,29.773730833385343
5,341,42.107923693164594
5,342,25.389154978524857
5,343,0.0
5,344,0.0
5,345,30.73571655921387
5,346,33.64189043184433
5,347,0.0
5,348,22702.93184703686
5,349,0.0
5,350,46.107886781211164
5,351,0.0
5,352,0.0
5,353,30.13432708592154
5,354,15.584475039294375
5,355,0.0
5,356,42.210340530558824
5,357,0.0
5,358,0.0
5,359,0.0
5,360,42.210340530558824
5,361,0.0
5,362,0.0
5,363,41.6711714807534
5,364,0.0
5,365,46.19818176161789
5,366,31.86743656053659
5,367,30.73571655921387
5,368,0.0
5,369,0.0
5,370,0.0
5,371,21.604849395340352
5,372,0.0
5,373,1443.4581895309311
5,374,0.0
5,375,0.0
5,376,1634.5050377111584
5,377,0.0
5,378,37.43853161219522
5,379,32.25795057981668
5,380,0.0
5,381,0.0
5,382,16.50887151873485
5,383,0.0
5,384,30.73571655921387
5,385,1634.6480058239358
5,386,13.547278309273679
5,387,0.0
5,388,13.547656923757131
5,389,30.13432708592154
5,390,0.0
5,391,20.208156170942857
5,392,31.371366281656265
5,393,0.0
5,394,0.0
5,395,0.0
5,396,0.0
5,397,11.906929315649904
5,398,0.0
5,399,0.0
5,400,0.0
5,401,1424.7218179251977
5,402,15.337073472296652
5,403,33.05464093012597
5,404,0.0
5,405,1424.1775870407218
5,406,0.0
5,407,13.515461946878531
5,408,0.0
5,409,0.0
5,410,29.5652417673964
5,411,0.0
5,412,45.38529344651033
5,413,42.32376866989398
5,414,42.25368734968015
5,415,0.0
5,416,42.210340530558824
5,417,0.0
5,418,70.35082888662055
5,419,46.06292809363822
5,420,0.0
5,421,46.107886781211164
5,422,0.0
5,423,0.0
5,424,1440.731506805998
5,425,46.107886781211164
5,426,13.604376653274812
5,427,13.547278309273679
5,428,0.0
5,429,0.0
5,430,0.0
5,431,32.75723237069178
5,432,0.0
5,433,30.73571655921387
5,434,0.0
5,435,0.0
5,436,34.34798810863049
5,437,0.0
5,438,0.0
5,439,11.137249295979927
5,440,0.0
5,441,0.0
5,442,0.0
5,443,0.0
5,444,34.03160520866368
5,445,37.410626355197564
5,446,0.0
5,447,0.0
5,448,45.312330787845895
5,449,0.0
5,450,46.107886781211164
5,451,32.476164649487146
5,452,2060.1995392512836
5,453,0.0
5,454,0.0
5,455,0.0
5,456,0.0
5,457,30.73571655921387
5,458,0.0
5,459,0.0
5,460,0.0
5,461,0.0
5,462,0.0
5,463,0.0
5,464,0.0
5,465,31.371366281656265
5,466,34.380197449553634
5,467,41.35871110116841
5,468,0.0
5,469,0.0
5,470,0.0
5,471,0.0
5,472,1414.5515770300735
5,473,46.107886781211164
5,474,0.0
5,475,33.745010442172315
5,476,42.32376866989398
5,477,41.145390468020196
5,478,0.0
5,479,0.0
5,480,0.0
5,481,33.30673299506816
5,482,0.0
5,483,46.19818176161789
5,484,0.0
5,485,0.0
5,486,0.0
5,487,30.73571655921387
5,488,0.0
5,489,0.0
5,490,20.79414294197977
5,491,0.0
5,492,0.0
5,493,0.0
5,494,46.107886781211164
5,495,16.92070937920471
5,496,0.0
5,497,25.389154978524857
5,498,0.0
5,499,29.5652417673964
5,500,0.0
5,501,0.0
5,502,46.107886781211164
5,503,13.547278309273679
5,504,0.0
5,505,0.0
5,506,0.0
5,507,30.13432708592154
5,508,34.1931097277693
5,509,0.0
5,510,0.0
5,511,0.0
6,0,0.0
6,1,0.0
6,2,0.0
6,3,0.0
6,4,0.0
6,5,0.0
6,6,0.0
6,7,0.0
6,8,0.0
6,9,34.00879643524968
6,10,0.0
6,11,0.0
6,12,11.906929315649904
6,13,40.11081565369295
6,14,0.0
6,15,0.0
6,16,0.0
6,17,0.0
6,18,0.0
6,19,0.0
6,20,42.210340530558824
6,21,34.874715141218076
6,22,0.0
6,23,42.16938888945424
6,24,35.043601416217825
6,25,0.0
6,26,0.0
6,27,31.986613601873614
6,28,34.33583159121372
6,29,41.67543363150253
6,30,0.0
6,31,0.0
6,32,0.0
6,33,0.0
6,34,0.0
6,35,0.0
6,36,0.0
6,37,42.107923693164594
6,38,0.0
6,39,34.33583159121372
6,40,29.984603560052165
6,41,43.47297305637039
6,42,24.405359655601387
6,43,37.06333334031842
6,44,1452.1998972088331
6,45,0.0
6,46,0.0
6,47,0.0
6,48,42.16938888945424
6,49,0.0
6,50,46.107886781211164
6,51,0.0
6,52,0.0
6,53,0.0
6,54,0.0
6,55,46.107886781211164
6,56,30.13432708592154
6,57,0.0
6,58,1778.2856697024508
6,59,44.4982521085667
6,60,118.60231952145296
6,61,0.0
6,62,93.00894395419527
6,63,0.0
6,64,0.0
6,65,0.0
6,66,0.0
6,67,32.75723237069178
6,68,0.0
6,69,0.0
6,70,0.0
6,71,44.6018387283184
6,72,0.0
6,73,0.0
6,74,41.145390468020196
6,75,0.0
6,76,40.303615451963196
6,77,29.770384850251503
6,78,44.34584604181964
6,79,1452.2029073226877
6,80,41.145390468020196
6,81,0.0
6,82,0.0
6,83,11.906929315649904
6,84,0.0
6,85,41.246518475537414
6,86,29.984603560052165
6,87,122.33182537137873
6,88,41.06073760455183
6,89,0.0
6,90,0.0
6,91,30.73571655921387
6,92,0.0
6,93,42.210340530558824
6,94,0.0
6,95,0.0
6,96,46.107886781211164
6,97,0.0
6,98,0.0
6,99,2522.4984937319987
6,100,30.385713461779233
6,101,0.0
6,102,45.312330787845895
6,103,0.0
6,104,42.698648664812026
6,105,0.0
6,106,0.0
6,107,41.145390468020196
6,108,0.0
6,109,44.6018387283184
6,110,1634.836449315564
6,111,0.0
6,112,0.0
6,113,32.7171010119464
6,114,0.0
6,115,41.06073760455183
6,116,0.0
6,117,0.0
6,118,46.107886781211164
6,119,42.16938888945424
6,120,0.0
6,121,0.0
6,122,34.57736485730311
6,123,45.458625138046955
6,124,0.0
6,125,0.0
6,126,45.312330787845895
6,127,0.0
6,128,41.145390468020196
6,129,0.0
6,130,45.312330787845895
6,131,35.57570992156343
6,132,0.0
6,133,41.06073760455183
6,134,0.0
6,135,41.10473171897502
6,136,0.0
6,137,0.0
6,138,0.0
6,139,0.0
6,140,40.303615451963196
6,141,42.210340530558824
6,142,0.0
6,143,0.0
6,144,0.0
6,145,0.0
6,146,0.0
6,147,0.0
6,148,45.312330787845895
6,149,44.6018387283184
6,150,0.0
6,151,46.107886781211164
6,152,45.312330787845895
6,153,45.312330787845895
6,154,0.0
6,155,45.12584692996825
6,156,41.10473171897502
6,157,0.0
6,158,0.0
6,159,44.6018387283184
6,160,41.10473171897502
6,161,32.826237250540544
6,162,45.41828817091937
6,163,0.0
6,164,0.0
6,165,30.385713461779233
6,166,45.27425554059482
6,167,0.0
6,168,0.0
6,169,43.90967517431545
6,170,41.10473171897502
6,171,0.0
6,172,0.0
6,173,0.0
6,174,0.0
6,175,45.312330787845895
6,176,41.145390468020196
6,177,0.0
6,178,0.0
6,179,45.312330787845895
6,180,0.0
6,181,0.0
6,182,0.0
6,183,0.0
6,184,0.0
6,185,0.0
6,186,0.0
6,187,0.0
6,188,0.0
6,189,22.860058183168803
6,190,45.58979385993371
6,191,0.0
6,192,0.0
6,193,0.0
6,194,0.0
6,195,41.246518475537414
6,196,41.145390468020196
6,197,35.071152047021315
6,198,0.0
6,199,0.0
6,200,0.0
6,201,41.145390468020196
6,202,41.06073760455183
6,203,0.0
6,204,0.0
6,205,26.46413972172195
6,206,45.312330787845895
6,207,29.5652417673964
6,208,0.0
6,209,30.38740816817608
6,210,0.0
6,211,0.0
6,212,0.0
6,213,2052.0412013056157
6,214,42.107923693164594
6,215,0.0
6,216,0.0
6,217,0.0
6,218,0.0
6,219,46.107886781211164
6,220,45.312330787845895
6,221,0.0
6,222,45.38529344651033
6,223,41.06073760455183
6,224,0.0
6,225,46.107886781211164
6,226,41.246518475537414
6,227,45.312330787845895
6,228,43.196605730486226
6,229,0.0
6,230,0.0
6,231,0.0
6,232,28.16955653599598
6,233,44.41056776514961
6,234,32.7363411912047
6,235,0.0
6,236,0.0
6,237,32.7171010119464
6,238,0.0
6,239,0.0
6,240,44.80383336066188
6,241,0.0
6,242,0.0
6,243,0.0
6,244,32.634080163014914
6,245,0.0
6,246,29.82921458471901
6,247,46.107886781211164
6,248,45.312330787845895
6,249,31.3557913959321
6,250,0.0
6,251,0.0
6,252,0.0
6,253,45.27425554059482
6,254,44.08038136990399
6,255,0.0
6,256,0.0
6,257,0.0
6,258,30.466296029282603
6,259,0.0
6,260,0.0
6,261,0.0
6,262,44.47944242059293
6,263,0.0
6,264,41.246518475537414
6,265,11.906929315649904
6,266,0.0
6,267,0.0
6,268,0.0
6,269,0.0
6,270,0.0
6,271,0.0
6,272,0.0
6,273,0.0
6,274,41.145390468020196
6,275,0.0
6,276,0.0
6,277,24.29155034580708
6,278,0.0
6,279,45.312330787845895
6,280,0.0
6,281,42.210340530558824
6,282,41.145390468020196
6,283,0.0
6,284,0.0
6,285,39.24148584970317
6,286,0.0
6,287,42.210340530558824
6,288,0.0
6,289,0.0
6,290,0.0
6,291,30.374936201258606
6,292,1674.613377606569
6,293,41.145390468020196
6,294,45.60059955669567
6,295,0.0
6,296,0.0
6,297,27.04628023785517
6,298,0.0
6,299,44.45932134003306
6,300,0.0
6,301,0.0
6,302,0.0
6,303,0.0
6,304,33.57766423009707
6,305,0.0
6,306,0.0
6,307,0.0
6,308,0.0
6,309,0.0
6,310,0.0
6,311,42.16938888945424
6,312,0.0
6,313,41.145390468020196
6,314,40.575314464022085
6,315,45.38529344651033
6,316,34.33583159121372
6,317,32.14637131787276
6,318,0.0
6,319,0.0
6,320,0.0
6,321,0.0
6,322,0.0
6,323,0.0
6,324,0.0
6,325,0.0
6,326,34.20691818652904
6,327,41.145390468020196
6,328,44.4982521085667
6,329,0.0
6,330,42.107923693164594
6,331,27.04628023785517
6,332,41.145390468020196
6,333,0.0
6,334,1424.1775870407218
6,335,40.11081565369295
6,336,0.0
6,337,41.06073760455183
6,338,0.0
6,339,0.0
6,340,0.0
6,341,0.0
6,342,0.0
6,343,34.105599315440486
6,344,45.86325517229852
6,345,41.145390468020196
6,346,0.0
6,347,0.0
6,348,46.107886781211164
6,349,41.145390468020196
6,350,0.0
6,351,0.0
6,352,1778.2856697024508
6,353,45.312330787845895
6,354,46.06292809363822
6,355,0.0
6,356,0.0
6,357,1452.063175555275
6,358,0.0
6,359,41.06073760455183
6,360,73.47158186681281
6,361,46.107886781211164
6,362,36.929248129855296
6,363,0.0
6,364,0.0
6,365,0.0
6,366,32.105998099001226
6,367,1448.1173296670895
6,368,41.880302068680976
6,369,0.0
6,370,1634.9254907025788
6,371,35.27762736846489
6,372,32.7171010119464
6,373,0.0
6,374,0.0
6,375,0.0
6,376,0.0
6,377,33.20722409023983
6,378,0.0
6,379,0.0
6,380,45.312330787845895
6,381,33.51829959474162
6,382,0.0
6,383,42.210340530558824
6,384,45.312330787845895
6,385,33.09913006633451
6,386,41.246518475537414
6,387,0.0
6,388,36.91361665233126
6,389,40.303615451963196
6,390,0.0
6,391,44.5369769985391
6,392,45.312330787845895
6,393,0.0
6,394,0.0
6,395,0.0
6,396,0.0
6,397,32.7171010119464
6,398,0.0
6,399,45.312330787845895
6,400,0.0
6,401,0.0
6,402,45.38529344651033
6,403,0.0
6,404,0.0
6,405,20.195246471959763
6,406,0.0
6,407,0.0
6,408,46.107886781211164
6,409,41.246518475537414
6,410,0.0
6,411,0.0
6,412,0.0
6,413,0.0
6,414,30.899200992266742
6,415,0.0
6,416,39.87488824398861
6,417,32.105998099001226
6,418,0.0
6,419,31.798925524172773
6,420,40.11081565369295
6,421,0.0
6,422,0.0
6,423,0.0
6,424,0.0
6,425,0.0
6,426,0.0
6,427,41.06073760455183
6,428,39.97701456794766
6,429,40.303615451963196
6,430,0.0
6,431,45.27425554059482
6,432,0.0
6,433,0.0
6,434,0.0
6,435,1634.8798556528054
6,436,41.880302068680976
6,437,0.0
6,438,41.145390468020196
6,439,0.0
6,440,0.0
6,441,0.0
6,442,33.94312901533522
6,443,45.47896662213407
6,444,0.0
6,445,41.145390468020196
6,446,0.0
6,447,0.0
6,448,0.0
6,449,0.0
6,450,0.0
6,451,0.0
6,452,0.0
6,453,0.0
6,454,0.0
6,455,0.0
6,456,0.0
6,457,0.0
6,458,41.145390468020196
6,459,0.0
6,460,0.0
6,461,1424.045007527202
6,462,45.312330787845895
6,463,42.16938888945424
6,464,45.312330787845895
6,465,35.49290505652971
6,466,0.0
6,467,41.246518475537414
6,468,0.0
6,469,0.0
6,470,0.0
6,471,0.0
6,472,0.0
6,473,0.0
6,474,44.45932134003306
6,475,0.0
6,476,0.0
6,477,0.0
6,478,0.0
6,479,0.0
6,480,45.312330787845895
6,481,41.10473171897502
6,482,0.0
6,483,41.10473171897502
6,484,0.0
6,485,0.0
6,486,37.06333334031842
6,487,0.0
6,488,0.0
6,489,0.0
6,490,0.0
6,491,0.0
6,492,43.2386601559474
6,493,0.0
6,494,45.312330787845895
6,495,30.73571655921387
6,496,0.0
6,497,0.0
6,498,40.11081565369295
6,499,0.0
6,500,0.0
6,501,1635.5106140295247
6,502,0.0
6,503,34.105599315440486
6,504,0.0
6,505,0.0
6,506,42.210340530558824
6,507,0.0
6,508,0.0
6,509,46.107886781211164
6,510,0.0
6,511,0.0
7,0,0.0
7,1,0.0
7,2,0.0
7,3,0.0
7,4,0.0
7,5,0.0
7,6,40.11081565369295
7,7,44.34584604181964
7,8,0.0
7,9,71.58891743934782
7,10,0.0
7,11,0.0
7,12,0.0
7,13,0.0
7,14,0.0
7,15,0.0
7,16,0.0
7,17,0.0
7,18,39.28194678578893
7,19,0.0
7,20,20072.30588566076
7,21,0.0
7,22,0.0
7,23,373.49355481978
7,24,30.38003727724208
7,25,0.0
7,26,0.0
7,27,0.0
7,28,0.0
7,29,32.13371803771042
7,30,0.0
7,31,0.0
7,32,142.64461482592014
7,33,30.466296029282603
7,34,0.0
7,35,0.0
7,36,0.0
7,37,2075.0901614250397
7,38,43.2386601559474
7,39,0.0
7,40,0.0
7,41,0.0
7,42,0.0
7,43,0.0
7,44,1414.686177923726
7,45,2074.9395181798463
7,46,0.0
7,47,0.0
7,48,43.2386601559474
7,49,39.1061098172986
7,50,0.0
7,51,0.0
7,52,0.0
7,53,0.0
7,54,32.90008887354088
7,55,0.0
7,56,0.0
7,57,0.0
7,58,0.0
7,59,0.0
7,60,0.0
7,61,0.0
7,62,0.0
7,63,0.0
7,64,0.0
7,65,0.0
7,66,0.0
7,67,0.0
7,68,36.44079864361356
7,69,0.0
7,70,1414.5515770300735
7,71,0.0
7,72,0.0
7,73,0.0
7,74,0.0
7,75,374.42830843968477
7,76,0.0
7,77,0.0
7,78,33.45961290290052
7,79,44.6018387283184
7,80,0.0
7,81,1778.2856697024508
7,82,0.0
7,83,0.0
7,84,30.389275779106356
7,85,0.0
7,86,0.0
7,87,0.0
7,88,0.0
7,89,0.0
7,90,40.11081565369295
7,91,0.0
7,92,0.0
7,93,0.0
7,94,0.0
7,95,0.0
7,96,44.71218797473193
7,97,44.5369769985391
7,98,0.0
7,99,0.0
7,100,0.0
7,101,0.0
7,102,0.0
7,103,124.09974155369673
7,104,0.0
7,105,0.0
7,106,0.0
7,107,44.4982521085667
7,108,50.82790561083766
7,109,40.02724114080502
7,110,1424.1775870407218
7,111,174.0040167463385
7,112,0.0
7,113,44.5369769985391
7,114,0.0
7,115,0.0
7,116,44.50662391849255
7,117,0.0
7,118,0.0
7,119,0.0
7,120,0.0
7,121,0.0
7,122,2074.9395181798463
7,123,43.43181014418133
7,124,44.368009970597086
7,125,0.0
7,126,0.0
7,127,41.5445593380291
7,128,0.0
7,129,27.04628023785517
7,130,0.0
7,131,0.0
7,132,0.0
7,133,0.0
7,134,0.0
7,135,0.0
7,136,0.0
7,137,0.0
7,138,0.0
7,139,0.0
7,140,0.0
7,141,0.0
7,142,0.0
7,143,0.0
7,144,0.0
7,145,0.0
7,146,0.0
7,147,0.0
7,148,0.0
7,149,0.0
7,150,0.0
7,151,0.0
7,152,0.0
7,153,182.31909592210377
7,154,0.0
7,155,0.0
7,156,39.98063427984198
7,157,39.893116454667506
7,158,0.0
7,159,1778.2856697024508
7,160,0.0
7,161,0.0
7,162,1778.2856697024508
7,163,0.0
7,164,0.0
7,165,0.0
7,166,43.83767652105416
7,167,0.0
7,168,0.0
7,169,54.98181332489821
7,170,0.0
7,171,0.0
7,172,0.0
7,173,0.0
7,174,1778.2856697024508
7,175,40.07148324205809
7,176,0.0
7,177,0.0
7,178,0.0
7,179,0.0
7,180,0.0
7,181,0.0
7,182,0.0
7,183,0.0
7,184,0.0
7,185,0.0
7,186,19.45217761497952
7,187,0.0
7,188,0.0
7,189,43.83767652105416
7,190,0.0
7,191,44.493332677388025
7,192,0.0
7,193,0.0
7,194,0.0
7,195,0.0
7,196,0.0
7,197,2074.9395181798463
7,198,30.385713461779233
7,199,0.0
7,200,0.0
7,201,0.0
7,202,0.0
7,203,0.0
7,204,0.0
7,205,0.0
7,206,0.0
7,207,0.0
7,208,0.0
7,209,40.76347270589122
7,210,0.0
7,211,0.0
7,212,0.0
7,213,0.0
7,214,0.0
7,215,0.0
7,216,0.0
7,217,0.0
7,218,0.0
7,219,0.0
7,220,0.0
7,221,0.0
7,222,0.0
7,223,0.0
7,224,33.32574694724917
7,225,36.391156788073204
7,226,0.0
7,227,30.404108097196513
7,228,42.929866140098966
7,229,1414.5515770300735
7,230,40.303615451963196
7,231,1635.9869453911342
7,232,40.11081565369295
7,233,0.0
7,234,0.0
7,235,0.0
7,236,0.0
7,237,45.312330787845895
7,238,0.0
7,239,0.0
7,240,0.0
7,241,0.0
7,242,0.0
7,243,0.0
7,244,0.0
7,245,0.0
7,246,25.581793276150165
7,247,0.0
7,248,0.0
7,249,0.0
7,250,0.0
7,251,0.0
7,252,68.93029606106847
7,253,0.0
7,254,171.47113607528536
7,255,0.0
7,256,0.0
7,257,0.0
7,258,0.0
7,259,33.41667952767966
7,260,0.0
7,261,3887.764665508006
7,262,0.0
7,263,0.0
7,264,0.0
7,265,0.0
7,266,0.0
7,267,0.0
7,268,0.0
7,269,0.0
7,270,0.0
7,271,30.385713461779233
7,272,0.0
7,273,0.0
7,274,0.0
7,275,0.0
7,276,1778.2856697024508
7,277,0.0
7,278,1778.2856697024508
7,279,0.0
7,280,0.0
7,281,0.0
7,282,1414.5515770300735
7,283,0.0
7,284,30.466296029282603
7,285,0.0
7,286,0.0
7,287,0.0
7,288,143.72338332207164
7,289,1424.1775870407218
7,290,0.0
7,291,0.0
7,292,0.0
7,293,0.0
7,294,0.0
7,295,0.0
7,296,0.0
7,297,0.0
7,298,0.0
7,299,0.0
7,300,0.0
7,301,0.0
7,302,0.0
7,303,0.0
7,304,0.0
7,305,1424.1775870407218
7,306,0.0
7,307,0.0
7,308,0.0
7,309,0.0
7,310,36.57828147771124
7,311,0.0
7,312,0.0
7,313,40.11081565369295
7,314,0.0
7,315,0.0
7,316,35.52261918187014
7,317,0.0
7,318,0.0
7,319,0.0
7,320,0.0
7,321,0.0
7,322,0.0
7,323,0.0
7,324,0.0
7,325,0.0
7,326,0.0
7,327,44.5369769985391
7,328,0.0
7,329,0.0
7,330,0.0
7,331,0.0
7,332,0.0
7,333,0.0
7,334,0.0
7,335,0.0
7,336,0.0
7,337,0.0
7,338,0.0
7,339,0.0
7,340,0.0
7,341,0.0
7,342,0.0
7,343,0.0
7,344,0.0
7,345,0.0
7,346,0.0
7,347,0.0
7,348,45.38529344651033
7,349,0.0
7,350,27.04628023785517
7,351,0.0
7,352,43.43696393296614
7,353,0.0
7,354,32.09265914219213
7,355,0.0
7,356,1424.1775870407218
7,357,0.0
7,358,0.0
7,359,0.0
7,360,0.0
7,361,0.0
7,362,44.539407221002875
7,363,0.0
7,364,0.0
7,365,0.0
7,366,0.0
7,367,0.0
7,368,0.0
7,369,0.0
7,370,43.43696393296614
7,371,0.0
7,372,0.0
7,373,0.0
7,374,0.0
7,375,1414.5515770300735
7,376,0.0
7,377,44.34584604181964
7,378,0.0
7,379,0.0
7,380,43.78172161367456
7,381,0.0
7,382,0.0
7,383,0.0
7,384,0.0
7,385,43.332255389474085
7,386,0.0
7,387,1778.2856697024508
7,388,0.0
7,389,0.0
7,390,0.0
7,391,0.0
7,392,0.0
7,393,0.0
7,394,33.44140900757975
7,395,0.0
7,396,0.0
7,397,44.5369769985391
7,398,0.0
7,399,39.41780628502238
7,400,0.0
7,401,0.0
7,402,0.0
7,403,0.0
7,404,37.14625818107197
7,405,0.0
7,406,0.0
7,407,0.0
7,408,0.0
7,409,0.0
7,410,58.23916362632281
7,411,0.0
7,412,39.1061098172986
7,413,0.0
7,414,44.5369769985391
7,415,30.385713461779233
7,416,30.385713461779233
7,417,0.0
7,418,34.57736485730311
7,419,1635.7486946130048
7,420,0.0
7,421,0.0
7,422,0.0
7,423,0.0
7,424,3887.764665508006
7,425,0.0
7,426,0.0
7,427,31.798925524172773
7,428,374.42830843968477
7,429,38.5502111973874
7,430,27.04628023785517
7,431,24.405359655601387
7,432,0.0
7,433,0.0
7,434,0.0
7,435,39.98063427984198
7,436,0.0
7,437,44.6018387283184
7,438,45.312330787845895
7,439,0.0
7,440,42.45863199090854
7,441,0.0
7,442,0.0
7,443,0.0
7,444,0.0
7,445,0.0
7,446,1635.5773138504737
7,447,0.0
7,448,0.0
7,449,170.77875008244337
7,450,0.0
7,451,13.576615922619567
7,452,0.0
7,453,0.0
7,454,0.0
7,455,0.0
7,456,0.0
7,457,0.0
7,458,0.0
7,459,0.0
7,460,182.31909592210377
7,461,35.37685302265345
7,462,0.0
7,463,0.0
7,464,27.04628023785517
7,465,0.0
7,466,0.0
7,467,0.0
7,468,24.912988895202034
7,469,1674.913968762954
7,470,0.0
7,471,0.0
7,472,1414.5515770300735
7,473,0.0
7,474,40.11081565369295
7,475,0.0
7,476,22.27906079137938
7,477,0.0
7,478,26.843314910260233
7,479,0.0
7,480,0.0
7,481,40.02724114080502
7,482,1635.9648949602743
7,483,0.0
7,484,0.0
7,485,170.87781769978756
7,486,221.72929562966874
7,487,0.0
7,488,0.0
7,489,0.0
7,490,1424.1775870407218
7,491,0.0
7,492,0.0
7,493,0.0
7,494,0.0
7,495,0.0
7,496,0.0
7,497,0.0
7,498,0.0
7,499,0.0
7,500,0.0
7,501,0.0
7,502,0.0
7,503,0.0
7,504,0.0
7,505,43.83767652105416
7,506,45.312330787845895
7,507,36.44079864361356
7,508,30.466296029282603
7,509,0.0
7,510,0.0
7,511,0.0
8,0,0.0
8,1,0.0
8,2,0.0
8,3,0.0
8,4,0.0
8,5,0.0
8,6,0.0
8,7,2074.9395181798463
8,8,0.0
8,9,0.0
8,10,0.0
8,11,0.0
8,12,0.0
8,13,1424.1775870407218
8,14,19.45217761497952
8,15,0.0
8,16,0.0
8,17,1778.2856697024508
8,18,0.0
8,19,0.0
8,20,0.0
8,21,0.0
8,22,0.0
8,23,0.0
8,24,0.0
8,25,0.0
8,26,0.0
8,27,1424.0406329278958
8,28,0.0
8,29,0.0
8,30,0.0
8,31,0.0
8,32,0.0
8,33,0.0
8,34,0.0
8,35,0.0
8,36,0.0
8,37,0.0
8,38,0.0
8,39,0.0
8,40,0.0
8,41,0.0
8,42,0.0
8,43,0.0
8,44,0.0
8,45,0.0
8,46,0.0
8,47,0.0
8,48,0.0
8,49,0.0
8,50,0.0
8,51,0.0
8,52,0.0
8,53,0.0
8,54,0.0
8,55,0.0
8,56,0.0
8,57,0.0
8,58,0.0
8,59,0.0
8,60,0.0
8,61,0.0
8,62,0.0
8,63,0.0
8,64,0.0
8,65,2074.9395181798463
8,66,0.0
8,67,0.0
8,68,0.0
8,69,0.0
8,70,0.0
8,71,0.0
8,72,0.0
8,73,0.0
8,74,0.0
8,75,0.0
8,76,44.3927987665038
8,77,0.0
8,78,0.0
8,79,0.0
8,80,0.0
8,81,0.0
8,82,0.0
8,83,0.0
8,84,0.0
8,85,0.0
8,86,0.0
8,87,0.0
8,88,0.0
8,89,0.0
8,90,0.0
8,91,258.87354042665265
8,92,0.0
8,93,0.0
8,94,0.0
8,95,0.0
8,96,42.540075266357235
8,97,0.0
8,98,56.36742957208662
8,99,0.0
8,100,0.0
8,101,0.0
8,102,0.0
8,103,30.466296029282603
8,104,0.0
8,105,0.0
8,106,0.0
8,107,0.0
8,108,30.309979842963912
8,109,0.0
8,110,0.0
8,111,0.0
8,112,0.0
8,113,0.0
8,114,0.0
8,115,0.0
8,116,0.0
8,117,0.0
8,118,0.0
8,119,2074.9395181798463
8,120,0.0
8,121,45.30133392375865
8,122,0.0
8,123,0.0
8,124,30.41765948153079
8,125,0.0
8,126,0.0
8,127,1447.7641884796758
8,128,0.0
8,129,0.0
8,130,0.0
8,131,0.0
8,132,0.0
8,133,0.0
8,134,0.0
8,135,0.0
8,136,0.0
8,137,0.0
8,138,2074.9395181798463
8,139,0.0
8,140,0.0
8,141,0.0
8,142,0.0
8,143,0.0
8,144,0.0
8,145,0.0
8,146,0.0
8,147,70.29455950570537
8,148,0.0
8,149,0.0
8,150,0.0
8,151,0.0
8,152,0.0
8,153,0.0
8,154,30.385713461779233
8,155,1778.3630435240302
8,156,0.0
8,157,68.93029606106847
8,158,0.0
8,159,0.0
8,160,0.0
8,161,0.0
8,162,0.0
8,163,0.0
8,164,0.0
8,165,0.0
8,166,1778.2856697024508
8,167,53.65964319091472
8,168,0.0
8,169,0.0
8,170,30.466296029282603
8,171,0.0
8,172,0.0
8,173,30.385571887438346
8,174,0.0
8,175,1778.2856697024508
8,176,0.0
8,177,0.0
8,178,0.0
8,179,0.0
8,180,0.0
8,181,0.0
8,182,0.0
8,183,0.0
8,184,38.13083417728376
8,185,0.0
8,186,0.0
8,187,0.0
8,188,0.0
8,189,0.0
8,190,0.0
8,191,0.0
8,192,46.152252444574515
8,193,0.0
8,194,34.74530198120374
8,195,0.0
8,196,0.0
8,197,19.45217761497952
8,198,0.0
8,199,30.326786675586845
8,200,0.0
8,201,0.0
8,202,0.0
8,203,0.0
8,204,0.0
8,205,0.0
8,206,0.0
8,207,0.0
8,208,0.0
8,209,0.0
8,210,0.0
8,211,0.0
8,212,0.0
8,213,52.636472760563265
8,214,170.71999368009074
8,215,1778.2856697024508
8,216,35.9735350091687
8,217,0.0
8,218,0.0
8,219,0.0
8,220,0.0
8,221,0.0
8,222,0.0
8,223,0.0
8,224,0.0
8,225,44.38505105484728
8,226,0.0
8,227,30.385713461779233
8,228,0.0
8,229,0.0
8,230,0.0
8,231,0.0
8,232,37.09379059264211
8,233,0.0
8,234,0.0
8,235,0.0
8,236,0.0
8,237,0.0
8,238,150.46465665723917
8,239,0.0
8,240,0.0
8,241,0.0
8,242,455.5428181557518
8,243,0.0
8,244,0.0
8,245,0.0
8,246,0.0
8,247,68.93029606106847
8,248,0.0
8,249,0.0
8,250,0.0
8,251,2074.9395181798463
8,252,0.0
8,253,0.0
8,254,0.0
8,255,0.0
8,256,45.509537155034195
8,257,0.0
8,258,64.3655498850776
8,259,0.0
8,260,0.0
8,261,0.0
8,262,0.0
8,263,0.0
8,264,0.0
8,265,0.0
8,266,0.0
8,267,0.0
8,268,0.0
8,269,0.0
8,270,0.0
8,271,0.0
8,272,0.0
8,273,0.0
8,274,0.0
8,275,0.0
8,276,0.0
8,277,0.0
8,278,0.0
8,279,0.0
8,280,0.0
8,281,0.0
8,282,0.0
8,283,0.0
8,284,0.0
8,285,0.0
8,286,0.0
8,287,30.404108097196513
8,288,1778.2856697024508
8,289,0.0
8,290,0.0
8,291,0.0
8,292,30.389275779106356
8,293,0.0
8,294,0.0
8,295,0.0
8,296,0.0
8,297,0.0
8,298,0.0
8,299,0.0
8,300,30.404108097196513
8,301,0.0
8,302,0.0
8,303,0.0
8,304,0.0
8,305,26.873580901858077
8,306,0.0
8,307,0.0
8,308,0.0
8,309,0.0
8,310,0.0
8,311,0.0
8,312,0.0
8,313,0.0
8,314,30.362718253224557
8,315,30.47967676326516
8,316,0.0
8,317,0.0
8,318,0.0
8,319,0.0
8,320,0.0
8,321,0.0
8,322,0.0
8,323,0.0
8,324,0.0
8,325,0.0
8,326,0.0
8,327,1414.6964345550114
8,328,0.0
8,329,0.0
8,330,0.0
8,331,0.0
8,332,0.0
8,333,0.0
8,334,0.0
8,335,0.0
8,336,0.0
8,337,0.0
8,338,0.0
8,339,19.45217761497952
8,340,42.39047474243489
8,341,0.0
8,342,0.0
8,343,0.0
8,344,0.0
8,345,0.0
8,346,0.0
8,347,30.47967676326516
8,348,0.0
8,349,0.0
8,350,0.0
8,351,0.0
8,352,0.0
8,353,58.23916362632281
8,354,0.0
8,355,0.0
8,356,0.0
8,357,0.0
8,358,0.0
8,359,0.0
8,360,0.0
8,361,0.0
8,362,0.0
8,363,0.0
8,364,0.0
8,365,2074.9395181798463
8,366,39.025325683440315
8,367,2074.9395181798463
8,368,43.78172161367456
8,369,0.0
8,370,0.0
8,371,0.0
8,372,0.0
8,373,0.0
8,374,0.0
8,375,0.0
8,376,0.0
8,377,37.87117754824703
8,378,0.0
8,379,0.0
8,380,1424.0406329278958
8,381,0.0
8,382,0.0
8,383,0.0
8,384,0.0
8,385,0.0
8,386,0.0
8,387,374.42830843968477
8,388,0.0
8,389,0.0
8,390,0.0
8,391,1424.0406329278958
8,392,0.0
8,393,0.0
8,394,0.0
8,395,0.0
8,396,0.0
8,397,0.0
8,398,0.0
8,399,0.0
8,400,0.0
8,401,0.0
8,402,0.0
8,403,0.0
8,404,38.807464263296424
8,405,30.389275779106356
8,406,0.0
8,407,1414.5515770300735
8,408,0.0
8,409,0.0
8,410,0.0
8,411,0.0
8,412,0.0
8,413,0.0
8,414,0.0
8,415,0.0
8,416,0.0
8,417,0.0
8,418,30.309979842963912
8,419,0.0
8,420,0.0
8,421,30.47967676326516
8,422,0.0
8,423,0.0
8,424,0.0
8,425,0.0
8,426,0.0
8,427,0.0
8,428,0.0
8,429,0.0
8,430,0.0
8,431,0.0
8,432,0.0
8,433,0.0
8,434,0.0
8,435,0.0
8,436,75.10710428474431
8,437,0.0
8,438,0.0
8,439,0.0
8,440,174.0040167463385
8,441,1414.5515770300735
8,442,0.0
8,443,1424.0406329278958
8,444,0.0
8,445,0.0
8,446,0.0
8,447,0.0
8,448,0.0
8,449,1414.5515770300735
8,450,30.389275779106356
8,451,0.0
8,452,0.0
8,453,0.0
8,454,0.0
8,455,0.0
8,456,0.0
8,457,0.0
8,458,0.0
8,459,0.0
8,460,0.0
8,461,0.0
8,462,0.0
8,463,43.092768279972915
8,464,0.0
8,465,0.0
8,466,0.0
8,467,0.0
8,468,1414.5515770300735
8,469,1414.5515770300735
8,470,0.0
8,471,0.0
8,472,22.27906079137938
8,473,0.0
8,474,0.0
8,475,30.466296029282603
8,476,0.0
8,477,1069.518004782065
8,478,0.0
8,479,0.0
8,480,0.0
8,481,0.0
8,482,0.0
8,483,49.96710635222371
8,484,27.04628023785517
8,485,0.0
8,486,170.87781769978756
8,487,0.0
8,488,0.0
8,489,0.0
8,490,0.0
8,491,0.0
8,492,0.0
8,493,0.0
8,494,0.0
8,495,0.0
8,496,0.0
8,497,0.0
8,498,0.0
8,499,0.0
8,500,2074.9395181798463
8,501,0.0
8,502,0.0
8,503,0.0
8,504,0.0
8,505,0.0
8,506,0.0
8,507,0.0
8,508,1414.5515770300735
8,509,27.04628023785517
8,510,0.0
8,511,0.0
9,0,0.0
9,1,0.0
9,2,0.0
9,3,0.0
9,4,0.0
9,5,0.0
9,6,39.53136272504162
9,7,0.0
9,8,0.0
9,9,0.0
9,10,0.0
9,11,0.0
9,12,0.0
9,13,0.0
9,14,0.0
9,15,1778.2856697024508
9,16,0.0
9,17,0.0
9,18,0.0
9,19,0.0
9,20,0.0
9,21,1778.2856697024508
9,22,0.0
9,23,0.0
9,24,0.0
9,25,30.466296029282603
9,26,0.0
9,27,0.0
9,28,0.0
9,29,0.0
9,30,0.0
9,31,0.0
9,32,30.47967676326516
9,33,0.0
9,34,0.0
9,35,0.0
9,36,39.66180818127941
9,37,0.0
9,38,0.0
9,39,0.0
9,40,0.0
9,41,0.0
9,42,0.0
9,43,0.0
9,44,0.0
9,45,0.0
9,46,0.0
9,47,0.0
9,48,0.0
9,49,0.0
9,50,0.0
9,51,0.0
9,52,0.0
9,53,30.3908982469693
9,54,0.0
9,55,0.0
9,56,0.0
9,57,0.0
9,58,598.621840173163
9,59,0.0
9,60,0.0
9,61,0.0
9,62,0.0
9,63,0.0
9,64,27.04628023785517
9,65,0.0
9,66,0.0
9,67,0.0
9,68,0.0
9,69,0.0
9,70,0.0
9,71,0.0
9,72,22.27906079137938
9,73,30.402242392898188
9,74,0.0
9,75,0.0
9,76,0.0
9,77,0.0
9,78,0.0
9,79,1424.045007527202
9,80,0.0
9,81,0.0
9,82,30.466296029282603
9,83,0.0
9,84,0.0
9,85,150.46465665723917
9,86,0.0
9,87,0.0
9,88,30.385571887438346
9,89,0.0
9,90,0.0
9,91,-7637.598198231873
9,92,0.0
9,93,0.0
9,94,0.0
9,95,0.0
9,96,0.0
9,97,0.0
9,98,0.0
9,99,0.0
9,100,0.0
9,101,0.0
9,102,0.0
9,103,0.0
9,104,0.0
9,105,0.0
9,106,0.0
9,107,0.0
9,108,0.0
9,109,0.0
9,110,0.0
9,111,0.0
9,112,174.0040167463385
9,113,0.0
9,114,53.62560333734109
9,115,0.0
9,116,0.0
9,117,0.0
9,118,150.46465665723917
9,119,0.0
9,120,0.0
9,121,0.0
9,122,0.0
9,123,0.0
9,124,0.0
9,125,0.0
9,126,106.96458981312935
9,127,0.0
9,128,0.0
9,129,44.439851272479245
9,130,0.0
9,131,0.0
9,132,1778.2856697024508
9,133,0.0
9,134,0.0
9,135,0.0
9,136,0.0
9,137,30.3908982469693
9,138,0.0
9,139,0.0
9,140,1414.5515770300735
9,141,0.0
9,142,0.0
9,143,0.0
9,144,0.0
9,145,0.0
9,146,53.62560333734109
9,147,2074.9395181798463
9,148,0.0
9,149,0.0
9,150,0.0
9,151,30.466296029282603
9,152,0.0
9,153,0.0
9,154,0.0
9,155,133.81984461213779
9,156,0.0
9,157,0.0
9,158,0.0
9,159,45.88205684179138
9,160,30.466296029282603
9,161,0.0
9,162,0.0
9,163,0.0
9,164,0.0
9,165,0.0
9,166,0.0
9,167,0.0
9,168,0.0
9,169,0.0
9,170,30.40363952649932
9,171,0.0
9,172,0.0
9,173,0.0
9,174,0.0
9,175,0.0
9,176,0.0
9,177,0.0
9,178,0.0
9,179,0.0
9,180,30.47967676326516
9,181,0.0
9,182,0.0
9,183,30.47967676326516
9,184,0.0
9,185,49.49255842671573
9,186,0.0
9,187,0.0
9,188,533.9344324902768
9,189,0.0
9,190,0.0
9,191,0.0
9,192,0.0
9,193,0.0
9,194,0.0
9,195,0.0
9,196,0.0
9,197,0.0
9,198,0.0
9,199,0.0
9,200,0.0
9,201,0.0
9,202,0.0
9,203,0.0
9,204,0.0
9,205,0.0
9,206,0.0
9,207,0.0
9,208,0.0
9,209,0.0
9,210,0.0
9,211,0.0
9,212,1414.686177923726
9,213,0.0
9,214,0.0
9,215,0.0
9,216,0.0
9,217,0.0
9,218,0.0
9,219,0.0
9,220,0.0
9,221,0.0
9,222,0.0
9,223,0.0
9,224,0.0
9,225,0.0
9,226,30.404108097196513
9,227,0.0
9,228,0.0
9,229,0.0
9,230,0.0
9,231,0.0
9,232,0.0
9,233,0.0
9,234,2074.9395181798463
9,235,0.0
9,236,0.0
9,237,0.0
9,238,0.0
9,239,0.0
9,240,0.0
9,241,0.0
9,242,0.0
9,243,0.0
9,244,0.0
9,245,0.0
9,246,0.0
9,247,0.0
9,248,0.0
9,249,0.0
9,250,0.0
9,251,0.0
9,252,0.0
9,253,0.0
9,254,0.0
9,255,0.0
9,256,0.0
9,257,0.0
9,258,0.0
9,259,1414.5515770300735
9,260,0.0
9,261,30.466296029282603
9,262,0.0
9,263,0.0
9,264,53.62560333734109
9,265,0.0
9,266,0.0
9,267,0.0
9,268,0.0
9,269,0.0
9,270,0.0
9,271,0.0
9,272,0.0
9,273,0.0
9,274,0.0
9,275,0.0
9,276,0.0
9,277,0.0
9,278,0.0
9,279,1414.5515770300735
9,280,0.0
9,281,0.0
9,282,0.0
9,283,0.0
9,284,0.0
9,285,150.46465665723917
9,286,2075.0162600186704
9,287,0.0
9,288,0.0
9,289,0.0
9,290,0.0
9,291,0.0
9,292,0.0
9,293,30.466296029282603
9,294,0.0
9,295,0.0
9,296,0.0
9,297,0.0
9,298,0.0
9,299,0.0
9,300,0.0
9,301,171.8093621856333
9,302,0.0
9,303,0.0
9,304,0.0
9,305,0.0
9,306,0.0
9,307,0.0
9,308,0.0
9,309,0.0
9,310,0.0
9,311,0.0
9,312,0.0
9,313,0.0
9,314,0.0
9,315,0.0
9,316,0.0
9,317,0.0
9,318,0.0
9,319,30.404108097196513
9,320,0.0
9,321,41.48157854724104
9,322,0.0
9,323,0.0
9,324,1414.686177923726
9,325,0.0
9,326,44.46248217389257
9,327,0.0
9,328,0.0
9,329,0.0
9,330,0.0
9,331,1424.045007527202
9,332,0.0
9,333,0.0
9,334,0.0
9,335,0.0
9,336,0.0
9,337,0.0
9,338,0.0
9,339,0.0
9,340,0.0
9,341,0.0
9,342,0.0
9,343,0.0
9,344,0.0
9,345,0.0
9,346,0.0
9,347,1414.686177923726
9,348,0.0
9,349,0.0
9,350,0.0
9,351,0.0
9,352,0.0
9,353,0.0
9,354,0.0
9,355,0.0
9,356,44.11844322433262
9,357,30.404108097196513
9,358,0.0
9,359,0.0
9,360,30.404108097196513
9,361,0.0
9,362,0.0
9,363,0.0
9,364,0.0
9,365,0.0
9,366,0.0
9,367,0.0
9,368,0.0
9,369,0.0
9,370,0.0
9,371,0.0
9,372,0.0
9,373,0.0
9,374,0.0
9,375,0.0
9,376,0.0
9,377,0.0
9,378,398.84748694218433
9,379,0.0
9,380,0.0
9,381,351.34300001471274
9,382,30.326786675586845
9,383,0.0
9,384,0.0
9,385,0.0
9,386,0.0
9,387,24.405359655601387
9,388,0.0
9,389,0.0
9,390,0.0
9,391,0.0
9,392,0.0
9,393,30.326786675586845
9,394,0.0
9,395,0.0
9,396,0.0
9,397,0.0
9,398,0.0
9,399,0.0
9,400,0.0
9,401,0.0
9,402,0.0
9,403,2074.9395181798463
9,404,0.0
9,405,0.0
9,406,0.0
9,407,0.0
9,408,0.0
9,409,0.0
9,410,0.0
9,411,0.0
9,412,0.0
9,413,0.0
9,414,30.326786675586845
9,415,0.0
9,416,0.0
9,417,0.0
9,418,0.0
9,419,0.0
9,420,0.0
9,421,0.0
9,422,0.0
9,423,0.0
9,424,0.0
9,425,27.04628023785517
9,426,230.1724399362347
9,427,0.0
9,428,24.405359655601387
9,429,0.0
9,430,0.0
9,431,31.207892949528286
9,432,0.0
9,433,0.0
9,434,0.0
9,435,0.0
9,436,0.0
9,437,0.0
9,438,0.0
9,439,0.0
9,440,0.0
9,441,0.0
9,442,0.0
9,443,0.0
9,444,30.37634314110437
9,445,0.0
9,446,11739.475214562794
9,447,0.0
9,448,0.0
9,449,0.0
9,450,0.0
9,451,0.0
9,452,0.0
9,453,0.0
9,454,0.0
9,455,0.0
9,456,0.0
9,457,0.0
9,458,0.0
9,459,0.0
9,460,0.0
9,461,0.0
9,462,0.0
9,463,0.0
9,464,0.0
9,465,0.0
9,466,1414.5515770300735
9,467,0.0
9,468,0.0
9,469,0.0
9,470,0.0
9,471,0.0
9,472,0.0
9,473,30.466296029282603
9,474,0.0
9,475,0.0
9,476,0.0
9,477,0.0
9,478,0.0
9,479,0.0
9,480,0.0
9,481,0.0
9,482,0.0
9,483,0.0
9,484,0.0
9,485,0.0
9,486,0.0
9,487,0.0
9,488,0.0
9,489,0.0
9,490,0.0
9,491,79.15384191319754
9,492,0.0
9,493,0.0
9,494,0.0
9,495,0.0
9,496,0.0
9,497,0.0
9,498,0.0
9,499,0.0
9,500,0.0
9,501,0.0
9,502,174.0040167463385
9,503,0.0
9,504,0.0
9,505,0.0
9,506,0.0
9,507,184.18661278701074
9,508,0.0
9,509,0.0
9,510,0.0
9,511,0.0
