generation, individual, diff_after_backprop
0,0,149.60382655595458
0,1,5650.218067522903
0,2,2434.585405684398
0,3,0.0
0,4,1773.657969621192
0,5,30.052693459556394
0,6,0.0
0,7,0.0
0,8,22.58228512947244
0,9,0.0
0,10,0.0
0,11,0.0
0,12,15885.239049748865
0,13,0.0
0,14,946.8097260880022
0,15,0.0
0,16,11.2337584650586
0,17,1568.1329877706048
0,18,0.0
0,19,0.0
0,20,0.0
0,21,10725.24170321213
0,22,2586.920746904437
0,23,0.0
0,24,0.0
0,25,21289.864748466935
0,26,0.0
0,27,0.0
0,28,1568.1069881918047
0,29,0.0
0,30,0.0
0,31,0.0
0,32,0.0
0,33,0.0
0,34,886.14698740717
0,35,0.0
0,36,0.0
0,37,0.0
0,38,0.0
0,39,0.0
0,40,0.12606577424230636
0,41,0.0
0,42,0.0
0,43,0.0
0,44,7965.093622519122
0,45,0.0
0,46,0.0
0,47,0.0
0,48,0.0
0,49,0.0
0,50,1698.8452986738557
0,51,1799.9360882952205
0,52,0.0
0,53,0.0
0,54,0.0
0,55,19.346232906897058
0,56,824.9748792750615
0,57,1469.0941560580532
0,58,0.0
0,59,0.0
0,60,0.0
0,61,0.0
0,62,0.0
0,63,1618.8934028323492
0,64,0.0
0,65,0.0
0,66,0.0
0,67,0.0
0,68,0.0
0,69,1843.7033225542982
0,70,0.0
0,71,0.0
0,72,0.0
0,73,0.0
0,74,0.0
0,75,0.0
0,76,7149.8256770684275
0,77,51.21304399552173
0,78,3444.908225558187
0,79,0.0
0,80,0.0
0,81,0.0
0,82,0.0
0,83,0.0
0,84,0.0
0,85,1734.419418825295
0,86,0.0
0,87,0.0
0,88,0.0
0,89,0.0
0,90,0.0
0,91,0.0
0,92,0.0
0,93,0.0
0,94,0.0
0,95,0.0
0,96,153.66549574417877
0,97,0.0
0,98,1569.783937230186
0,99,0.0
0,100,31834.867779369226
0,101,1618.7677843749407
0,102,0.0
0,103,0.0
0,104,0.0
0,105,0.0
0,106,0.0
0,107,49.674247910268605
0,108,0.0
0,109,0.0
0,110,0.0
0,111,0.0
0,112,357.45931270490473
0,113,18.112085434355322
0,114,0.0
0,115,0.0
0,116,0.0
0,117,3443.9002039060106
0,118,0.0
0,119,19932.365238378097
0,120,1569.8411128964144
0,121,0.0
0,122,34.84813802023473
0,123,0.0
0,124,0.0
0,125,0.0
0,126,0.0
0,127,0.0
0,128,22343.32312543378
0,129,0.0
0,130,19487.893225829004
0,131,0.0
0,132,0.0
0,133,31.7918863820596
0,134,0.0
0,135,0.0
0,136,0.0
0,137,9192.71267496531
0,138,12879.629661012408
0,139,1769.914033689638
0,140,0.0
0,141,0.0
0,142,0.0
0,143,0.0
0,144,0.0
0,145,0.0
0,146,0.0
0,147,0.0
0,148,1605.8080716870681
0,149,0.0
0,150,0.0
0,151,20325.233734119556
0,152,0.0
0,153,1725.9666872925773
0,154,0.0
0,155,0.0
0,156,0.0
0,157,1726.0340018950556
0,158,0.0
0,159,0.0
0,160,0.0
0,161,15885.050138157258
0,162,0.0
0,163,0.0
0,164,0.0
0,165,2.2284832007908335
0,166,1618.823898715982
0,167,0.0
0,168,0.0
0,169,0.0
0,170,0.0
0,171,0.0
0,172,0.0
0,173,0.0
0,174,0.0
0,175,0.0
0,176,2791.8313446128595
0,177,0.0
0,178,9167.445708676332
0,179,0.0
0,180,0.0
0,181,0.0
0,182,1584.0041050345753
0,183,0.0
0,184,0.0
0,185,19.9662781884781
0,186,0.0
0,187,33.36044358221079
0,188,0.0
0,189,0.0
0,190,796.0112375865792
0,191,0.0
0,192,0.0
0,193,0.0
0,194,1457.5989349522279
0,195,0.0
0,196,0.0
0,197,0.0
0,198,31.7918863820596
0,199,2045.9611806094472
0,200,0.0
0,201,1754.7764194252486
0,202,0.0
0,203,0.0
0,204,0.0
0,205,0.0
0,206,3528.6529339226363
0,207,1753.8731034097618
0,208,0.0
0,209,0.0
0,210,20.2343767188504
0,211,0.0
0,212,0.0
0,213,0.0
0,214,0.0
0,215,0.0
0,216,0.0
0,217,157.5534422783603
0,218,0.0
0,219,1026.2695906436966
0,220,0.0
0,221,0.0
0,222,0.0
0,223,0.0
0,224,0.0
0,225,0.0
0,226,28.706617608770102
0,227,9281.313008759429
0,228,0.0
0,229,0.0
0,230,1618.7352922903701
0,231,4335.242874278312
0,232,0.0
0,233,0.0
0,234,0.0
0,235,11105.629821380193
0,236,0.0
0,237,0.0
0,238,1450.8050950040179
0,239,0.0
0,240,0.0
0,241,0.0
0,242,0.0
0,243,0.0
0,244,1653.092673064868
0,245,16622.72007430848
0,246,0.0
0,247,1688.0293127168115
0,248,16240.791516056375
0,249,925.7895725936614
0,250,1568.0655977778042
0,251,0.0
0,252,0.0
0,253,0.0
0,254,0.0
0,255,0.0
0,256,0.0
0,257,0.0
0,258,0.0
0,259,0.0
0,260,1583.947934964457
0,261,1663.843279622135
0,262,1567.955063723104
0,263,1618.7820690613007
0,264,0.0
0,265,0.0
0,266,0.0
0,267,2721.53328443387
0,268,0.0
0,269,310.8059468582924
0,270,9460.446469761311
0,271,0.0
0,272,0.0
0,273,2.412498565909118
0,274,0.0
0,275,18.779403106073005
0,276,0.0
0,277,1306.9832780119577
0,278,0.0
0,279,0.0
0,280,0.0
0,281,0.0
0,282,0.0
0,283,16.538130060809635
0,284,18979.575582321264
0,285,0.0
0,286,0.0
0,287,0.0
0,288,0.0
0,289,0.0
0,290,0.0
0,291,0.0
0,292,0.0
0,293,0.0
0,294,7827.405533332054
0,295,18.112085434355322
0,296,0.0
0,297,19864.691176193886
0,298,1419.316115916754
0,299,0.0
0,300,9499.741640696418
0,301,0.0
0,302,0.0
0,303,1594.91745260674
0,304,0.0
0,305,0.0
0,306,20.624178477377427
0,307,0.0
0,308,0.0
0,309,1457.7965706654977
0,310,42114.207312855724
0,311,0.0
0,312,0.0
0,313,7539.995809755961
0,314,17862.41684202954
0,315,0.0
0,316,0.0
0,317,0.0
0,318,0.0
0,319,0.0
0,320,13318.472510144366
0,321,0.0
0,322,0.0
0,323,0.0
0,324,0.0
0,325,0.0
0,326,0.0
0,327,1569.7772482238834
0,328,0.0
0,329,0.0
0,330,35.542388133823806
0,331,0.0
0,332,0.0
0,333,0.0
0,334,20171.036235495158
0,335,0.0
0,336,0.0
0,337,0.0
0,338,0.0
0,339,0.0
0,340,0.0
0,341,0.0
0,342,0.0
0,343,20949.619553192064
0,344,0.0
0,345,1.9438718087294546
0,346,0.0
0,347,0.0
0,348,0.0
0,349,7.977919257413305
0,350,0.0
0,351,0.0
0,352,1618.7607135925937
0,353,0.0
0,354,0.0
0,355,7583.926752564215
0,356,0.0
0,357,0.0
0,358,0.0
0,359,1567.977098893105
0,360,0.0
0,361,1459.4075964686908
0,362,0.0
0,363,0.0
0,364,3516.1309639220453
0,365,6403.848491877145
0,366,0.0
0,367,0.0
0,368,1595.0028786193689
0,369,10528.752326638238
0,370,0.0
0,371,20002.047117235175
0,372,0.0
0,373,0.0
0,374,1674.597007965931
0,375,26970.97676538493
0,376,11112.940861255753
0,377,1799.3897988244098
0,378,0.0
0,379,7368.05787947763
0,380,0.0
0,381,0.0
0,382,0.0
0,383,0.0
0,384,147.41406757796358
0,385,0.0
0,386,0.0
0,387,0.0
0,388,0.0
0,389,0.0
0,390,26.47708423790391
0,391,0.0
0,392,0.0
0,393,0.0
0,394,0.0
0,395,0.0
0,396,0.0
0,397,0.0
0,398,0.0
0,399,0.0
0,400,0.0
0,401,0.0
0,402,0.0
0,403,0.0
0,404,0.0
0,405,1728.741742086495
0,406,0.0
0,407,824.9748792750615
0,408,0.0
0,409,0.0
0,410,0.0
0,411,0.0
0,412,0.0
0,413,10531.262013342839
0,414,2405.491281271192
0,415,0.0
0,416,0.0
0,417,0.0
0,418,0.0
0,419,21.509287020922784
0,420,0.0
0,421,0.0
0,422,0.0
0,423,0.0
0,424,1568.0473907487067
0,425,0.0
0,426,1567.8894295643586
0,427,0.0
0,428,0.0
0,429,1618.8162470128227
0,430,15972.746546485288
0,431,0.0
0,432,0.0
0,433,196.88298599332848
0,434,0.0
0,435,0.0
0,436,0.0
0,437,0.0
0,438,0.0
0,439,0.0
0,440,0.0
0,441,0.0
0,442,0.0
0,443,21879.82346145808
0,444,0.0
0,445,0.0
0,446,1770.5412100445865
0,447,0.0
0,448,20.450011346350948
0,449,0.0
0,450,0.0
0,451,0.0
0,452,0.0
0,453,0.0
0,454,0.0
0,455,16251.534186214336
0,456,0.0
0,457,0.0
0,458,0.0
0,459,1569.8499460296152
0,460,0.0
0,461,7662.562259104194
0,462,0.0
0,463,1698.8922996781985
0,464,0.0
0,465,0.0
0,466,0.0
0,467,0.0
0,468,0.0
0,469,0.0
0,470,0.0
0,471,0.0
0,472,0.0
0,473,0.0
0,474,0.0
0,475,0.0
0,476,0.0
0,477,0.0
0,478,11907.764003376733
0,479,0.0
0,480,0.0
0,481,1450.6881614667218
0,482,0.0
0,483,0.0
0,484,20364.563251895797
0,485,20529.16782397032
0,486,8950.417792113956
0,487,1420.7424867437985
0,488,105.29473995541048
0,489,16622.706556539713
0,490,25.475287796232806
0,491,0.0
0,492,1993.2721421518472
0,493,19820.861977079407
0,494,0.0
0,495,8979.873259599583
0,496,9167.445708676332
0,497,1569.8411128964144
0,498,0.0
0,499,0.0
0,500,0.0
0,501,0.0
0,502,0.0
0,503,1613.035056192628
0,504,0.0
0,505,0.0
0,506,0.0
0,507,1618.6878713250226
0,508,1569.8477834688092
0,509,0.0
0,510,9064.376370827435
0,511,0.0
1,0,0.0
1,1,0.0
1,2,1618.859126145704
1,3,1417.06848713231
1,4,0.0
1,5,0.0
1,6,0.0
1,7,35.308802276260394
1,8,1514.5626609379397
1,9,253.99350807644078
1,10,2076.773898337826
1,11,1416.3102734192653
1,12,0.0
1,13,36.051057806540484
1,14,0.0
1,15,1087.6805354187527
1,16,0.0
1,17,0.0
1,18,0.0
1,19,1594.91745260674
1,20,1310.002948045003
1,21,0.0
1,22,1994.5081030618094
1,23,0.0
1,24,0.0
1,25,0.0
1,26,2076.773898337826
1,27,0.0
1,28,0.0
1,29,0.0
1,30,25746.817285086003
1,31,65.3809096063751
1,32,13534.168887620262
1,33,0.0
1,34,4627.552338710968
1,35,1620.449828718738
1,36,1323.2069974256046
1,37,1453.1140323913032
1,38,0.0
1,39,0.0
1,40,12805.65122369074
1,41,9706.158813565966
1,42,1714.6976232964334
1,43,0.0
1,44,3995.0678886490714
1,45,0.0
1,46,0.0
1,47,0.0
1,48,1637.0330434300377
1,49,1736.1914232926465
1,50,0.0
1,51,0.0
1,52,43.868202539668346
1,53,0.0
1,54,16.64665619868174
1,55,16195.301306566704
1,56,3494.4254362916536
1,57,0.0
1,58,20488.973212838948
1,59,60.26167404233365
1,60,6.679344688353012
1,61,0.0
1,62,0.0
1,63,10.564590130882607
1,64,2673.8820782208168
1,65,0.0
1,66,1608.327343893976
1,67,12323.052508672834
1,68,0.0
1,69,0.0
1,70,3.545020782262327
1,71,1618.7588525571846
1,72,0.0
1,73,1447.2704030217901
1,74,0.0
1,75,1692.7309726870335
1,76,20.017162020739306
1,77,0.0
1,78,21371.25378774125
1,79,33.42526108391485
1,80,0.0
1,81,1688.0340113056918
1,82,0.0
1,83,2.441816004483371
1,84,0.0
1,85,1418.5801384388433
1,86,11262.73097997124
1,87,0.0
1,88,0.0
1,89,0.0
1,90,35.28303443637651
1,91,0.0
1,92,0.0
1,93,0.0
1,94,19.07219958558835
1,95,0.0
1,96,0.0
1,97,0.0
1,98,2072.4615757272877
1,99,29.04074437287636
1,100,1466.468976458491
1,101,0.0
1,102,0.0
1,103,17.647560431785678
1,104,38.70549866776855
1,105,0.0
1,106,0.0
1,107,0.0
1,108,7.063934628533389
1,109,13230.6092674823
1,110,13209.105861763772
1,111,0.0
1,112,1567.951342828641
1,113,0.0
1,114,0.0
1,115,0.0
1,116,4.4042703203604106
1,117,0.0
1,118,3662.194964927061
1,119,0.0
1,120,0.0
1,121,11.708713471964074
1,122,0.0
1,123,0.0
1,124,0.0
1,125,8951.05575365373
1,126,0.0
1,127,0.0
1,128,1640.1356926764747
1,129,0.0
1,130,0.0
1,131,0.0
1,132,0.0
1,133,20151.041097261634
1,134,0.0
1,135,0.0
1,136,13218.830865591746
1,137,0.0
1,138,0.0
1,139,0.0
1,140,0.0
1,141,0.0
1,142,1466.8279571407802
1,143,0.0
1,144,13.141115251287374
1,145,1311.308569484645
1,146,9.166641100468041
1,147,0.0
1,148,0.0
1,149,0.0
1,150,0.0
1,151,18.489298179722027
1,152,0.0
1,153,2071.1841604567308
1,154,0.0
1,155,0.0
1,156,12838.49537334827
1,157,1754.5426962644233
1,158,19184.244017177385
1,159,12.262851690093157
1,160,0.0
1,161,0.0
1,162,0.0
1,163,2333.527269786937
1,164,25.217075446435956
1,165,0.0
1,166,4751.137989543875
1,167,0.0
1,168,60.316862542742456
1,169,13.343218914251338
1,170,0.0
1,171,0.0
1,172,0.0
1,173,0.0
1,174,18089.648720382454
1,175,0.0
1,176,0.0
1,177,0.0
1,178,0.0
1,179,0.0
1,180,1495.449813906831
1,181,0.0
1,182,0.0
1,183,293.4486088793383
1,184,0.0
1,185,17056.86927979732
1,186,410.0365373418135
1,187,2686.8580860001566
1,188,11.681764842621305
1,189,0.0
1,190,0.0
1,191,9.218660207096036
1,192,0.0
1,193,0.0
1,194,44438.085044317224
1,195,0.0
1,196,0.0
1,197,0.0
1,198,1420.7424867437985
1,199,11.827605743464119
1,200,0.0
1,201,0.0
1,202,0.0
1,203,0.0
1,204,0.0
1,205,0.0
1,206,4925.899332511468
1,207,0.0
1,208,369.1122319477154
1,209,21.05243370803055
1,210,0.0
1,211,20523.986340582996
1,212,0.0
1,213,0.0
1,214,2.427621829623604
1,215,90426.59406872763
1,216,7660.316866106325
1,217,37.29923917349879
1,218,1419.015595584773
1,219,0.0
1,220,98.16882901932695
1,221,0.0
1,222,0.0
1,223,0.0
1,224,0.0
1,225,2839.985241457918
1,226,1608.6801909634887
1,227,11.771146140910787
1,228,0.0
1,229,0.0
1,230,1781.4356666669955
1,231,0.0
1,232,0.0
1,233,3393.6540689301655
1,234,0.0
1,235,0.0
1,236,0.0
1,237,1448.777110314084
1,238,0.0
1,239,67217.16087553398
1,240,0.0
1,241,0.0
1,242,0.0
1,243,0.0
1,244,11.330220850119076
1,245,18.45052355041571
1,246,28.817972309360812
1,247,0.0
1,248,0.0
1,249,0.0
1,250,1728.1952108133773
1,251,0.0
1,252,0.0
1,253,0.0
1,254,20.464171378174797
1,255,0.0
1,256,0.0
1,257,0.0
1,258,0.0
1,259,0.0
1,260,0.0
1,261,1608.6951401842089
1,262,0.0
1,263,0.0
1,264,29.836272396971253
1,265,0.6243690836099631
1,266,10915.755215573736
1,267,0.0
1,268,19875.060461453897
1,269,0.0
1,270,2311.547174195938
1,271,28.788556033162422
1,272,21157.39299620934
1,273,41.36092874442147
1,274,19.322526495592683
1,275,0.0
1,276,3498.965623960441
1,277,0.0
1,278,17.64332087326511
1,279,0.0
1,280,0.0
1,281,17252.55513947997
1,282,17262.172643208596
1,283,7.0212758520438
1,284,0.0
1,285,49.2993753805049
1,286,0.0
1,287,0.0
1,288,1593.4154172477865
1,289,34.24285045881061
1,290,0.0
1,291,11.827605743464119
1,292,1311.308569484645
1,293,0.0
1,294,2071.806857545369
1,295,0.0
1,296,0.0
1,297,1633.5813897851767
1,298,1568.0466613509016
1,299,29.04074437287636
1,300,28.323626056529065
1,301,0.0
1,302,1535.6760339095963
1,303,5360.9814873496925
1,304,1416.6369315073716
1,305,0.0
1,306,0.0
1,307,11264.922968672417
1,308,0.0
1,309,478.58298086004106
1,310,0.0
1,311,0.0
1,312,0.0
1,313,0.0
1,314,25.21703605916082
1,315,1494.2047266224472
1,316,0.0
1,317,16186.116843933518
1,318,26.680754368286216
1,319,20.11944462219708
1,320,0.0
1,321,0.08441728025354678
1,322,0.0
1,323,0.0
1,324,17947.603072574817
1,325,0.0
1,326,0.0
1,327,0.0
1,328,44.787553189443315
1,329,0.0
1,330,126823.78743884673
1,331,29.04074437287636
1,332,1415.5088856039838
1,333,36.36513078383177
1,334,0.0
1,335,25.475287796232806
1,336,1530.9411911961724
1,337,0.0
1,338,0.0
1,339,0.0
1,340,1622.6154779486315
1,341,1447.1223988906859
1,342,1311.308569484645
1,343,0.0
1,344,1449.0724163265186
1,345,0.0
1,346,1457.1770605110578
1,347,5696.74559577724
1,348,9136.310025611732
1,349,0.0
1,350,2071.1563261489646
1,351,0.0
1,352,1309.9471985639539
1,353,0.0
1,354,516.1694797016416
1,355,475.6927693658108
1,356,1420.790134230545
1,357,0.0
1,358,0.0
1,359,879.66337622621
1,360,2686.8580860001566
1,361,0.0
1,362,1568.045348190586
1,363,0.0
1,364,15669.96240659505
1,365,0.0
1,366,0.0
1,367,0.0
1,368,25.21703605916082
1,369,0.0
1,370,18135.79531138046
1,371,1532.8420766070085
1,372,2668.6069699299624
1,373,16.41204618388565
1,374,0.0
1,375,19878.492940635413
1,376,1688.0352170348342
1,377,0.0
1,378,28.698776397407528
1,379,0.0
1,380,1419.323848655029
1,381,0.0
1,382,0.0
1,383,76.98682777567228
1,384,0.0
1,385,10.564590130882607
1,386,13.026387366055133
1,387,14.672898004195304
1,388,0.0
1,389,0.0
1,390,0.0
1,391,1671.3290692410883
1,392,0.0
1,393,0.0
1,394,83.82830166013082
1,395,0.0
1,396,0.0
1,397,0.0
1,398,0.0
1,399,0.0
1,400,0.0
1,401,0.0
1,402,22547.563144348733
1,403,357.45931270490473
1,404,0.0
1,405,18.06868908517845
1,406,1448.8581005282867
1,407,0.0
1,408,0.0
1,409,0.0
1,410,0.0
1,411,15749.933393107525
1,412,6406.102722772498
1,413,0.0
1,414,19.26655467031378
1,415,166264.37199318816
1,416,0.0
1,417,10213.172316110818
1,418,1568.008738417131
1,419,0.0
1,420,0.0
1,421,0.0
1,422,0.0
1,423,0.0
1,424,19.655219967065023
1,425,0.0
1,426,0.043035207700086175
1,427,0.0
1,428,0.07824519188034174
1,429,0.0
1,430,0.0
1,431,1310.002948045003
1,432,1634.2065780455414
1,433,0.0
1,434,0.0
1,435,0.0
1,436,3149.95004440724
1,437,0.0
1,438,0.0
1,439,0.0
1,440,0.0
1,441,1567.8608653030387
1,442,0.0
1,443,1418.5801384388433
1,444,0.0
1,445,3054.588646945089
1,446,16239.128594547483
1,447,0.0
1,448,129.3890178964648
1,449,19221.474772148384
1,450,0.0
1,451,0.0
1,452,1671.1093607631956
1,453,3641.197214251629
1,454,1699.5394384432839
1,455,32.91329332207533
1,456,0.0
1,457,0.0
1,458,0.0
1,459,19833.36528824532
1,460,30.22990574812593
1,461,1311.308569484645
1,462,9.534873069842433
1,463,365.7000542346577
1,464,0.0
1,465,1447.3588228824701
1,466,1450.8852708495533
1,467,18.504483576107305
1,468,73169.40817064779
1,469,118.47530252374781
1,470,1605.729163425287
1,471,0.0
1,472,0.0
1,473,0.0
1,474,28.817972309360812
1,475,0.0
1,476,1345.5029395420752
1,477,0.0
1,478,0.0
1,479,0.0
1,480,0.0
1,481,0.0
1,482,0.0
1,483,0.0
1,484,0.0
1,485,0.0
1,486,9425.39040171405
1,487,0.0
1,488,901.3710149585331
1,489,0.0
1,490,0.0
1,491,0.0
1,492,25.685298720121864
1,493,13224.717643882323
1,494,0.0
1,495,0.0
1,496,0.0
1,497,26.08261941971341
1,498,0.0
1,499,0.0
1,500,13.247529907051103
1,501,0.0
1,502,0.0
1,503,0.0
1,504,1420.4986193185796
1,505,7357.995118871517
1,506,0.0
1,507,27.085112498426497
1,508,0.0
1,509,0.0
1,510,0.0
1,511,0.0
2,0,36.176941334138064
2,1,37.25390719691768
2,2,0.0
2,3,0.0
2,4,0.0
2,5,0.0
2,6,0.0
2,7,10.987609855968913
2,8,0.0
2,9,14.899360887567127
2,10,0.0
2,11,0.0
2,12,28.283154479683617
2,13,0.0
2,14,0.0
2,15,14420.910180017829
2,16,0.0
2,17,0.0
2,18,38.96806235231179
2,19,0.0
2,20,706.3386052802498
2,21,25.21703605916082
2,22,99.4553740901656
2,23,0.0
2,24,48.332181574082824
2,25,0.0
2,26,4.652614656960395
2,27,10.626479429593928
2,28,7.466116709668313
2,29,0.0
2,30,19.506439517239414
2,31,0.0
2,32,40.29205955610087
2,33,49.31207137131696
2,34,2071.724912635873
2,35,40.29205955610087
2,36,2.5224634750866244
2,37,1671.2137046705175
2,38,0.0
2,39,0.0
2,40,0.0
2,41,21.047093374121687
2,42,0.0
2,43,0.0
2,44,0.0
2,45,1744.7310197461875
2,46,1495.0598182357317
2,47,31.961648112347575
2,48,0.0
2,49,2077.615514762074
2,50,1629.0322967479915
2,51,1417.5940398229977
2,52,0.0
2,53,660.1174197821765
2,54,53.16622430555071
2,55,14.899360887567127
2,56,1420.7424867437985
2,57,27.425572153659232
2,58,0.0
2,59,0.0
2,60,1532.6168804455228
2,61,25.854866459088953
2,62,0.0
2,63,30.11307270874022
2,64,0.0
2,65,1547.4858486177473
2,66,0.0
2,67,26.06329139826539
2,68,144.4198816320377
2,69,0.9914464243438488
2,70,19.2019785926268
2,71,36.116233759229544
2,72,92.33348730587477
2,73,25.954344867040163
2,74,27.358417885090603
2,75,11.69799595634322
2,76,36.981584934653256
2,77,0.0
2,78,35.9495908752524
2,79,0.0
2,80,0.0
2,81,28.650474801442215
2,82,29.350961213442133
2,83,27.191677792835435
2,84,1605.4278564328088
2,85,29.836272396971253
2,86,40.29205955610087
2,87,4.281052847173669
2,88,29.888015676348004
2,89,0.0
2,90,34.789940873777596
2,91,2069.384084297828
2,92,0.0
2,93,0.0
2,94,0.0
2,95,0.0
2,96,20.050145074398642
2,97,4.387566164023156
2,98,0.0
2,99,1390.3472184454295
2,100,55.004796808636456
2,101,1629.2250876026555
2,102,0.0
2,103,35.9160645934262
2,104,0.0
2,105,0.0
2,106,17.488545724703727
2,107,25.114393629413826
2,108,8.479967741316614
2,109,0.0
2,110,36.176941334138064
2,111,44.16968121994796
2,112,0.0
2,113,0.0
2,114,18991.997463877866
2,115,0.0
2,116,996.3955662026801
2,117,6056.21497601937
2,118,0.0
2,119,0.0
2,120,0.0
2,121,0.0
2,122,0.0
2,123,0.0
2,124,262.0133848672922
2,125,28.793382754913182
2,126,0.0
2,127,0.0
2,128,1671.418852611885
2,129,15336.002434089794
2,130,2077.615514762074
2,131,0.0
2,132,0.0
2,133,0.0
2,134,0.0
2,135,29.335524232412354
2,136,18.80961624284646
2,137,20.377522437950574
2,138,1.9194906252259898
2,139,17.488545724703727
2,140,20154.91931677865
2,141,26.04803562908637
2,142,85.66631946709003
2,143,7597.088518651224
2,144,0.0
2,145,20507.70038867817
2,146,0.0
2,147,0.0
2,148,2022.645030729931
2,149,1417.5350220900618
2,150,0.0
2,151,0.0
2,152,11507.218493478918
2,153,20.967764551335677
2,154,18.48352344055911
2,155,0.0
2,156,31.7918863820596
2,157,4.404643211360053
2,158,21.285139335564054
2,159,29.04182598514035
2,160,0.0
2,161,1671.3040483171171
2,162,0.0
2,163,0.0
2,164,0.0
2,165,0.0
2,166,2921.415364271037
2,167,0.0
2,168,37.11288765367408
2,169,0.0
2,170,0.0
2,171,0.0
2,172,0.0
2,173,2667.4847414853502
2,174,70.85150490157866
2,175,350.5355983846848
2,176,0.0
2,177,0.0
2,178,0.0
2,179,0.0
2,180,15.915357736985243
2,181,25.336908366097305
2,182,37.3057373869442
2,183,0.0
2,184,0.0
2,185,16.851502567319585
2,186,0.0
2,187,3806.9313529598185
2,188,36.854377517084686
2,189,1416.530938295382
2,190,1647.4967700217303
2,191,29.335524232412354
2,192,0.0
2,193,11.236422655733804
2,194,0.0
2,195,0.0
2,196,10.68583576484616
2,197,21.035875539855624
2,198,11.123381079164574
2,199,0.0
2,200,26.98914039912779
2,201,20.919221067859326
2,202,1744.7595224308998
2,203,12.991464355771313
2,204,0.0
2,205,10.520595041011802
2,206,0.0
2,207,28.78497137676277
2,208,0.0
2,209,1605.3612855945175
2,210,61496.04121844056
2,211,0.0
2,212,4.398934914522215
2,213,25.897107186097855
2,214,0.0
2,215,35617.16959042784
2,216,20506.48182274006
2,217,0.0
2,218,492.0509504474503
2,219,0.0
2,220,0.0
2,221,1605.9093581488924
2,222,11.644940817585848
2,223,69.9305595691576
2,224,25.21703605916082
2,225,0.0
2,226,0.0
2,227,0.0
2,228,20517.735634910918
2,229,2.251237564483745
2,230,25.79258299436333
2,231,0.0
2,232,0.0
2,233,0.0
2,234,28.793382754913182
2,235,0.0
2,236,11.152133167805005
2,237,2668.6069699299624
2,238,0.0
2,239,79.5200367181933
2,240,35.695202000803874
2,241,35.63249129434644
2,242,0.0
2,243,42.7400629959202
2,244,0.0
2,245,9.166641100468041
2,246,53413.417329736025
2,247,8110.830471542289
2,248,0.0
2,249,36.98355185453147
2,250,0.0
2,251,0.0
2,252,0.0
2,253,13.211796349417455
2,254,0.0
2,255,0.0
2,256,35.71634723545594
2,257,0.0
2,258,0.0
2,259,0.0
2,260,1532.538114135834
2,261,2078.382557010107
2,262,32.01108176742309
2,263,889.1542115380907
2,264,26.88395806751032
2,265,35.80300651676134
2,266,1532.70725304609
2,267,0.0
2,268,1756.5839417546122
2,269,0.0
2,270,0.0
2,271,1620.4479907387722
2,272,30.23074528332654
2,273,0.0
2,274,0.0
2,275,68.59263753940104
2,276,0.0
2,277,18.855628532372066
2,278,36.36513078383177
2,279,0.0
2,280,0.0
2,281,177.06763828323164
2,282,37.334490075692884
2,283,0.0
2,284,39.61848637836647
2,285,31.7918863820596
2,286,0.0
2,287,36.73296617633241
2,288,0.0
2,289,308.48823721212557
2,290,134.83207720074824
2,291,25.688840863426776
2,292,0.0
2,293,67081.22909691505
2,294,18.468143301263808
2,295,0.0
2,296,81820.73201480352
2,297,28.66680674358031
2,298,0.0
2,299,10.558030627843436
2,300,34.16186967307567
2,301,40.29205955610087
2,302,144.66940618922035
2,303,27.191677792835435
2,304,0.0
2,305,289.7502737392333
2,306,21.97463723839701
2,307,35.06990516476344
2,308,0.0
2,309,36.49386268071976
2,310,1532.9024922722929
2,311,1417.5940398229977
2,312,20.669998420195043
2,313,0.0
2,314,0.0
2,315,0.0
2,316,0.0
2,317,17.15985696476855
2,318,0.0
2,319,0.0
2,320,36.69588369464964
2,321,0.0
2,322,1532.6266739391576
2,323,0.0
2,324,0.0
2,325,29.040663005692295
2,326,0.0
2,327,49.90415828488585
2,328,0.0
2,329,53627.00834504704
2,330,35.80300651676134
2,331,0.0
2,332,30.22990574812593
2,333,10.897402925259485
2,334,14.479246948120817
2,335,0.0
2,336,29.89210144482513
2,337,58.30123955414638
2,338,75.99674613502975
2,339,82.6690607854016
2,340,0.0
2,341,1.9438718087294546
2,342,20105.130839466183
2,343,0.0
2,344,36.54511169220041
2,345,0.9914464243438488
2,346,28.66582791232031
2,347,30.916132382933938
2,348,16.851502567319585
2,349,22577.473465719486
2,350,1602.3391977178362
2,351,0.0
2,352,0.0
2,353,35.85626935736855
2,354,0.0
2,355,29.836272396971253
2,356,0.0
2,357,9.225977186440105
2,358,4.418120031155922
2,359,44.31661457288192
2,360,0.0
2,361,36.53720324479582
2,362,0.0
2,363,0.0
2,364,13.224806662707124
2,365,0.0
2,366,9914.824975972377
2,367,0.0
2,368,655.7512542355798
2,369,9.849044019124449
2,370,0.0
2,371,28.7483612622309
2,372,121.0262819038362
2,373,0.0
2,374,0.0
2,375,26.212834443798783
2,376,0.0
2,377,0.0
2,378,495.2971186139521
2,379,40.29205955610087
2,380,13.396042120023594
2,381,11.671709957295207
2,382,41.81226356514708
2,383,27.085112498426497
2,384,19.269632394270957
2,385,0.0
2,386,3.702023584456583
2,387,35.9160645934262
2,388,0.0
2,389,0.0
2,390,0.0
2,391,0.0
2,392,0.0
2,393,0.0
2,394,29.20833819319523
2,395,0.0
2,396,24.891097153034025
2,397,0.0
2,398,36.840182498107424
2,399,0.0
2,400,1628.8302525024883
2,401,0.0
2,402,0.0
2,403,0.0
2,404,0.0
2,405,0.0
2,406,25.21703605916082
2,407,0.0
2,408,18.69377361905663
2,409,1533.1057903274377
2,410,0.0
2,411,0.0
2,412,36.54865045431325
2,413,0.0
2,414,29.090499958279906
2,415,60.22373693199279
2,416,1602.1879208889877
2,417,1415.5088856039838
2,418,0.0
2,419,15.742869487028656
2,420,0.0
2,421,0.0
2,422,0.0
2,423,0.0
2,424,0.0
2,425,1605.4616074413643
2,426,0.0
2,427,1358.4917241322437
2,428,65.99680934813932
2,429,24.2145116701804
2,430,0.0
2,431,28.622977731096398
2,432,0.0
2,433,21.13019588095176
2,434,29.836272396971253
2,435,35.80300651676134
2,436,36.73296617633241
2,437,0.0
2,438,0.0
2,439,10876.3401253421
2,440,0.0
2,441,0.0
2,442,0.0
2,443,25.594297258033293
2,444,21204.770721818386
2,445,0.0
2,446,0.0
2,447,0.0
2,448,13.184269889730786
2,449,0.0
2,450,0.0
2,451,0.0
2,452,0.0
2,453,41.16409889321494
2,454,31.93991869726051
2,455,0.0
2,456,62673.08513540968
2,457,17.486085112729597
2,458,0.0
2,459,0.0
2,460,0.0
2,461,0.0
2,462,0.0
2,463,0.0
2,464,27.191677792835435
2,465,0.0
2,466,40.29205955610087
2,467,0.0
2,468,0.0
2,469,1601.3989023282702
2,470,0.0
2,471,26.81269258078737
2,472,17.52855787086446
2,473,1931.9677967525931
2,474,0.0
2,475,117.43575507556943
2,476,29.55507972687883
2,477,0.0
2,478,19.204745948964955
2,479,0.0
2,480,0.0
2,481,20.82643718829695
2,482,0.0
2,483,123.42001646531662
2,484,21.583600906365973
2,485,0.0
2,486,0.0
2,487,20.496110024804693
2,488,0.0
2,489,36.48592895260663
2,490,1420.790134230545
2,491,0.0
2,492,0.0
2,493,0.0
2,494,21.18959181223181
2,495,9.140796271396539
2,496,33.080802645248696
2,497,36.54511169220041
2,498,25.23838794615949
2,499,213.81644421737565
2,500,0.0
2,501,282.1917706375634
2,502,29.04074437287636
2,503,789.3858502963631
2,504,19.322823950968086
2,505,0.0
2,506,21.113816131492968
2,507,21.13019588095176
2,508,0.0
2,509,0.0
2,510,30.390933741069603
2,511,0.0
3,0,2090.917124128595
3,1,0.0
3,2,37.91222100219056
3,3,0.0
3,4,30.068007675482477
3,5,2069.25945773047
3,6,1671.289958431822
3,7,1419.2092245231324
3,8,20.685741832106032
3,9,34.12766303845456
3,10,30.830513683440586
3,11,37.37502482227501
3,12,1425.9728452467607
3,13,33.074695967998196
3,14,19.757210040285827
3,15,0.0
3,16,20812.748837762563
3,17,0.0
3,18,18.69377361905663
3,19,0.0
3,20,36.20512909741228
3,21,0.0
3,22,2208.3336492022936
3,23,0.0
3,24,19.757210040285827
3,25,0.0
3,26,0.0
3,27,0.0
3,28,69.7319571954049
3,29,1418.0489012295548
3,30,40.29205955610087
3,31,19.846302870061663
3,32,19.322526495592683
3,33,24.341997907594305
3,34,0.0
3,35,29.68146515769058
3,36,1671.2599377666775
3,37,1419.7313653730962
3,38,0.0
3,39,19.706916869299675
3,40,0.0
3,41,0.0
3,42,0.0
3,43,45.942264207109474
3,44,20.339474608245837
3,45,0.0
3,46,13.349398929844938
3,47,37.38838176077752
3,48,0.0
3,49,26.235758945796988
3,50,40.29205955610087
3,51,37.25390719691768
3,52,1533.2458831126714
3,53,0.0
3,54,0.0
3,55,0.0
3,56,36.96067353902981
3,57,0.0
3,58,25.551828245265824
3,59,14.54373257390489
3,60,0.0
3,61,0.0
3,62,56056.621598661324
3,63,17.754028239285617
3,64,0.0
3,65,98.87219464459668
3,66,36.836895635360634
3,67,0.0
3,68,37.09882340929016
3,69,0.0
3,70,0.0
3,71,20.339474608245837
3,72,37.25390719691768
3,73,0.0
3,74,1532.9181553754315
3,75,65.42037230245478
3,76,0.0
3,77,0.0
3,78,36.797608264137125
3,79,25.854866459088953
3,80,22.21399163465867
3,81,165.43104655433854
3,82,2078.382557010107
3,83,242.25799890732924
3,84,34.40019250779187
3,85,0.0
3,86,21.38796550817733
3,87,0.0
3,88,0.0
3,89,29.218245925530027
3,90,37.25390719691768
3,91,0.0
3,92,0.0
3,93,2069.25945773047
3,94,0.0
3,95,1532.6489160198398
3,96,18095.20518320379
3,97,0.0
3,98,0.0
3,99,60251.02193009111
3,100,1521.8683382672962
3,101,0.0
3,102,0.0
3,103,1425.9728452467607
3,104,33.31650393221844
3,105,36.37589754808141
3,106,1533.2060587824599
3,107,34.12766303845456
3,108,0.0
3,109,0.0
3,110,40.29205955610087
3,111,0.0
3,112,30.077785666573618
3,113,0.0
3,114,0.0
3,115,0.0
3,116,34.12766303845456
3,117,29.750060379905335
3,118,30.60196619090857
3,119,1418.04658705795
3,120,0.0
3,121,30.363303772306608
3,122,0.0
3,123,0.0
3,124,29.41199817627239
3,125,6424.147189744808
3,126,874.720328249412
3,127,0.0
3,128,0.0
3,129,0.0
3,130,16797.08376997828
3,131,40.29205955610087
3,132,0.0
3,133,29.090499958279906
3,134,58.991197275459854
3,135,0.0
3,136,11263.54625229515
3,137,2063.284385306986
3,138,0.0
3,139,36.076334281041454
3,140,21.38796550817733
3,141,0.0
3,142,36.98959220166398
3,143,95.46213604142395
3,144,0.0
3,145,2075.522673142481
3,146,0.0
3,147,26.88027314822648
3,148,30.22990574812593
3,149,12.331184169039261
3,150,0.0
3,151,29.030071707224124
3,152,0.0
3,153,1638.0265073366318
3,154,34.12766303845456
3,155,0.0
3,156,0.0
3,157,0.0
3,158,0.0
3,159,912.0866686840136
3,160,0.0
3,161,0.0
3,162,0.0
3,163,0.0
3,164,0.0
3,165,34.12766303845456
3,166,1532.986232085088
3,167,0.0
3,168,19.757210040285827
3,169,0.0
3,170,1602.580340382432
3,171,2074.671286720826
3,172,0.0
3,173,0.0
3,174,0.0
3,175,37.25390719691768
3,176,2034.7558136281732
3,177,0.0
3,178,0.0
3,179,33.066207778757416
3,180,0.0
3,181,0.0
3,182,0.0
3,183,0.0
3,184,366.98392365711516
3,185,0.0
3,186,0.0
3,187,159.7990066224893
3,188,38.085323470552794
3,189,0.0
3,190,1425.9728452467607
3,191,1533.0787556838332
3,192,0.0
3,193,0.0
3,194,0.0
3,195,29.335524232412354
3,196,30.32004690756912
3,197,19.450678155631067
3,198,1428.3013354307732
3,199,1425.9728452467607
3,200,34.50673632369762
3,201,28.80963551390232
3,202,0.0
3,203,20810.323025586942
3,204,37.11576845422951
3,205,13.993335154868873
3,206,20.224911785277072
3,207,51.595231830092416
3,208,40.29205955610087
3,209,0.0
3,210,0.0
3,211,0.0
3,212,1719.1958515419929
3,213,0.0
3,214,0.0
3,215,0.0
3,216,0.0
3,217,1517.8831871517905
3,218,12.331184169039261
3,219,0.0
3,220,0.0
3,221,0.0
3,222,0.0
3,223,0.0
3,224,0.0
3,225,0.0
3,226,30.22990574812593
3,227,1532.976564549579
3,228,2077.615514762074
3,229,0.0
3,230,0.0
3,231,0.0
3,232,0.0
3,233,48.42769833227703
3,234,2279.0897610531247
3,235,2074.671286720826
3,236,30.298056402226393
3,237,0.0
3,238,0.0
3,239,0.0
3,240,0.0
3,241,1671.6401329219225
3,242,25.376549782146867
3,243,21.242192457503734
3,244,0.0
3,245,53.90392361636532
3,246,36.116233759229544
3,247,0.0
3,248,33.074695967998196
3,249,19.450678155631067
3,250,0.0
3,251,0.0
3,252,0.0
3,253,37.792077922419594
3,254,29.717284176469548
3,255,0.0
3,256,25.50707885789052
3,257,0.0
3,258,0.0
3,259,0.0
3,260,37.25390719691768
3,261,0.0
3,262,0.0
3,263,83706.07361776393
3,264,0.0
3,265,86789.64772705367
3,266,0.0
3,267,0.0
3,268,0.0
3,269,37.38838176077752
3,270,25.78625145775186
3,271,0.0
3,272,21.873876939336697
3,273,20.469920190509583
3,274,0.0
3,275,0.0
3,276,25.742482642806863
3,277,37.04173315400931
3,278,0.0
3,279,0.0
3,280,37.586569896718174
3,281,1671.4834502188387
3,282,0.0
3,283,13.69094245883025
3,284,1592.4938003665957
3,285,0.0
3,286,30.386832569124635
3,287,0.0
3,288,0.0
3,289,1358.4917241322437
3,290,0.0
3,291,20108.564507102332
3,292,25.21703605916082
3,293,0.0
3,294,1671.267765890767
3,295,0.0
3,296,0.0
3,297,0.0
3,298,0.0
3,299,0.0
3,300,0.0
3,301,26.038266021059826
3,302,21.242192457503734
3,303,2074.670702104384
3,304,20108.564507102332
3,305,34.28812254817058
3,306,0.0
3,307,0.0
3,308,0.0
3,309,8922.032068839217
3,310,0.0
3,311,0.0
3,312,37.67568335976648
3,313,0.0
3,314,35.80300651676134
3,315,0.0
3,316,19.450678155631067
3,317,37.24724196946772
3,318,0.0
3,319,1602.0734926359473
3,320,0.0
3,321,29.47201924969886
3,322,92.66516597075952
3,323,0.0
3,324,30.067819540080563
3,325,53.9404065084309
3,326,75.39973910139724
3,327,0.0
3,328,33.31650393221844
3,329,0.0
3,330,0.0
3,331,0.0
3,332,0.0
3,333,0.0
3,334,22.95012656813651
3,335,0.0
3,336,0.0
3,337,10161.439089045569
3,338,1532.669445624986
3,339,33.074695967998196
3,340,316.1106271841636
3,341,20.49015818031603
3,342,29.78054615399651
3,343,641.0102923802315
3,344,0.0
3,345,29.891472862834235
3,346,1775.528659934269
3,347,0.0
3,348,29.13517796519227
3,349,19.450678155631067
3,350,30.22990574812593
3,351,48.332181574082824
3,352,0.0
3,353,10.542224097401231
3,354,0.0
3,355,4405.854776369153
3,356,95.36207275472407
3,357,0.0
3,358,0.0
3,359,19.757210040285827
3,360,27.358417885090603
3,361,37.14063410071776
3,362,36.54511169220041
3,363,47.78873728682811
3,364,37.278820423227444
3,365,28.793382754913182
3,366,0.0
3,367,20.444075437023457
3,368,13.754266308483238
3,369,0.0
3,370,0.0
3,371,0.0
3,372,7740.226137998132
3,373,0.0
3,374,1420.7287972447848
3,375,28.95779943742764
3,376,30.635428974349452
3,377,14852.88230669079
3,378,0.0
3,379,37.25390719691768
3,380,0.0
3,381,0.0
3,382,0.0
3,383,37.18466205950881
3,384,0.0
3,385,1775.2702077425092
3,386,1533.1838800160403
3,387,0.0
3,388,0.0
3,389,27257.378725384307
3,390,4509.044016550754
3,391,2057.633005597887
3,392,1775.2702077425092
3,393,29.20833819319523
3,394,0.0
3,395,0.0
3,396,37.25390719691768
3,397,0.0
3,398,38.020712185542834
3,399,2069.25945773047
3,400,0.0
3,401,0.0
3,402,0.0
3,403,0.0
3,404,1532.726252538123
3,405,37.25390719691768
3,406,1421.6914819287813
3,407,41.36092874442147
3,408,40.29205955610087
3,409,0.0
3,410,0.0
3,411,0.0
3,412,0.0
3,413,1418.0481314213212
3,414,0.0
3,415,1671.668985426979
3,416,1421.9519929925518
3,417,0.0
3,418,33.074695967998196
3,419,0.0
3,420,25.37598499188607
3,421,0.0
3,422,20128.36340937982
3,423,0.0
3,424,0.0
3,425,57.42262410818512
3,426,0.0
3,427,2066.7675770046917
3,428,1629.652918287571
3,429,0.0
3,430,788.1172222922632
3,431,0.0
3,432,0.0
3,433,117.8230811744761
3,434,0.0
3,435,33.074695967998196
3,436,20.662090079035806
3,437,0.0
3,438,345.5233459784831
3,439,1670.7344520694933
3,440,0.0
3,441,0.0
3,442,0.0
3,443,20102.79720378225
3,444,0.0
3,445,37.368558661083625
3,446,29.86801465085955
3,447,1420.4986193185796
3,448,0.0
3,449,0.0
3,450,18311.011593976313
3,451,60.853159367900844
3,452,17.96542717153079
3,453,1532.4376786674184
3,454,0.0
3,455,30.165862747753636
3,456,0.0
3,457,0.0
3,458,1371.9816511255858
3,459,0.0
3,460,1045.736684315134
3,461,32.664473928581174
3,462,8922.032068839217
3,463,0.0
3,464,24.517319052171842
3,465,27.38902622626847
3,466,37.14063410071776
3,467,0.0
3,468,26.22557743048492
3,469,1424.0576889653566
3,470,7432.680391621845
3,471,0.0
3,472,34.12766303845456
3,473,36.076334281041454
3,474,0.0
3,475,339.6608358156791
3,476,0.0
3,477,0.0
3,478,28.02801255632403
3,479,22546.3239737274
3,480,34.12766303845456
3,481,0.0
3,482,37.61261041286707
3,483,0.0
3,484,18.763325872180758
3,485,0.0
3,486,29.13517796519227
3,487,27.193740540586077
3,488,0.0
3,489,0.0
3,490,0.0
3,491,0.0
3,492,36.37589754808141
3,493,0.0
3,494,0.0
3,495,29.633279950880024
3,496,0.0
3,497,0.0
3,498,43.87605672410973
3,499,0.0
3,500,28.793382754913182
3,501,88169.31692939604
3,502,0.0
3,503,0.0
3,504,2066.747643726656
3,505,39.93466626397003
3,506,0.0
3,507,2063.284385306986
3,508,28.731359157392035
3,509,0.0
3,510,0.0
3,511,33.011908608837075
4,0,2063.284385306986
4,1,0.0
4,2,37.25390719691768
4,3,0.0
4,4,29.01543248485268
4,5,81.48676246968353
4,6,12.259851846811216
4,7,0.0
4,8,29.04182598514035
4,9,27.358417885090603
4,10,26.886924019080652
4,11,0.0
4,12,0.0
4,13,1415.1430549794168
4,14,36.38369191580114
4,15,0.0
4,16,23.79210244688511
4,17,1417.05298890029
4,18,0.0
4,19,0.0
4,20,0.0
4,21,0.0
4,22,90.85072459064122
4,23,0.0
4,24,0.0
4,25,37.74018075702679
4,26,0.0
4,27,34.12766303845456
4,28,0.0
4,29,0.0
4,30,32.40831902197533
4,31,0.0
4,32,0.0
4,33,33.066207778757416
4,34,0.0
4,35,13995.803548518175
4,36,1417.05298890029
4,37,32.27641171078176
4,38,0.0
4,39,0.0
4,40,0.0
4,41,264.66152286434954
4,42,0.0
4,43,0.0
4,44,0.0
4,45,0.0
4,46,0.0
4,47,1533.2458831126714
4,48,0.0
4,49,0.0
4,50,0.0
4,51,32.40831902197533
4,52,0.0
4,53,808.7842647150492
4,54,37.8959356214682
4,55,12.325795652700435
4,56,0.0
4,57,47.14478130166299
4,58,0.0
4,59,47.196455683260865
4,60,0.0
4,61,0.0
4,62,39.92643209265407
4,63,0.0
4,64,37.89666476047114
4,65,32.4008040668532
4,66,0.0
4,67,0.0
4,68,0.0
4,69,0.0
4,70,51.319849348768
4,71,33.066207778757416
4,72,37.25390719691768
4,73,0.0
4,74,1425.881508481525
4,75,0.0
4,76,2069.25945773047
4,77,14.348339723222125
4,78,0.0
4,79,0.0
4,80,0.0
4,81,0.0
4,82,0.0
4,83,0.0
4,84,0.0
4,85,0.0
4,86,2060.902527260161
4,87,0.0
4,88,1421.3676458286427
4,89,38.65037957311779
4,90,11526.28607610258
4,91,0.0
4,92,0.0
4,93,0.0
4,94,0.0
4,95,33.066207778757416
4,96,0.0
4,97,0.0
4,98,0.0
4,99,33.475390587784204
4,100,0.0
4,101,0.0
4,102,0.0
4,103,30.572678824517425
4,104,33.475390587784204
4,105,0.0
4,106,0.0
4,107,34.13605754983564
4,108,47.28560164348437
4,109,0.0
4,110,26.575965577916577
4,111,33.074695967998196
4,112,0.0
4,113,34.12766303845456
4,114,0.0
4,115,0.0
4,116,48.567039033161564
4,117,34.787773684475724
4,118,33.475390587784204
4,119,29.469524784754867
4,120,0.0
4,121,34.13605754983564
4,122,37.25390719691768
4,123,0.0
4,124,47.14478130166299
4,125,0.0
4,126,0.0
4,127,0.0
4,128,0.0
4,129,19633.75053796154
4,130,36.38369191580114
4,131,0.0
4,132,0.0
4,133,0.0
4,134,49.34337419591884
4,135,32.3929698839429
4,136,44.7176581691956
4,137,0.0
4,138,0.0
4,139,32.27641171078176
4,140,39.92643209265407
4,141,0.0
4,142,32.4008040668532
4,143,33.31650393221844
4,144,0.0
4,145,460.3040482207607
4,146,42.31073596076021
4,147,36.38369191580114
4,148,148.97874380804933
4,149,11526.28607610258
4,150,0.0
4,151,0.0
4,152,54.033170020292346
4,153,33.475390587784204
4,154,0.0
4,155,0.0
4,156,11526.28607610258
4,157,37.923350681651755
4,158,0.0
4,159,0.0
4,160,32.3929698839429
4,161,0.0
4,162,1533.1177958909102
4,163,36.38369191580114
4,164,26.77407878368649
4,165,43.860245977635714
4,166,0.0
4,167,0.0
4,168,29.6338510368696
4,169,2071.9670894214687
4,170,0.0
4,171,0.0
4,172,37.923350681651755
4,173,0.0
4,174,0.0
4,175,0.0
4,176,0.0
4,177,36.37352786037991
4,178,0.0
4,179,37.202302175446675
4,180,0.0
4,181,0.0
4,182,8922.032068839217
4,183,0.0
4,184,32.40831902197533
4,185,1419.1274024504964
4,186,0.0
4,187,48.37225562844105
4,188,37.508351368638614
4,189,33.074695967998196
4,190,0.0
4,191,0.0
4,192,0.0
4,193,45.44809426206393
4,194,0.0
4,195,0.0
4,196,34.12766303845456
4,197,25.339288928380483
4,198,37.25390719691768
4,199,0.0
4,200,0.0
4,201,0.0
4,202,0.0
4,203,32.40831902197533
4,204,0.0
4,205,2066.7675770046917
4,206,23.66427070978898
4,207,36.38369191580114
4,208,34.12766303845456
4,209,0.0
4,210,0.0
4,211,0.0
4,212,2066.9474573885273
4,213,0.0
4,214,12.331184169039261
4,215,0.0
4,216,19.715484808650217
4,217,0.0
4,218,0.0
4,219,24.15785217836674
4,220,32.3929698839429
4,221,37.24724196946772
4,222,0.0
4,223,0.0
4,224,0.0
4,225,0.0
4,226,0.0
4,227,0.0
4,228,32.40831902197533
4,229,38.19988740701865
4,230,33.074695967998196
4,231,0.0
4,232,0.0
4,233,0.0
4,234,0.0
4,235,25.085949721661564
4,236,0.0
4,237,0.0
4,238,0.0
4,239,37.25390719691768
4,240,40.29205955610087
4,241,22621.13433761852
4,242,0.0
4,243,0.0
4,244,0.0
4,245,0.0
4,246,0.0
4,247,0.0
4,248,0.0
4,249,1671.2423353534068
4,250,0.0
4,251,0.0
4,252,0.0
4,253,0.0
4,254,49.31207137131696
4,255,0.0
4,256,0.0
4,257,0.0
4,258,0.0
4,259,1671.7167061136824
4,260,0.0
4,261,0.0
4,262,0.0
4,263,1421.6914819287813
4,264,0.0
4,265,40.29205955610087
4,266,30.671973681393865
4,267,18.79709106582959
4,268,0.0
4,269,0.0
4,270,34.509356582426335
4,271,34.12766303845456
4,272,0.0
4,273,0.0
4,274,0.0
4,275,0.0
4,276,0.0
4,277,36.20610736968956
4,278,0.0
4,279,0.0
4,280,1080.207303997191
4,281,37.31523227201251
4,282,0.0
4,283,0.0
4,284,0.0
4,285,826.3285315836447
4,286,0.0
4,287,259.4564771379846
4,288,0.0
4,289,0.0
4,290,34.12766303845456
4,291,0.0
4,292,0.0
4,293,36.818383847163204
4,294,0.0
4,295,11526.28607610258
4,296,20.638416529312963
4,297,34.12766303845456
4,298,34.12766303845456
4,299,812.0875033255988
4,300,0.0
4,301,0.0
4,302,0.0
4,303,0.0
4,304,0.0
4,305,36.82513383463083
4,306,0.0
4,307,0.0
4,308,0.0
4,309,45.612405386638784
4,310,28.896292507830367
4,311,0.0
4,312,0.0
4,313,0.0
4,314,24.840281762212726
4,315,0.0
4,316,0.0
4,317,36.37035798842771
4,318,0.0
4,319,0.0
4,320,0.0
4,321,0.0
4,322,37.25390719691768
4,323,1417.2014023708653
4,324,11526.28607610258
4,325,54.033170020292346
4,326,34.12766303845456
4,327,0.0
4,328,47.14478130166299
4,329,0.0
4,330,0.0
4,331,0.0
4,332,0.0
4,333,0.0
4,334,0.0
4,335,47.26195922065381
4,336,0.0
4,337,0.0
4,338,613.3095437105476
4,339,32.27641171078176
4,340,34.31474084446381
4,341,0.0
4,342,30.82626079455622
4,343,0.0
4,344,0.0
4,345,37.25390719691768
4,346,0.0
4,347,0.0
4,348,32.34197585463971
4,349,0.0
4,350,0.0
4,351,0.0
4,352,0.0
4,353,0.0
4,354,0.0
4,355,0.0
4,356,0.0
4,357,1425.9728452467607
4,358,0.0
4,359,0.0
4,360,126.48399165432693
4,361,13.954457175766947
4,362,0.0
4,363,0.0
4,364,34.12766303845456
4,365,38.76172300131202
4,366,29.58868195503146
4,367,38.117919428455025
4,368,37.88362769001105
4,369,33.074695967998196
4,370,1533.2745804569931
4,371,2066.7675770046917
4,372,48.37225562844105
4,373,65.85890972130346
4,374,0.0
4,375,36.37589754808141
4,376,0.0
4,377,0.0
4,378,12.149639781917358
4,379,0.0
4,380,33.475390587784204
4,381,0.0
4,382,25.817528326795582
4,383,37.25390719691768
4,384,0.0
4,385,34.12766303845456
4,386,0.0
4,387,0.0
4,388,0.0
4,389,1670.782209208366
4,390,0.0
4,391,0.0
4,392,0.0
4,393,33.074695967998196
4,394,23.539350751573693
4,395,20094.72721741222
4,396,36.20610736968956
4,397,0.0
4,398,0.0
4,399,0.0
4,400,0.0
4,401,37.25390719691768
4,402,14.023327745864663
4,403,37.25390719691768
4,404,0.0
4,405,0.0
4,406,0.0
4,407,36.38369191580114
4,408,0.0
4,409,33.475390587784204
4,410,47.60959260792333
4,411,0.0
4,412,32.27641171078176
4,413,0.0
4,414,0.0
4,415,48.46776205517108
4,416,34.12766303845456
4,417,0.0
4,418,0.0
4,419,0.0
4,420,0.0
4,421,0.0
4,422,0.0
4,423,2690.9361069203296
4,424,0.0
4,425,0.0
4,426,33.074695967998196
4,427,587.467670174764
4,428,0.0
4,429,0.0
4,430,0.0
4,431,0.0
4,432,49.31207137131696
4,433,0.0
4,434,0.0
4,435,0.0
4,436,34.12766303845456
4,437,158.00585649465302
4,438,34.12766303845456
4,439,40.29205955610087
4,440,19632.673054393646
4,441,29.307030257267797
4,442,0.0
4,443,49.31207137131696
4,444,30.829020292046152
4,445,40.29205955610087
4,446,39.92643209265407
4,447,25859.344760390228
4,448,0.0
4,449,0.0
4,450,0.0
4,451,34.12766303845456
4,452,0.0
4,453,0.0
4,454,2022.3493597831512
4,455,36.37589754808141
4,456,56.1916450368135
4,457,0.0
4,458,0.0
4,459,0.0
4,460,0.0
4,461,0.0
4,462,0.0
4,463,41.226725313270435
4,464,0.0
4,465,1425.881508481525
4,466,0.0
4,467,12.259851846811216
4,468,0.0
4,469,1419.6223551088478
4,470,0.0
4,471,33.074695967998196
4,472,36.38369191580114
4,473,0.0
4,474,0.0
4,475,37.25390719691768
4,476,45.35996159884871
4,477,0.0
4,478,36.387915111168695
4,479,0.0
4,480,24.052272370056016
4,481,0.0
4,482,0.0
4,483,0.0
4,484,38.69632103988897
4,485,0.0
4,486,1419.1274024504964
4,487,44.237100823961555
4,488,36.38369191580114
4,489,33.074695967998196
4,490,0.0
4,491,0.0
4,492,0.0
4,493,27.358417885090603
4,494,0.0
4,495,1671.4844655042252
4,496,1533.0879336948856
4,497,45.431435097368194
4,498,48.44625520095178
4,499,0.0
4,500,74.75088382984359
4,501,0.0
4,502,0.0
4,503,0.0
4,504,0.0
4,505,39.96643700506684
4,506,1533.2745804569931
4,507,2059.6132606368374
4,508,0.0
4,509,33.074695967998196
4,510,0.0
4,511,0.0
5,0,0.0
5,1,0.0
5,2,47.58047770563644
5,3,0.0
5,4,0.0
5,5,0.0
5,6,9.993321551826739
5,7,34.12766303845456
5,8,25.52533965380917
5,9,80.98763316927125
5,10,0.0
5,11,246.45882171756693
5,12,0.0
5,13,0.0
5,14,0.0
5,15,0.0
5,16,0.0
5,17,0.0
5,18,1417.1385592063925
5,19,31.781679682850154
5,20,0.0
5,21,161.04947081160844
5,22,0.0
5,23,0.0
5,24,0.0
5,25,0.0
5,26,0.0
5,27,0.0
5,28,0.0
5,29,36.38369191580114
5,30,0.0
5,31,48.51081370516113
5,32,0.0
5,33,0.0
5,34,0.0
5,35,0.0
5,36,36.513836851629094
5,37,0.0
5,38,45.197087928453584
5,39,0.0
5,40,0.0
5,41,0.0
5,42,0.0
5,43,0.0
5,44,0.0
5,45,1417.05298890029
5,46,0.0
5,47,180.0353617953815
5,48,0.0
5,49,0.0
5,50,0.0
5,51,39.92643209265407
5,52,0.0
5,53,259.4777382655302
5,54,0.0
5,55,0.0
5,56,0.0
5,57,173.30152148591696
5,58,27.588750870361764
5,59,11526.28607610258
5,60,0.0
5,61,48.450764384135255
5,62,41.71985777089594
5,63,0.0
5,64,0.0
5,65,0.0
5,66,0.0
5,67,0.0
5,68,15.352297188327611
5,69,0.0
5,70,32.40831902197533
5,71,0.0
5,72,0.0
5,73,35.543192917856686
5,74,640.2869970782203
5,75,800.5964979027021
5,76,0.0
5,77,0.0
5,78,0.0
5,79,0.0
5,80,0.0
5,81,0.0
5,82,0.0
5,83,0.0
5,84,0.0
5,85,38.71544232631095
5,86,0.0
5,87,0.0
5,88,0.0
5,89,88746.0320958015
5,90,0.0
5,91,0.0
5,92,10.077529656415209
5,93,0.0
5,94,31.775170131001687
5,95,0.0
5,96,0.0
5,97,0.0
5,98,0.0
5,99,0.0
5,100,1671.567576781239
5,101,0.0
5,102,12.318047921039579
5,103,0.0
5,104,0.0
5,105,37.31523227201251
5,106,35.22591002856916
5,107,18.359778238940635
5,108,0.0
5,109,39.92643209265407
5,110,0.0
5,111,0.0
5,112,1671.2769135626222
5,113,0.0
5,114,0.0
5,115,0.0
5,116,0.0
5,117,0.0
5,118,0.0
5,119,0.0
5,120,0.0
5,121,0.0
5,122,0.0
5,123,0.0
5,124,166.98456856456505
5,125,0.0
5,126,800.5558356614729
5,127,0.0
5,128,0.0
5,129,0.0
5,130,0.0
5,131,0.0
5,132,0.0
5,133,0.0
5,134,0.0
5,135,0.0
5,136,20.986894171446693
5,137,0.0
5,138,33.475390587784204
5,139,0.0
5,140,92.5352668595433
5,141,132.80609724808346
5,142,33.475390587784204
5,143,95.36207275472407
5,144,0.0
5,145,0.0
5,146,0.0
5,147,0.0
5,148,95.36207275472407
5,149,0.0
5,150,46.435849683682136
5,151,0.0
5,152,0.0
5,153,158.00585649465302
5,154,0.0
5,155,47.14478130166299
5,156,37.25390719691768
5,157,0.0
5,158,0.0
5,159,0.0
5,160,0.0
5,161,0.0
5,162,0.0
5,163,1417.2014023708653
5,164,0.0
5,165,0.0
5,166,0.0
5,167,11526.28607610258
5,168,0.0
5,169,0.0
5,170,0.0
5,171,0.0
5,172,0.0
5,173,47.14478130166299
5,174,0.0
5,175,0.0
5,176,12.319240575480762
5,177,0.0
5,178,0.0
5,179,0.0
5,180,0.0
5,181,0.0
5,182,0.0
5,183,0.0
5,184,0.0
5,185,44.81808950958748
5,186,1417.05298890029
5,187,0.0
5,188,0.0
5,189,0.0
5,190,37.25390719691768
5,191,0.0
5,192,0.0
5,193,0.0
5,194,0.0
5,195,0.0
5,196,0.0
5,197,0.0
5,198,35.543192917856686
5,199,0.0
5,200,0.0
5,201,82.62934744363247
5,202,0.0
5,203,0.0
5,204,0.0
5,205,0.0
5,206,91.25126589531828
5,207,0.0
5,208,0.0
5,209,175.0698714926093
5,210,0.0
5,211,0.0
5,212,12.319240575480762
5,213,0.0
5,214,0.0
5,215,11526.28607610258
5,216,0.0
5,217,40.033929015923604
5,218,46.11825751428114
5,219,0.0
5,220,32.71423317607332
5,221,47.107495262001066
5,222,0.0
5,223,0.0
5,224,0.0
5,225,0.0
5,226,12.444036692416375
5,227,44.7176581691956
5,228,0.0
5,229,1671.217786870915
5,230,0.0
5,231,48.44625520095178
5,232,0.0
5,233,12.186519560808847
5,234,0.0
5,235,46.00500923886648
5,236,0.0
5,237,0.0
5,238,0.0
5,239,36.38369191580114
5,240,800.0255428083956
5,241,0.0
5,242,0.0
5,243,0.0
5,244,0.0
5,245,0.0
5,246,0.0
5,247,0.0
5,248,0.0
5,249,33.074695967998196
5,250,0.0
5,251,0.0
5,252,41577.64428034921
5,253,0.0
5,254,0.0
5,255,0.0
5,256,0.0
5,257,0.0
5,258,0.0
5,259,0.0
5,260,0.0
5,261,0.0
5,262,39.92643209265407
5,263,24.272860297334773
5,264,0.0
5,265,0.0
5,266,0.0
5,267,0.0
5,268,37.16044191603487
5,269,0.0
5,270,0.0
5,271,0.0
5,272,0.0
5,273,0.0
5,274,0.0
5,275,46.26058317540719
5,276,0.0
5,277,0.0
5,278,0.0
5,279,0.0
5,280,0.0
5,281,0.0
5,282,0.0
5,283,0.0
5,284,0.0
5,285,0.0
5,286,0.0
5,287,48.51081370516113
5,288,0.0
5,289,12.325795652700435
5,290,0.0
5,291,0.0
5,292,0.0
5,293,37.31523227201251
5,294,39.96804584855181
5,295,11526.28607610258
5,296,0.0
5,297,1417.05298890029
5,298,33.475390587784204
5,299,0.0
5,300,56.777161383822204
5,301,0.0
5,302,0.0
5,303,0.0
5,304,47.14478130166299
5,305,23.05167562236693
5,306,0.0
5,307,0.0
5,308,0.0
5,309,0.0
5,310,1417.1352399852076
5,311,0.0
5,312,0.0
5,313,0.0
5,314,0.0
5,315,0.0
5,316,0.0
5,317,39.92643209265407
5,318,0.0
5,319,94.85077827927853
5,320,0.0
5,321,0.0
5,322,0.0
5,323,0.0
5,324,0.0
5,325,0.0
5,326,0.0
5,327,0.0
5,328,0.0
5,329,5213.517893531598
5,330,44.28332644115653
5,331,84.1361982102544
5,332,0.0
5,333,0.0
5,334,0.0
5,335,0.0
5,336,0.0
5,337,0.0
5,338,0.0
5,339,0.0
5,340,0.0
5,341,0.0
5,342,0.0
5,343,0.0
5,344,0.0
5,345,12.318047921039579
5,346,27.603871815222192
5,347,0.0
5,348,0.0
5,349,0.0
5,350,0.0
5,351,0.0
5,352,0.0
5,353,0.0
5,354,0.0
5,355,0.0
5,356,32.40831902197533
5,357,12.444036692416375
5,358,0.0
5,359,0.0
5,360,0.0
5,361,48.55383302920836
5,362,1417.2014023708653
5,363,0.0
5,364,0.0
5,365,0.0
5,366,47.14478130166299
5,367,0.0
5,368,0.0
5,369,0.0
5,370,0.0
5,371,0.0
5,372,0.0
5,373,0.0
5,374,0.0
5,375,0.0
5,376,0.0
5,377,0.0
5,378,0.0
5,379,0.0
5,380,33.41193614652275
5,381,0.0
5,382,47.58047770563644
5,383,0.0
5,384,129.80433427770186
5,385,44.077404387766364
5,386,11526.28607610258
5,387,0.0
5,388,5166.80956212363
5,389,0.0
5,390,0.0
5,391,44.29305915296936
5,392,0.0
5,393,0.0
5,394,0.0
5,395,42.354558881460434
5,396,0.0
5,397,0.0
5,398,12.259851846811216
5,399,0.0
5,400,0.0
5,401,0.0
5,402,32.86519895336096
5,403,21.068808624273515
5,404,0.0
5,405,0.0
5,406,0.0
5,407,0.0
5,408,0.0
5,409,0.0
5,410,0.0
5,411,0.0
5,412,0.0
5,413,0.0
5,414,0.0
5,415,0.0
5,416,0.0
5,417,1417.05298890029
5,418,0.0
5,419,0.0
5,420,95.36207275472407
5,421,44.34227916673444
5,422,0.0
5,423,0.0
5,424,0.0
5,425,30.61460975834507
5,426,31.71236676243734
5,427,0.0
5,428,17.775450748792537
5,429,47.14478130166299
5,430,11526.28607610258
5,431,0.0
5,432,0.0
5,433,0.0
5,434,0.0
5,435,0.0
5,436,1417.05298890029
5,437,0.0
5,438,0.0
5,439,0.0
5,440,0.0
5,441,0.0
5,442,0.0
5,443,0.0
5,444,0.0
5,445,0.0
5,446,0.0
5,447,12.319240575480762
5,448,0.0
5,449,0.0
5,450,0.0
5,451,0.0
5,452,44.53302106074079
5,453,0.0
5,454,0.0
5,455,0.0
5,456,48.42769833227703
5,457,0.0
5,458,0.0
5,459,0.0
5,460,0.0
5,461,163.17487302568497
5,462,0.0
5,463,0.0
5,464,0.0
5,465,165.44895663025454
5,466,0.0
5,467,0.0
5,468,0.0
5,469,48.522919992376956
5,470,0.0
5,471,0.0
5,472,0.0
5,473,1671.2137195325195
5,474,20.456300054556777
5,475,0.0
5,476,32.40831902197533
5,477,0.0
5,478,84.55428148362353
5,479,0.0
5,480,0.0
5,481,0.0
5,482,0.0
5,483,39.32140577634527
5,484,0.0
5,485,0.0
5,486,32.4008040668532
5,487,0.0
5,488,0.0
5,489,800.5558356614729
5,490,0.0
5,491,0.0
5,492,32.817346942922995
5,493,0.0
5,494,0.0
5,495,0.0
5,496,0.0
5,497,48.42769833227703
5,498,0.0
5,499,0.0
5,500,0.0
5,501,0.0
5,502,44.104686657562524
5,503,0.0
5,504,0.0
5,505,37.923350681651755
5,506,17.192160145393245
5,507,0.0
5,508,12.20950828180321
5,509,0.0
5,510,0.0
5,511,48.42769833227703
6,0,0.0
6,1,0.0
6,2,34.309438923486596
6,3,0.0
6,4,80.98763316927125
6,5,0.0
6,6,39.34470334460639
6,7,0.0
6,8,0.0
6,9,0.0
6,10,0.0
6,11,0.0
6,12,247.35814343224501
6,13,0.0
6,14,0.0
6,15,0.0
6,16,0.0
6,17,0.0
6,18,0.0
6,19,0.0
6,20,0.0
6,21,0.0
6,22,0.0
6,23,0.0
6,24,0.0
6,25,0.0
6,26,0.0
6,27,0.0
6,28,0.0
6,29,0.0
6,30,0.0
6,31,0.0
6,32,12.186519560808847
6,33,0.0
6,34,0.0
6,35,0.0
6,36,0.0
6,37,0.0
6,38,0.0
6,39,11526.28607610258
6,40,0.0
6,41,1417.2014023708653
6,42,0.0
6,43,0.0
6,44,0.0
6,45,113.70575578647822
6,46,0.0
6,47,0.0
6,48,27.42524568971203
6,49,0.0
6,50,1417.2014023708653
6,51,0.0
6,52,0.0
6,53,1417.2014023708653
6,54,0.0
6,55,0.0
6,56,0.0
6,57,27.69100232476012
6,58,0.0
6,59,0.0
6,60,0.0
6,61,0.0
6,62,89.29058187101782
6,63,0.0
6,64,0.0
6,65,0.0
6,66,0.0
6,67,0.0
6,68,80.98763316927125
6,69,0.0
6,70,0.0
6,71,500.3090821098385
6,72,0.0
6,73,0.0
6,74,0.0
6,75,0.0
6,76,28.193249550862674
6,77,0.0
6,78,0.0
6,79,0.0
6,80,0.0
6,81,0.0
6,82,0.0
6,83,0.0
6,84,0.0
6,85,46.00500923886648
6,86,0.0
6,87,0.0
6,88,27.479031110464348
6,89,0.0
6,90,46.00500923886648
6,91,0.0
6,92,0.0
6,93,27.69100232476012
6,94,0.0
6,95,12.319240575480762
6,96,0.0
6,97,1417.05298890029
6,98,0.0
6,99,0.0
6,100,0.0
6,101,0.0
6,102,0.0
6,103,0.0
6,104,0.0
6,105,1417.2057546868782
6,106,0.0
6,107,0.0
6,108,12.24116369478179
6,109,102.98368836930422
6,110,0.0
6,111,0.0
6,112,0.0
6,113,0.0
6,114,27.479031110464348
6,115,0.0
6,116,172.1587810331912
6,117,0.0
6,118,0.0
6,119,0.0
6,120,0.0
6,121,28.177448862111305
6,122,0.0
6,123,0.0
6,124,0.0
6,125,38.69632103988897
6,126,38.69632103988897
6,127,0.0
6,128,1417.05298890029
6,129,0.0
6,130,0.0
6,131,0.0
6,132,0.0
6,133,27.42524568971203
6,134,0.0
6,135,0.0
6,136,0.0
6,137,247.35814343224501
6,138,0.0
6,139,0.0
6,140,0.0
6,141,0.0
6,142,1417.2014023708653
6,143,27.42524568971203
6,144,0.0
6,145,0.0
6,146,27.588750870361764
6,147,0.0
6,148,0.0
6,149,0.0
6,150,198.489605792588
6,151,0.0
6,152,0.0
6,153,197.20939226363134
6,154,41.113147177061364
6,155,0.0
6,156,0.0
6,157,0.0
6,158,0.0
6,159,29.41199817627239
6,160,0.0
6,161,0.0
6,162,12.444036692416375
6,163,0.0
6,164,0.0
6,165,0.0
6,166,0.0
6,167,27.42524568971203
6,168,0.0
6,169,0.0
6,170,38.69632103988897
6,171,0.0
6,172,469.92848822328506
6,173,0.0
6,174,0.0
6,175,27.588750870361764
6,176,8506.87961597999
6,177,91.25126589531828
6,178,0.0
6,179,0.0
6,180,0.0
6,181,0.0
6,182,0.0
6,183,0.0
6,184,0.0
6,185,0.0
6,186,90.67043268040561
6,187,0.0
6,188,0.0
6,189,0.0
6,190,0.0
6,191,0.0
6,192,0.0
6,193,0.0
6,194,0.0
6,195,0.0
6,196,0.0
6,197,0.0
6,198,0.0
6,199,0.0
6,200,0.0
6,201,0.0
6,202,0.0
6,203,0.0
6,204,11526.28607610258
6,205,163.17487302568497
6,206,0.0
6,207,0.0
6,208,0.0
6,209,19.715484808650217
6,210,0.0
6,211,11526.28607610258
6,212,0.0
6,213,0.0
6,214,0.0
6,215,0.0
6,216,0.0
6,217,48.54040092217929
6,218,0.0
6,219,0.0
6,220,0.0
6,221,0.0
6,222,0.0
6,223,84.55428148362353
6,224,82.24394736000886
6,225,0.0
6,226,77.23102093155376
6,227,168.95424568498493
6,228,0.0
6,229,0.0
6,230,0.0
6,231,0.0
6,232,0.0
6,233,0.0
6,234,0.0
6,235,0.0
6,236,0.0
6,237,0.0
6,238,0.0
6,239,0.0
6,240,0.0
6,241,0.0
6,242,0.0
6,243,0.0
6,244,0.0
6,245,0.0
6,246,0.0
6,247,95.99867344283575
6,248,0.0
6,249,0.0
6,250,0.0
6,251,1417.2014023708653
6,252,95.36207275472407
6,253,0.0
6,254,0.0
6,255,0.0
6,256,91.38818118449308
6,257,0.0
6,258,0.0
6,259,0.0
6,260,0.0
6,261,0.0
6,262,1417.05298890029
6,263,0.0
6,264,0.0
6,265,188.33569887878184
6,266,0.0
6,267,0.0
6,268,20.89283648208402
6,269,0.0
6,270,0.0
6,271,80.98763316927125
6,272,0.0
6,273,0.0
6,274,0.0
6,275,0.0
6,276,0.0
6,277,0.0
6,278,0.0
6,279,0.0
6,280,1418.2846166294294
6,281,0.0
6,282,0.0
6,283,0.0
6,284,0.0
6,285,0.0
6,286,264.5037257312142
6,287,0.0
6,288,0.0
6,289,0.0
6,290,0.0
6,291,0.0
6,292,0.0
6,293,0.0
6,294,0.0
6,295,0.0
6,296,0.0
6,297,0.0
6,298,0.0
6,299,0.0
6,300,0.0
6,301,12.319240575480762
6,302,11526.28607610258
6,303,0.0
6,304,263.65107200098555
6,305,0.0
6,306,0.0
6,307,0.0
6,308,0.0
6,309,0.0
6,310,0.0
6,311,0.0
6,312,0.0
6,313,0.0
6,314,0.0
6,315,0.0
6,316,0.0
6,317,0.0
6,318,0.0
6,319,95.36207275472407
6,320,0.0
6,321,28.187149851314643
6,322,27.602838162579246
6,323,0.0
6,324,0.0
6,325,0.0
6,326,0.0
6,327,0.0
6,328,29.525751563400263
6,329,0.0
6,330,80.98763316927125
6,331,12.319240575480762
6,332,0.0
6,333,0.0
6,334,0.0
6,335,0.0
6,336,0.0
6,337,0.0
6,338,0.0
6,339,0.0
6,340,31.0550377641448
6,341,0.0
6,342,0.0
6,343,0.0
6,344,0.0
6,345,0.0
6,346,0.0
6,347,0.0
6,348,0.0
6,349,0.0
6,350,0.0
6,351,0.0
6,352,1417.2014023708653
6,353,0.0
6,354,27.576122674416183
6,355,0.0
6,356,0.0
6,357,0.0
6,358,0.0
6,359,0.0
6,360,0.0
6,361,0.0
6,362,0.0
6,363,0.0
6,364,0.0
6,365,0.0
6,366,0.0
6,367,0.0
6,368,0.0
6,369,0.0
6,370,0.0
6,371,0.0
6,372,0.0
6,373,0.0
6,374,0.0
6,375,0.0
6,376,0.0
6,377,0.0
6,378,0.0
6,379,0.0
6,380,0.0
6,381,0.0
6,382,0.0
6,383,0.0
6,384,0.0
6,385,0.0
6,386,0.0
6,387,0.0
6,388,0.0
6,389,38.69632103988897
6,390,0.0
6,391,0.0
6,392,0.0
6,393,0.0
6,394,197.20939226363134
6,395,0.0
6,396,0.0
6,397,0.0
6,398,0.0
6,399,0.0
6,400,0.0
6,401,0.0
6,402,0.0
6,403,0.0
6,404,0.0
6,405,128.7459578441949
6,406,0.0
6,407,1417.2014023708653
6,408,1417.2014023708653
6,409,0.0
6,410,34.309438923486596
6,411,0.0
6,412,0.0
6,413,0.0
6,414,0.0
6,415,0.0
6,416,28.193249550862674
6,417,0.0
6,418,0.0
6,419,0.0
6,420,27.588750870361764
6,421,0.0
6,422,95.36207275472407
6,423,0.0
6,424,0.0
6,425,0.0
6,426,0.0
6,427,0.0
6,428,0.0
6,429,0.0
6,430,812.9795671052543
6,431,0.0
6,432,0.0
6,433,0.0
6,434,0.0
6,435,0.0
6,436,0.0
6,437,247.35814343224501
6,438,17.188505671629173
6,439,0.0
6,440,0.0
6,441,0.0
6,442,0.0
6,443,0.0
6,444,0.0
6,445,1417.05298890029
6,446,0.0
6,447,0.0
6,448,0.0
6,449,0.0
6,450,0.0
6,451,0.0
6,452,0.0
6,453,0.0
6,454,0.0
6,455,0.0
6,456,0.0
6,457,0.0
6,458,0.0
6,459,27.70131398801641
6,460,0.0
6,461,0.0
6,462,12.319240575480762
6,463,0.0
6,464,0.0
6,465,0.0
6,466,0.0
6,467,0.0
6,468,0.0
6,469,0.0
6,470,0.0
6,471,0.0
6,472,0.0
6,473,0.0
6,474,0.0
6,475,0.0
6,476,0.0
6,477,15.352297188327611
6,478,0.0
6,479,11526.28607610258
6,480,0.0
6,481,0.0
6,482,0.0
6,483,0.0
6,484,0.0
6,485,0.0
6,486,0.0
6,487,12.444036692416375
6,488,27.603871815222192
6,489,0.0
6,490,0.0
6,491,0.0
6,492,0.0
6,493,1417.2057546868782
6,494,2059.6132606368374
6,495,0.0
6,496,98.53237820638424
6,497,0.0
6,498,0.0
6,499,0.0
6,500,0.0
6,501,0.0
6,502,29.525751563400263
6,503,0.0
6,504,0.0
6,505,0.0
6,506,0.0
6,507,0.0
6,508,0.0
6,509,0.0
6,510,0.0
6,511,0.0
7,0,0.0
7,1,0.0
7,2,0.0
7,3,0.0
7,4,103.1809111659968
7,5,0.0
7,6,0.0
7,7,0.0
7,8,0.0
7,9,0.0
7,10,0.0
7,11,0.0
7,12,0.0
7,13,0.0
7,14,0.0
7,15,0.0
7,16,0.0
7,17,0.0
7,18,0.0
7,19,0.0
7,20,0.0
7,21,0.0
7,22,0.0
7,23,0.0
7,24,1542.9871400493157
7,25,0.0
7,26,0.0
7,27,0.0
7,28,0.0
7,29,0.0
7,30,0.0
7,31,0.0
7,32,0.0
7,33,0.0
7,34,0.0
7,35,0.0
7,36,0.0
7,37,0.0
7,38,12.186519560808847
7,39,0.0
7,40,0.0
7,41,0.0
7,42,0.0
7,43,0.0
7,44,0.0
7,45,0.0
7,46,0.0
7,47,0.0
7,48,0.0
7,49,0.0
7,50,27.42524568971203
7,51,0.0
7,52,0.0
7,53,0.0
7,54,0.0
7,55,0.0
7,56,0.0
7,57,0.0
7,58,0.0
7,59,0.0
7,60,0.0
7,61,0.0
7,62,129.19472068929554
7,63,0.0
7,64,0.0
7,65,0.0
7,66,0.0
7,67,0.0
7,68,0.0
7,69,0.0
7,70,0.0
7,71,0.0
7,72,0.0
7,73,0.0
7,74,0.0
7,75,30.61460975834507
7,76,0.0
7,77,0.0
7,78,0.0
7,79,0.0
7,80,0.0
7,81,0.0
7,82,0.0
7,83,0.0
7,84,0.0
7,85,0.0
7,86,1417.2057546868782
7,87,0.0
7,88,78.58470492920696
7,89,0.0
7,90,0.0
7,91,0.0
7,92,0.0
7,93,11526.28607610258
7,94,0.0
7,95,0.0
7,96,0.0
7,97,91.81260786735038
7,98,0.0
7,99,0.0
7,100,0.0
7,101,0.0
7,102,0.0
7,103,0.0
7,104,0.0
7,105,0.0
7,106,0.0
7,107,0.0
7,108,0.0
7,109,0.0
7,110,0.0
7,111,0.0
7,112,0.0
7,113,0.0
7,114,0.0
7,115,0.0
7,116,0.0
7,117,0.0
7,118,0.0
7,119,86.09665084719836
7,120,0.0
7,121,0.0
7,122,55.94518423651152
7,123,0.0
7,124,0.0
7,125,0.0
7,126,246.45882171756693
7,127,0.0
7,128,0.0
7,129,0.0
7,130,129.80433427770186
7,131,0.0
7,132,0.0
7,133,0.0
7,134,0.0
7,135,12.325795652700435
7,136,0.0
7,137,0.0
7,138,28.16919301354119
7,139,0.0
7,140,0.0
7,141,0.0
7,142,0.0
7,143,0.0
7,144,0.0
7,145,0.0
7,146,0.0
7,147,0.0
7,148,0.0
7,149,0.0
7,150,0.0
7,151,0.0
7,152,19.715484808650217
7,153,0.0
7,154,0.0
7,155,0.0
7,156,0.0
7,157,0.0
7,158,0.0
7,159,0.0
7,160,12.24116369478179
7,161,27.532670776649866
7,162,0.0
7,163,0.0
7,164,264.5037257312142
7,165,0.0
7,166,0.0
7,167,0.0
7,168,0.0
7,169,0.0
7,170,0.0
7,171,0.0
7,172,0.0
7,173,0.0
7,174,0.0
7,175,0.0
7,176,0.0
7,177,0.0
7,178,0.0
7,179,0.0
7,180,0.0
7,181,264.5037257312142
7,182,0.0
7,183,0.0
7,184,0.0
7,185,0.0
7,186,0.0
7,187,0.0
7,188,0.0
7,189,0.0
7,190,0.0
7,191,0.0
7,192,0.0
7,193,0.0
7,194,0.0
7,195,0.0
7,196,0.0
7,197,0.0
7,198,0.0
7,199,0.0
7,200,0.0
7,201,0.0
7,202,0.0
7,203,0.0
7,204,0.0
7,205,0.0
7,206,0.0
7,207,0.0
7,208,0.0
7,209,0.0
7,210,0.0
7,211,0.0
7,212,0.0
7,213,0.0
7,214,12.270201423159051
7,215,0.0
7,216,0.0
7,217,0.0
7,218,1417.05298890029
7,219,0.0
7,220,0.0
7,221,0.0
7,222,0.0
7,223,0.0
7,224,0.0
7,225,40.36779527698491
7,226,0.0
7,227,0.0
7,228,0.0
7,229,47.14478130166299
7,230,11526.28607610258
7,231,0.0
7,232,38.82863855763753
7,233,0.0
7,234,0.0
7,235,0.0
7,236,0.0
7,237,0.0
7,238,0.0
7,239,0.0
7,240,0.0
7,241,0.0
7,242,0.0
7,243,0.0
7,244,0.0
7,245,0.0
7,246,0.0
7,247,0.0
7,248,0.0
7,249,0.0
7,250,0.0
7,251,0.0
7,252,0.0
7,253,0.0
7,254,0.0
7,255,0.0
7,256,0.0
7,257,0.0
7,258,0.0
7,259,0.0
7,260,0.0
7,261,0.0
7,262,0.0
7,263,0.0
7,264,0.0
7,265,0.0
7,266,0.0
7,267,0.0
7,268,0.0
7,269,0.0
7,270,0.0
7,271,77.58190659904449
7,272,0.0
7,273,0.0
7,274,0.0
7,275,0.0
7,276,0.0
7,277,0.0
7,278,0.0
7,279,11526.28607610258
7,280,0.0
7,281,0.0
7,282,0.0
7,283,0.0
7,284,0.0
7,285,0.0
7,286,198.4250015055186
7,287,0.0
7,288,12.318047921039579
7,289,0.0
7,290,0.0
7,291,0.0
7,292,32.86519895336096
7,293,0.0
7,294,0.0
7,295,0.0
7,296,0.0
7,297,94.95682220970411
7,298,0.0
7,299,0.0
7,300,0.0
7,301,0.0
7,302,0.0
7,303,0.0
7,304,0.0
7,305,0.0
7,306,0.0
7,307,0.0
7,308,0.0
7,309,0.0
7,310,0.0
7,311,0.0
7,312,0.0
7,313,12.24116369478179
7,314,0.0
7,315,0.0
7,316,0.0
7,317,0.0
7,318,0.0
7,319,0.0
7,320,0.0
7,321,0.0
7,322,11526.28607610258
7,323,0.0
7,324,0.0
7,325,0.0
7,326,0.0
7,327,1417.2014023708653
7,328,77.23102093155376
7,329,0.0
7,330,0.0
7,331,0.0
7,332,0.0
7,333,0.0
7,334,0.0
7,335,0.0
7,336,0.0
7,337,0.0
7,338,0.0
7,339,0.0
7,340,0.0
7,341,0.0
7,342,0.0
7,343,0.0
7,344,0.0
7,345,0.0
7,346,0.0
7,347,76.22072755304998
7,348,0.0
7,349,0.0
7,350,0.0
7,351,0.0
7,352,264.3843955734101
7,353,0.0
7,354,0.0
7,355,0.0
7,356,197.2194856475644
7,357,0.0
7,358,0.0
7,359,0.0
7,360,0.0
7,361,0.0
7,362,0.0
7,363,0.0
7,364,0.0
7,365,0.0
7,366,0.0
7,367,0.0
7,368,0.0
7,369,0.0
7,370,0.0
7,371,0.0
7,372,11526.28607610258
7,373,0.0
7,374,0.0
7,375,0.0
7,376,0.0
7,377,0.0
7,378,0.0
7,379,0.0
7,380,94.85077827927853
7,381,168.95424568498493
7,382,0.0
7,383,16.48645398523513
7,384,612.2281954645987
7,385,0.0
7,386,0.0
7,387,0.0
7,388,0.0
7,389,0.0
7,390,0.0
7,391,0.0
7,392,0.0
7,393,0.0
7,394,0.0
7,395,0.0
7,396,0.0
7,397,0.0
7,398,0.0
7,399,94.85077827927853
7,400,0.0
7,401,0.0
7,402,0.0
7,403,0.0
7,404,0.0
7,405,27.603871815222192
7,406,0.0
7,407,0.0
7,408,0.0
7,409,0.0
7,410,0.0
7,411,0.0
7,412,0.0
7,413,0.0
7,414,0.0
7,415,0.0
7,416,94.95682220970411
7,417,0.0
7,418,0.0
7,419,0.0
7,420,27.42524568971203
7,421,0.0
7,422,0.0
7,423,0.0
7,424,0.0
7,425,12.350701715415198
7,426,103.1809111659968
7,427,0.0
7,428,0.0
7,429,0.0
7,430,0.0
7,431,27.980281638879205
7,432,0.0
7,433,0.0
7,434,0.0
7,435,0.0
7,436,0.0
7,437,0.0
7,438,0.0
7,439,93.15998313211367
7,440,0.0
7,441,0.0
7,442,0.0
7,443,0.0
7,444,0.0
7,445,0.0
7,446,0.0
7,447,0.0
7,448,0.0
7,449,0.0
7,450,0.0
7,451,0.0
7,452,0.0
7,453,0.0
7,454,0.0
7,455,0.0
7,456,0.0
7,457,0.0
7,458,0.0
7,459,0.0
7,460,264.51042948138365
7,461,0.0
7,462,0.0
7,463,0.0
7,464,0.0
7,465,0.0
7,466,0.0
7,467,0.0
7,468,0.0
7,469,0.0
7,470,0.0
7,471,1417.2014023708653
7,472,0.0
7,473,0.0
7,474,0.0
7,475,0.0
7,476,0.0
7,477,0.0
7,478,0.0
7,479,0.0
7,480,0.0
7,481,12.186519560808847
7,482,0.0
7,483,0.0
7,484,0.0
7,485,0.0
7,486,0.0
7,487,0.0
7,488,0.0
7,489,0.0
7,490,0.0
7,491,0.0
7,492,0.0
7,493,0.0
7,494,0.0
7,495,19.715484808650217
7,496,1417.05298890029
7,497,0.0
7,498,0.0
7,499,0.0
7,500,0.0
7,501,0.0
7,502,1419.1158505076455
7,503,0.0
7,504,0.0
7,505,0.0
7,506,0.0
7,507,0.0
7,508,0.0
7,509,0.0
7,510,0.0
7,511,0.0
8,0,0.0
8,1,0.0
8,2,0.0
8,3,0.0
8,4,0.0
8,5,0.0
8,6,0.0
8,7,0.0
8,8,0.0
8,9,0.0
8,10,0.0
8,11,0.0
8,12,0.0
8,13,0.0
8,14,0.0
8,15,76.71693164874159
8,16,0.0
8,17,0.0
8,18,0.0
8,19,19.715484808650217
8,20,0.0
8,21,0.0
8,22,0.0
8,23,0.0
8,24,0.0
8,25,0.0
8,26,0.0
8,27,0.0
8,28,0.0
8,29,0.0
8,30,0.0
8,31,0.0
8,32,0.0
8,33,0.0
8,34,0.0
8,35,0.0
8,36,0.0
8,37,0.0
8,38,0.0
8,39,0.0
8,40,0.0
8,41,0.0
8,42,0.0
8,43,0.0
8,44,0.0
8,45,0.0
8,46,0.0
8,47,0.0
8,48,0.0
8,49,0.0
8,50,0.0
8,51,0.0
8,52,0.0
8,53,0.0
8,54,0.0
8,55,0.0
8,56,0.0
8,57,0.0
8,58,0.0
8,59,0.0
8,60,94.85077827927853
8,61,0.0
8,62,0.0
8,63,0.0
8,64,0.0
8,65,0.0
8,66,0.0
8,67,0.0
8,68,30.61460975834507
8,69,0.0
8,70,0.0
8,71,0.0
8,72,0.0
8,73,0.0
8,74,0.0
8,75,0.0
8,76,0.0
8,77,1417.2057546868782
8,78,0.0
8,79,0.0
8,80,30.11044347628558
8,81,0.0
8,82,0.0
8,83,0.0
8,84,0.0
8,85,0.0
8,86,0.0
8,87,0.0
8,88,0.0
8,89,0.0
8,90,0.0
8,91,0.0
8,92,0.0
8,93,0.0
8,94,0.0
8,95,0.0
8,96,0.0
8,97,0.0
8,98,0.0
8,99,0.0
8,100,45.40999139099313
8,101,19.715484808650217
8,102,0.0
8,103,0.0
8,104,0.0
8,105,0.0
8,106,0.0
8,107,0.0
8,108,0.0
8,109,0.0
8,110,0.0
8,111,0.0
8,112,0.0
8,113,0.0
8,114,0.0
8,115,0.0
8,116,0.0
8,117,0.0
8,118,0.0
8,119,0.0
8,120,0.0
8,121,0.0
8,122,0.0
8,123,0.0
8,124,0.0
8,125,0.0
8,126,0.0
8,127,0.0
8,128,0.0
8,129,0.0
8,130,0.0
8,131,0.0
8,132,0.0
8,133,0.0
8,134,0.0
8,135,0.0
8,136,0.0
8,137,0.0
8,138,0.0
8,139,0.0
8,140,0.0
8,141,0.0
8,142,0.0
8,143,0.0
8,144,0.0
8,145,0.0
8,146,0.0
8,147,0.0
8,148,0.0
8,149,0.0
8,150,0.0
8,151,0.0
8,152,0.0
8,153,0.0
8,154,0.0
8,155,0.0
8,156,0.0
8,157,0.0
8,158,0.0
8,159,0.0
8,160,0.0
8,161,0.0
8,162,0.0
8,163,0.0
8,164,0.0
8,165,0.0
8,166,0.0
8,167,0.0
8,168,0.0
8,169,0.0
8,170,0.0
8,171,0.0
8,172,82.62934744363247
8,173,0.0
8,174,0.0
8,175,0.0
8,176,0.0
8,177,0.0
8,178,0.0
8,179,29.552086085843257
8,180,0.0
8,181,0.0
8,182,0.0
8,183,0.0
8,184,0.0
8,185,0.0
8,186,0.0
8,187,0.0
8,188,0.0
8,189,0.0
8,190,0.0
8,191,1417.05298890029
8,192,0.0
8,193,0.0
8,194,0.0
8,195,0.0
8,196,1417.2057546868782
8,197,0.0
8,198,0.0
8,199,0.0
8,200,0.0
8,201,0.0
8,202,45.564064618465636
8,203,0.0
8,204,0.0
8,205,0.0
8,206,27.42524568971203
8,207,0.0
8,208,0.0
8,209,27.602838162579246
8,210,0.0
8,211,0.0
8,212,0.0
8,213,0.0
8,214,0.0
8,215,0.0
8,216,0.0
8,217,0.0
8,218,0.0
8,219,0.0
8,220,0.0
8,221,0.0
8,222,0.0
8,223,0.0
8,224,0.0
8,225,0.0
8,226,0.0
8,227,28.16919301354119
8,228,0.0
8,229,0.0
8,230,0.0
8,231,0.0
8,232,27.603871815222192
8,233,0.0
8,234,0.0
8,235,0.0
8,236,1417.2057546868782
8,237,0.0
8,238,0.0
8,239,0.0
8,240,82.62934744363247
8,241,0.0
8,242,0.0
8,243,0.0
8,244,0.0
8,245,0.0
8,246,1417.05298890029
8,247,27.69100232476012
8,248,0.0
8,249,0.0
8,250,0.0
8,251,0.0
8,252,0.0
8,253,0.0
8,254,0.0
8,255,120.54286653336567
8,256,0.0
8,257,0.0
8,258,0.0
8,259,0.0
8,260,0.0
8,261,0.0
8,262,0.0
8,263,0.0
8,264,45.564064618465636
8,265,0.0
8,266,0.0
8,267,0.0
8,268,0.0
8,269,0.0
8,270,0.0
8,271,0.0
8,272,0.0
8,273,0.0
8,274,0.0
8,275,0.0
8,276,0.0
8,277,0.0
8,278,0.0
8,279,0.0
8,280,0.0
8,281,0.0
8,282,38.82863855763753
8,283,0.0
8,284,0.0
8,285,0.0
8,286,0.0
8,287,0.0
8,288,0.0
8,289,0.0
8,290,0.0
8,291,0.0
8,292,0.0
8,293,88.86417851331043
8,294,0.0
8,295,0.0
8,296,0.0
8,297,0.0
8,298,0.0
8,299,0.0
8,300,0.0
8,301,0.0
8,302,0.0
8,303,0.0
8,304,0.0
8,305,0.0
8,306,0.0
8,307,728.3180291259405
8,308,0.0
8,309,0.0
8,310,0.0
8,311,0.0
8,312,12.319240575480762
8,313,0.0
8,314,0.0
8,315,0.0
8,316,0.0
8,317,0.0
8,318,0.0
8,319,0.0
8,320,0.0
8,321,0.0
8,322,0.0
8,323,0.0
8,324,0.0
8,325,0.0
8,326,0.0
8,327,34.309438923486596
8,328,0.0
8,329,0.0
8,330,0.0
8,331,0.0
8,332,0.0
8,333,0.0
8,334,81.48676246968353
8,335,0.0
8,336,0.0
8,337,0.0
8,338,0.0
8,339,0.0
8,340,0.0
8,341,0.0
8,342,0.0
8,343,0.0
8,344,0.0
8,345,0.0
8,346,0.0
8,347,0.0
8,348,0.0
8,349,0.0
8,350,0.0
8,351,0.0
8,352,0.0
8,353,0.0
8,354,0.0
8,355,0.0
8,356,0.0
8,357,94.18630719903558
8,358,0.0
8,359,0.0
8,360,0.0
8,361,0.0
8,362,0.0
8,363,0.0
8,364,28.2825764810932
8,365,0.0
8,366,0.0
8,367,0.0
8,368,0.0
8,369,0.0
8,370,0.0
8,371,0.0
8,372,0.0
8,373,0.0
8,374,0.0
8,375,1417.05298890029
8,376,0.0
8,377,0.0
8,378,0.0
8,379,0.0
8,380,0.0
8,381,27.69100232476012
8,382,0.0
8,383,80.98763316927125
8,384,0.0
8,385,0.0
8,386,0.0
8,387,0.0
8,388,0.0
8,389,0.0
8,390,0.0
8,391,0.0
8,392,0.0
8,393,0.0
8,394,0.0
8,395,0.0
8,396,0.0
8,397,0.0
8,398,0.0
8,399,0.0
8,400,0.0
8,401,0.0
8,402,0.0
8,403,0.0
8,404,0.0
8,405,0.0
8,406,0.0
8,407,0.0
8,408,0.0
8,409,0.0
8,410,0.0
8,411,95.36207275472407
8,412,0.0
8,413,0.0
8,414,0.0
8,415,0.0
8,416,0.0
8,417,0.0
8,418,0.0
8,419,0.0
8,420,0.0
8,421,0.0
8,422,0.0
8,423,0.0
8,424,0.0
8,425,0.0
8,426,27.69100232476012
8,427,0.0
8,428,0.0
8,429,0.0
8,430,0.0
8,431,28.16919301354119
8,432,0.0
8,433,0.0
8,434,0.0
8,435,27.398240658661962
8,436,0.0
8,437,0.0
8,438,0.0
8,439,0.0
8,440,0.0
8,441,0.0
8,442,0.0
8,443,0.0
8,444,0.0
8,445,0.0
8,446,0.0
8,447,0.0
8,448,37.001056480988154
8,449,3.2207453399096266
8,450,0.0
8,451,0.0
8,452,0.0
8,453,0.0
8,454,0.0
8,455,0.0
8,456,0.0
8,457,0.0
8,458,0.0
8,459,0.0
8,460,0.0
8,461,0.0
8,462,0.0
8,463,0.0
8,464,0.0
8,465,0.0
8,466,0.0
8,467,0.0
8,468,0.0
8,469,0.0
8,470,0.0
8,471,0.0
8,472,0.0
8,473,0.0
8,474,0.0
8,475,84.47354599700066
8,476,0.0
8,477,0.0
8,478,0.0
8,479,0.0
8,480,0.0
8,481,0.0
8,482,0.0
8,483,0.0
8,484,0.0
8,485,0.0
8,486,0.0
8,487,11526.28607610258
8,488,0.0
8,489,0.0
8,490,0.0
8,491,0.0
8,492,0.0
8,493,0.0
8,494,0.0
8,495,0.0
8,496,0.0
8,497,0.0
8,498,0.0
8,499,128.7459578441949
8,500,0.0
8,501,0.0
8,502,0.0
8,503,0.0
8,504,0.0
8,505,0.0
8,506,0.0
8,507,0.0
8,508,12.319240575480762
8,509,0.0
8,510,0.0
8,511,0.0
9,0,0.0
9,1,0.0
9,2,0.0
9,3,0.0
9,4,0.0
9,5,0.0
9,6,0.0
9,7,0.0
9,8,0.0
9,9,0.0
9,10,0.0
9,11,0.0
9,12,0.0
9,13,0.0
9,14,0.0
9,15,0.0
9,16,0.0
9,17,0.0
9,18,0.0
9,19,0.0
9,20,0.0
9,21,481.84731626890425
9,22,0.0
9,23,0.0
9,24,0.0
9,25,0.0
9,26,0.0
9,27,0.0
9,28,0.0
9,29,0.0
9,30,27.42524568971203
9,31,0.0
9,32,117.81141660532467
9,33,0.0
9,34,0.0
9,35,0.0
9,36,115.87919754976247
9,37,0.0
9,38,0.0
9,39,0.0
9,40,27.42524568971203
9,41,0.0
9,42,0.0
9,43,0.0
9,44,0.0
9,45,0.0
9,46,0.0
9,47,0.0
9,48,0.0
9,49,0.0
9,50,0.0
9,51,37.01256555287
9,52,0.0
9,53,0.0
9,54,0.0
9,55,0.0
9,56,0.0
9,57,0.0
9,58,0.0
9,59,0.0
9,60,0.0
9,61,0.0
9,62,0.0
9,63,0.0
9,64,0.0
9,65,0.0
9,66,0.0
9,67,0.0
9,68,0.0
9,69,38.160282946900224
9,70,0.0
9,71,0.0
9,72,0.0
9,73,0.0
9,74,0.0
9,75,0.0
9,76,24.776287335807865
9,77,0.0
9,78,0.0
9,79,0.0
9,80,0.0
9,81,0.0
9,82,0.0
9,83,0.0
9,84,0.0
9,85,0.0
9,86,0.0
9,87,0.0
9,88,0.0
9,89,0.0
9,90,0.0
9,91,0.0
9,92,0.0
9,93,0.0
9,94,129.48745416212114
9,95,0.0
9,96,0.0
9,97,0.0
9,98,36.993252469198524
9,99,0.0
9,100,0.0
9,101,0.0
9,102,0.0
9,103,0.0
9,104,1417.05298890029
9,105,0.0
9,106,0.0
9,107,0.0
9,108,0.0
9,109,0.0
9,110,56.22551171597934
9,111,0.0
9,112,0.0
9,113,0.0
9,114,0.0
9,115,0.0
9,116,0.0
9,117,0.0
9,118,0.0
9,119,0.0
9,120,0.0
9,121,0.0
9,122,0.0
9,123,0.0
9,124,0.0
9,125,11526.28607610258
9,126,0.0
9,127,0.0
9,128,0.0
9,129,0.0
9,130,0.0
9,131,0.0
9,132,0.0
9,133,0.0
9,134,0.0
9,135,0.0
9,136,0.0
9,137,0.0
9,138,0.0
9,139,0.0
9,140,0.0
9,141,1418.2846166294294
9,142,0.0
9,143,0.0
9,144,0.0
9,145,0.0
9,146,0.0
9,147,0.0
9,148,0.0
9,149,38.160282946900224
9,150,0.0
9,151,0.0
9,152,0.0
9,153,0.0
9,154,0.0
9,155,0.0
9,156,0.0
9,157,0.0
9,158,0.0
9,159,0.0
9,160,0.0
9,161,0.0
9,162,0.0
9,163,0.0
9,164,0.0
9,165,0.0
9,166,0.0
9,167,0.0
9,168,0.0
9,169,0.0
9,170,0.0
9,171,0.0
9,172,0.0
9,173,0.0
9,174,0.0
9,175,0.0
9,176,0.0
9,177,0.0
9,178,0.0
9,179,33.1249144287749
9,180,0.0
9,181,0.0
9,182,0.0
9,183,0.0
9,184,0.0
9,185,0.0
9,186,0.0
9,187,0.0
9,188,0.0
9,189,11526.28607610258
9,190,0.0
9,191,0.0
9,192,0.0
9,193,0.0
9,194,0.0
9,195,0.0
9,196,0.0
9,197,0.0
9,198,0.0
9,199,0.0
9,200,0.0
9,201,0.0
9,202,0.0
9,203,0.0
9,204,0.0
9,205,0.0
9,206,0.0
9,207,0.0
9,208,0.0
9,209,0.0
9,210,0.0
9,211,0.0
9,212,0.0
9,213,0.0
9,214,0.0
9,215,0.0
9,216,0.0
9,217,0.0
9,218,0.0
9,219,0.0
9,220,0.0
9,221,0.0
9,222,0.0
9,223,0.0
9,224,0.0
9,225,0.0
9,226,0.0
9,227,0.0
9,228,0.0
9,229,0.0
9,230,0.0
9,231,0.0
9,232,0.0
9,233,0.0
9,234,0.0
9,235,0.0
9,236,0.0
9,237,0.0
9,238,0.0
9,239,0.0
9,240,0.0
9,241,0.0
9,242,0.0
9,243,0.0
9,244,0.0
9,245,0.0
9,246,0.0
9,247,0.0
9,248,0.0
9,249,0.0
9,250,0.0
9,251,0.0
9,252,0.0
9,253,36.98479611037328
9,254,0.0
9,255,0.0
9,256,0.0
9,257,0.0
9,258,0.0
9,259,0.0
9,260,0.0
9,261,38.160282946900224
9,262,0.0
9,263,25.100434395994853
9,264,0.0
9,265,0.0
9,266,0.0
9,267,37.26295655879039
9,268,0.0
9,269,0.0
9,270,37.26295655879039
9,271,0.0
9,272,0.0
9,273,0.0
9,274,0.0
9,275,0.0
9,276,0.0
9,277,0.0
9,278,0.0
9,279,0.0
9,280,0.0
9,281,0.0
9,282,0.0
9,283,135.25385462669328
9,284,0.0
9,285,0.0
9,286,0.0
9,287,0.0
9,288,0.0
9,289,37.01256555287
9,290,28.010711349855228
9,291,0.0
9,292,0.0
9,293,0.0
9,294,0.0
9,295,0.0
9,296,46.49912852727448
9,297,115.87919754976247
9,298,2065.282976514907
9,299,0.0
9,300,0.0
9,301,0.0
9,302,45.37082808431842
9,303,0.0
9,304,0.0
9,305,0.0
9,306,0.0
9,307,0.0
9,308,0.0
9,309,0.0
9,310,0.0
9,311,0.0
9,312,0.0
9,313,0.0
9,314,0.0
9,315,0.0
9,316,0.0
9,317,25.100434395994853
9,318,0.0
9,319,45.57024050527798
9,320,0.0
9,321,0.0
9,322,0.0
9,323,0.0
9,324,0.0
9,325,0.0
9,326,0.0
9,327,0.0
9,328,0.0
9,329,0.0
9,330,0.0
9,331,0.0
9,332,0.0
9,333,0.0
9,334,0.0
9,335,0.0
9,336,0.0
9,337,0.0
9,338,0.0
9,339,0.0
9,340,0.0
9,341,120.54286653336567
9,342,0.0
9,343,0.0
9,344,0.0
9,345,0.0
9,346,91.72373513406728
9,347,0.0
9,348,0.0
9,349,0.0
9,350,0.0
9,351,0.0
9,352,0.0
9,353,0.0
9,354,0.0
9,355,0.0
9,356,0.0
9,357,0.0
9,358,1417.1385592063925
9,359,0.0
9,360,0.0
9,361,0.0
9,362,0.0
9,363,0.0
9,364,0.0
9,365,0.0
9,366,37.137187188850476
9,367,0.0
9,368,45.564064618465636
9,369,0.0
9,370,0.0
9,371,0.0
9,372,0.0
9,373,31.197736729654025
9,374,0.0
9,375,0.0
9,376,0.0
9,377,0.0
9,378,0.0
9,379,0.0
9,380,0.0
9,381,0.0
9,382,0.0
9,383,91.81260786735038
9,384,0.0
9,385,0.0
9,386,0.0
9,387,0.0
9,388,0.0
9,389,0.0
9,390,0.0
9,391,0.0
9,392,0.0
9,393,0.0
9,394,0.0
9,395,0.0
9,396,618.3891610146948
9,397,0.0
9,398,0.0
9,399,0.0
9,400,0.0
9,401,0.0
9,402,0.0
9,403,0.0
9,404,0.0
9,405,0.0
9,406,0.0
9,407,0.0
9,408,0.0
9,409,0.0
9,410,0.0
9,411,0.0
9,412,0.0
9,413,0.0
9,414,0.0
9,415,0.0
9,416,0.0
9,417,0.0
9,418,0.0
9,419,0.0
9,420,0.0
9,421,0.0
9,422,0.0
9,423,0.0
9,424,0.0
9,425,0.0
9,426,0.0
9,427,0.0
9,428,0.0
9,429,1418.2846166294294
9,430,0.0
9,431,0.0
9,432,0.0
9,433,0.0
9,434,0.0
9,435,0.0
9,436,0.0
9,437,0.0
9,438,0.0
9,439,0.0
9,440,0.0
9,441,0.0
9,442,0.0
9,443,0.0
9,444,0.0
9,445,0.0
9,446,0.0
9,447,0.0
9,448,0.0
9,449,129.48745416212114
9,450,0.0
9,451,0.0
9,452,0.0
9,453,0.0
9,454,0.0
9,455,0.0
9,456,0.0
9,457,0.0
9,458,0.0
9,459,0.0
9,460,0.0
9,461,0.0
9,462,0.0
9,463,1425.881508481525
9,464,0.0
9,465,0.0
9,466,0.0
9,467,0.0
9,468,0.0
9,469,0.0
9,470,0.0
9,471,0.0
9,472,0.0
9,473,0.0
9,474,12.319240575480762
9,475,0.0
9,476,0.0
9,477,0.0
9,478,0.0
9,479,0.0
9,480,0.0
9,481,0.0
9,482,0.0
9,483,0.0
9,484,0.0
9,485,0.0
9,486,0.0
9,487,0.0
9,488,0.0
9,489,0.0
9,490,0.0
9,491,0.0
9,492,0.0
9,493,0.0
9,494,36.95708360232584
9,495,0.0
9,496,0.0
9,497,0.0
9,498,0.0
9,499,0.0
9,500,0.0
9,501,0.0
9,502,0.0
9,503,1417.2057546868782
9,504,0.0
9,505,0.0
9,506,0.0
9,507,0.0
9,508,0.0
9,509,0.0
9,510,0.0
9,511,0.0
