generation, individual, diff_after_backprop
0,0,158.10931032071312
0,1,8098.928728143303
0,2,2092.761702059628
0,3,0.0
0,4,1842.248928146062
0,5,31.788047460274356
0,6,0.0
0,7,0.0
0,8,23.338638529876334
0,9,0.0
0,10,0.0
0,11,0.0
0,12,16098.379327906769
0,13,0.0
0,14,976.0238578544049
0,15,0.0
0,16,8.18284676768053
0,17,1629.5946986406125
0,18,0.0
0,19,0.0
0,20,0.0
0,21,12578.665931862404
0,22,1247.6120113263687
0,23,0.0
0,24,0.0
0,25,22105.960776706554
0,26,0.0
0,27,0.0
0,28,1629.5765066625463
0,29,0.0
0,30,0.0
0,31,0.0
0,32,0.0
0,33,0.0
0,34,1006.6531981283333
0,35,0.0
0,36,0.0
0,37,0.0
0,38,0.0
0,39,0.0
0,40,0.1262484473772929
0,41,0.0
0,42,0.0
0,43,0.0
0,44,8283.16492716732
0,45,0.0
0,46,0.0
0,47,0.0
0,48,0.0
0,49,0.0
0,50,1765.4320344764164
0,51,1869.0916181286775
0,52,0.0
0,53,0.0
0,54,0.0
0,55,19.81324129875793
0,56,933.5255002691374
0,57,1195.1412328772867
0,58,0.0
0,59,0.0
0,60,0.0
0,61,0.0
0,62,0.0
0,63,1681.3174198586275
0,64,0.0
0,65,0.0
0,66,0.0
0,67,0.0
0,68,0.0
0,69,1919.3203947952243
0,70,0.0
0,71,0.0
0,72,0.0
0,73,0.0
0,74,0.0
0,75,0.0
0,76,7540.283134699901
0,77,47.85652012610262
0,78,3004.3839409773746
0,79,0.0
0,80,0.0
0,81,0.0
0,82,0.0
0,83,0.0
0,84,0.0
0,85,1801.7934756678515
0,86,0.0
0,87,0.0
0,88,0.0
0,89,0.0
0,90,0.0
0,91,0.0
0,92,0.0
0,93,0.0
0,94,0.0
0,95,0.0
0,96,163.8066777500062
0,97,0.0
0,98,1631.2434173597758
0,99,0.0
0,100,32906.055618551996
0,101,1681.1591598165178
0,102,0.0
0,103,0.0
0,104,0.0
0,105,0.0
0,106,0.0
0,107,51.53154753884883
0,108,0.0
0,109,0.0
0,110,0.0
0,111,0.0
0,112,403.34658080714144
0,113,13.611163410903828
0,114,0.0
0,115,0.0
0,116,0.0
0,117,3004.372067016425
0,118,0.0
0,119,20841.580315936862
0,120,1631.2675702172419
0,121,0.0
0,122,34.51803034411387
0,123,0.0
0,124,0.0
0,125,0.0
0,126,0.0
0,127,0.0
0,128,23388.449085535543
0,129,0.0
0,130,20250.34076077029
0,131,0.0
0,132,0.0
0,133,31.269777163931394
0,134,0.0
0,135,0.0
0,136,0.0
0,137,10731.683858653436
0,138,13396.29983184378
0,139,1837.1993468094952
0,140,0.0
0,141,0.0
0,142,0.0
0,143,0.0
0,144,0.0
0,145,0.0
0,146,0.0
0,147,0.0
0,148,1669.5030441307208
0,149,0.0
0,150,0.0
0,151,21128.387468932066
0,152,0.0
0,153,1792.601821215445
0,154,0.0
0,155,0.0
0,156,0.0
0,157,1792.5207970316478
0,158,0.0
0,159,0.0
0,160,0.0
0,161,16098.328172392536
0,162,0.0
0,163,0.0
0,164,0.0
0,165,0.0
0,166,1681.3221837606216
0,167,0.0
0,168,0.0
0,169,0.0
0,170,0.0
0,171,0.0
0,172,0.0
0,173,0.0
0,174,0.0
0,175,6821.268199271166
0,176,2862.808745753646
0,177,0.0
0,178,10694.413445480383
0,179,0.0
0,180,0.0
0,181,0.0
0,182,1647.5909574113357
0,183,0.0
0,184,0.0
0,185,17.687553113664762
0,186,0.0
0,187,31.18186163771952
0,188,0.0
0,189,0.0
0,190,780.6682245781012
0,191,0.0
0,192,0.0
0,193,0.0
0,194,1511.2615632859197
0,195,0.0
0,196,0.0
0,197,0.0
0,198,31.269777163931394
0,199,2126.854617988989
0,200,0.0
0,201,1820.4146227565361
0,202,0.0
0,203,0.0
0,204,0.0
0,205,0.0
0,206,3102.1318627274013
0,207,1821.4554202651525
0,208,0.0
0,209,0.0
0,210,18.560425517697695
0,211,0.0
0,212,0.0
0,213,0.0
0,214,0.0
0,215,0.0
0,216,0.0
0,217,165.17101755747353
0,218,0.0
0,219,1027.717142694717
0,220,0.0
0,221,0.0
0,222,0.0
0,223,0.0
0,224,0.0
0,225,0.0
0,226,30.75407208330944
0,227,11359.177185728367
0,228,0.0
0,229,0.0
0,230,1681.119610348258
0,231,0.0
0,232,0.0
0,233,0.0
0,234,0.0
0,235,11514.51563032914
0,236,0.0
0,237,0.0
0,238,1174.6836841843542
0,239,0.0
0,240,0.0
0,241,0.0
0,242,0.0
0,243,0.0
0,244,1718.0474078901752
0,245,16948.11369317725
0,246,0.0
0,247,1753.2197492127125
0,248,16549.279513780897
0,249,475.6907094290109
0,250,1629.522698975641
0,251,0.0
0,252,0.0
0,253,0.0
0,254,0.0
0,255,0.0
0,256,0.0
0,257,0.0
0,258,0.0
0,259,0.0
0,260,1647.5367039919183
0,261,1728.2727124001067
0,262,1629.4044101243271
0,263,1681.1688077912659
0,264,0.0
0,265,0.0
0,266,0.0
0,267,2906.2106998202726
0,268,0.0
0,269,219.2600553966122
0,270,11154.787882445438
0,271,0.0
0,272,0.0
0,273,1.7982888718497634
0,274,0.0
0,275,15.348452774169346
0,276,0.0
0,277,1292.48799502775
0,278,0.0
0,279,0.0
0,280,0.0
0,281,0.0
0,282,0.0
0,283,13.744627319248139
0,284,21505.354816663144
0,285,0.0
0,286,0.0
0,287,0.0
0,288,0.0
0,289,0.0
0,290,0.0
0,291,0.0
0,292,0.0
0,293,0.0
0,294,8751.043957459467
0,295,13.611163410903828
0,296,0.0
0,297,21172.181910455798
0,298,1476.5360209300343
0,299,0.0
0,300,11203.795017767923
0,301,0.0
0,302,0.0
0,303,1659.79443580523
0,304,0.0
0,305,0.0
0,306,20.676280900148413
0,307,0.0
0,308,0.0
0,309,1511.496482499133
0,310,44622.67597375123
0,311,0.0
0,312,0.0
0,313,7907.072140997319
0,314,19569.342827484248
0,315,0.0
0,316,0.0
0,317,0.0
0,318,0.0
0,319,0.0
0,320,14340.024493909183
0,321,0.0
0,322,0.0
0,323,0.0
0,324,0.0
0,325,0.0
0,326,0.0
0,327,1631.237207759441
0,328,0.0
0,329,0.0
0,330,31.35717102925355
0,331,0.0
0,332,0.0
0,333,0.0
0,334,21505.01906957486
0,335,0.0
0,336,0.0
0,337,0.0
0,338,0.0
0,339,0.0
0,340,0.0
0,341,0.0
0,342,0.0
0,343,21760.768006355953
0,344,0.0
0,345,1.3500490583210194
0,346,0.0
0,347,0.0
0,348,0.0
0,349,0.0
0,350,0.0
0,351,0.0
0,352,1681.2670430714097
0,353,0.0
0,354,0.0
0,355,7937.41325508147
0,356,0.0
0,357,0.0
0,358,0.0
0,359,1629.3984128634402
0,360,0.0
0,361,1186.2926871519576
0,362,0.0
0,363,0.0
0,364,3086.9782396339606
0,365,5452.819968235382
0,366,0.0
0,367,0.0
0,368,1659.8858019020918
0,369,22368.502094582156
0,370,0.0
0,371,21047.093220919214
0,372,0.0
0,373,0.0
0,374,1739.7971528394046
0,375,27607.511611110796
0,376,11552.639904601681
0,377,1868.4654194485156
0,378,0.0
0,379,8051.775042043282
0,380,0.0
0,381,0.0
0,382,0.0
0,383,0.0
0,384,154.93065360428955
0,385,0.0
0,386,0.0
0,387,0.0
0,388,0.0
0,389,0.0
0,390,28.963762944093105
0,391,0.0
0,392,0.0
0,393,0.0
0,394,0.0
0,395,0.0
0,396,0.0
0,397,0.0
0,398,0.0
0,399,0.0
0,400,0.0
0,401,0.0
0,402,0.0
0,403,0.0
0,404,0.0
0,405,1797.2322986647705
0,406,0.0
0,407,933.5255002691374
0,408,0.0
0,409,0.0
0,410,0.0
0,411,0.0
0,412,0.0
0,413,12039.274198900013
0,414,3511.931622031585
0,415,0.0
0,416,0.0
0,417,0.0
0,418,0.0
0,419,22.224643642362935
0,420,0.0
0,421,0.0
0,422,0.0
0,423,0.0
0,424,1629.5157847476767
0,425,0.0
0,426,1629.3162905103454
0,427,0.0
0,428,0.0
0,429,1681.2223658518924
0,430,16151.722916206978
0,431,0.0
0,432,0.0
0,433,220.37004607315976
0,434,0.0
0,435,0.0
0,436,0.0
0,437,0.0
0,438,0.0
0,439,0.0
0,440,0.0
0,441,0.0
0,442,0.0
0,443,22700.97588947984
0,444,0.0
0,445,0.0
0,446,1841.2122759684862
0,447,0.0
0,448,21.337498671951835
0,449,0.0
0,450,0.0
0,451,0.0
0,452,0.0
0,453,0.0
0,454,0.0
0,455,16560.85170100357
0,456,0.0
0,457,0.0
0,458,0.0
0,459,1631.2835888876798
0,460,0.0
0,461,8573.12557044793
0,462,0.0
0,463,1765.4710204478251
0,464,0.0
0,465,0.0
0,466,0.0
0,467,0.0
0,468,0.0
0,469,0.0
0,470,0.0
0,471,0.0
0,472,0.0
0,473,0.0
0,474,0.0
0,475,0.0
0,476,0.0
0,477,0.0
0,478,20068.40705998825
0,479,0.0
0,480,0.0
0,481,1174.7528232758068
0,482,0.0
0,483,0.0
0,484,20836.917483553614
0,485,21278.64765383915
0,486,10502.198763776265
0,487,1477.5940645542905
0,488,114.06818520735033
0,489,16948.103356751802
0,490,23.979958356851057
0,491,0.0
0,492,2075.952810491588
0,493,11693.882875724925
0,494,0.0
0,495,13885.185497669474
0,496,10694.413445480383
0,497,1631.2675702172419
0,498,0.0
0,499,0.0
0,500,0.0
0,501,0.0
0,502,0.0
0,503,1677.4712411463333
0,504,0.0
0,505,0.0
0,506,0.0
0,507,1681.1219575130926
0,508,1631.3197765243967
0,509,0.0
0,510,11159.155009530117
0,511,0.0
1,0,0.0
1,1,0.0
1,2,1681.2526351815577
1,3,1474.9529895104788
1,4,0.0
1,5,0.0
1,6,0.0
1,7,34.01557067426893
1,8,1575.1174699970034
1,9,235.10935429016263
1,10,2154.0623853199577
1,11,1474.12481477869
1,12,0.0
1,13,30.24471961052859
1,14,0.0
1,15,0.0
1,16,5576.038621112402
1,17,40.574332510104796
1,18,12109.630583057367
1,19,21.740941374016074
1,20,2558.929636836594
1,21,0.0
1,22,0.0
1,23,0.0
1,24,31.41385934454138
1,25,0.0
1,26,1475.0350599025114
1,27,0.0
1,28,9.3869240794711
1,29,0.0
1,30,2148.2132602721176
1,31,0.0
1,32,0.0
1,33,4817.445860563585
1,34,1669.7729704141966
1,35,10.186917669102513
1,36,1363.7796091978053
1,37,20919.26345836858
1,38,0.0
1,39,0.0
1,40,0.0
1,41,2008.0677221490769
1,42,0.0
1,43,22641.588409661683
1,44,0.0
1,45,0.0
1,46,0.0
1,47,0.0
1,48,1700.339382097005
1,49,1983.5785774338365
1,50,0.0
1,51,32794.21183001145
1,52,158.42438001097798
1,53,13133.928342023402
1,54,14.963277363638554
1,55,16475.207949867196
1,56,0.0
1,57,1669.6204459764813
1,58,20912.972300382058
1,59,0.0
1,60,0.0
1,61,0.0
1,62,9.900751641387615
1,63,2804.0570608349053
1,64,0.0
1,65,1.069653676678172
1,66,11.46430638502352
1,67,0.0
1,68,21465.091122602644
1,69,0.0
1,70,0.0
1,71,14300.604467807807
1,72,0.0
1,73,1551.7297740101203
1,74,1756.7141725128713
1,75,0.0
1,76,0.0
1,77,0.0
1,78,1546.346828400954
1,79,1.0546621509683973
1,80,16479.01694050157
1,81,0.0
1,82,10.638968355855468
1,83,12.28430426713112
1,84,1681.213441881082
1,85,17839.561672528325
1,86,4940.867851946739
1,87,29.06648950271483
1,88,2367.593065001398
1,89,0.0
1,90,1663.059719154484
1,91,0.0
1,92,1.970698404362338
1,93,8448.597007961758
1,94,0.0
1,95,20989.72761369355
1,96,0.0
1,97,2149.5435365330486
1,98,31.413267326708592
1,99,0.0
1,100,0.0
1,101,0.0
1,102,0.0
1,103,1105.3808360541007
1,104,0.0
1,105,16.906446822084945
1,106,0.0
1,107,0.0
1,108,0.0
1,109,0.0
1,110,11159.155009530117
1,111,0.0
1,112,20332.87702872463
1,113,1681.1309490537387
1,114,12.447360503874734
1,115,21924.11086361535
1,116,5.741676886449568
1,117,1551.658947709515
1,118,0.0
1,119,33.053930550812765
1,120,0.0
1,121,11.375905886947294
1,122,0.0
1,123,0.0
1,124,0.0
1,125,16852.040159906945
1,126,0.0
1,127,0.0
1,128,1704.2705349568023
1,129,0.0
1,130,0.0
1,131,0.0
1,132,0.0
1,133,20954.642625538614
1,134,0.0
1,135,0.0
1,136,12556.294579387366
1,137,0.0
1,138,0.0
1,139,0.0
1,140,0.0
1,141,0.0
1,142,1524.2741150701477
1,143,0.0
1,144,13.667965736568476
1,145,1363.7796091978053
1,146,8.305447314767662
1,147,0.0
1,148,0.0
1,149,0.0
1,150,0.0
1,151,19.967826384258842
1,152,0.0
1,153,2148.2132460828107
1,154,0.0
1,155,0.0
1,156,14808.941651342515
1,157,1822.1229831476485
1,158,18472.495136983256
1,159,13.182804441161352
1,160,0.0
1,161,0.0
1,162,0.0
1,163,5043.016871417069
1,164,27.66747446438694
1,165,0.0
1,166,4940.867851946739
1,167,0.0
1,168,55.601995823933066
1,169,14.655659557923173
1,170,0.0
1,171,0.0
1,172,0.0
1,173,0.0
1,174,18822.59717394858
1,175,0.0
1,176,0.0
1,177,0.0
1,178,0.0
1,179,0.0
1,180,1555.7102360865974
1,181,0.0
1,182,0.0
1,183,0.0
1,184,0.0
1,185,17785.81282890811
1,186,304.4179982176829
1,187,2812.0888226652805
1,188,11.381907438979397
1,189,0.0
1,190,0.0
1,191,9.614038129941036
1,192,0.0
1,193,0.0
1,194,47272.9644856335
1,195,0.0
1,196,0.0
1,197,0.0
1,198,1477.5940645542905
1,199,11.523550903218165
1,200,0.0
1,201,0.0
1,202,0.0
1,203,0.0
1,204,0.0
1,205,0.0
1,206,0.0
1,207,0.0
1,208,0.0
1,209,29180.527507018687
1,210,0.0
1,211,0.0
1,212,0.0
1,213,0.0
1,214,88117.24916259386
1,215,0.0
1,216,0.0
1,217,0.0
1,218,304.4848132215111
1,219,11.420323552408263
1,220,1551.8283103842805
1,221,0.0
1,222,0.0
1,223,0.0
1,224,0.0
1,225,1736.903594269268
1,226,1672.816698773684
1,227,11.465761664131605
1,228,0.0
1,229,0.0
1,230,1851.059816385492
1,231,0.0
1,232,0.0
1,233,0.0
1,234,0.0
1,235,0.0
1,236,0.0
1,237,1505.788427935382
1,238,0.0
1,239,0.0
1,240,0.0
1,241,3230.0647190775444
1,242,1164.9138817153098
1,243,0.0
1,244,11.465407799376408
1,245,19.91930426761337
1,246,20.141195632552808
1,247,0.0
1,248,0.0
1,249,0.0
1,250,1796.68990264666
1,251,0.0
1,252,0.0
1,253,0.0
1,254,21.381912933298736
1,255,0.0
1,256,32.407350429751205
1,257,0.0
1,258,0.0
1,259,0.0
1,260,22301.65523749664
1,261,1672.7867631645786
1,262,0.0
1,263,4.80672969520856
1,264,32.407350429751205
1,265,0.0
1,266,16253.138711457254
1,267,21050.769209177124
1,268,22757.32437232715
1,269,0.0
1,270,0.0
1,271,4.377640283628352
1,272,21745.62546614007
1,273,20.947395101164147
1,274,0.0
1,275,0.0
1,276,0.0
1,277,26.376229665175742
1,278,0.0
1,279,0.0
1,280,1692.6935246519315
1,281,13295.69633446025
1,282,2.398303257958105
1,283,3087.5425593916298
1,284,0.0
1,285,0.0
1,286,0.0
1,287,0.0
1,288,3188.1594967329256
1,289,0.0
1,290,11.523550903218165
1,291,0.0
1,292,1363.9431882359168
1,293,2148.8762354579885
1,294,0.0
1,295,0.0
1,296,0.0
1,297,1695.6828786319784
1,298,31.413267326708592
1,299,0.0
1,300,0.0
1,301,0.0
1,302,1595.1423342890557
1,303,0.0
1,304,17042.927590938212
1,305,0.0
1,306,1540.7564276917547
1,307,11860.132793529374
1,308,0.0
1,309,0.0
1,310,0.0
1,311,0.0
1,312,21106.108508374462
1,313,27.677443308301918
1,314,202.62405529623447
1,315,0.0
1,316,16478.592730458906
1,317,21.211778777997097
1,318,10098.299111648366
1,319,0.0
1,320,37.47741911514822
1,321,0.0
1,322,18114.15425220495
1,323,8588.53242425531
1,324,12.311456542397536
1,325,0.0
1,326,13.611163410903828
1,327,33.869420789003925
1,328,39.247257125951364
1,329,76446.12697081621
1,330,0.0
1,331,1681.0687693321124
1,332,0.0
1,333,0.0
1,334,0.0
1,335,11.523550903218165
1,336,0.0
1,337,10.501881345203401
1,338,2154.7101277704096
1,339,0.0
1,340,0.0
1,341,0.0
1,342,0.0
1,343,1503.973336723211
1,344,2812.0888226652805
1,345,0.0
1,346,0.0
1,347,0.0
1,348,0.0
1,349,20041.36437993998
1,350,31.269777163931394
1,351,0.0
1,352,1362.8165740698205
1,353,0.0
1,354,0.0
1,355,1629.3612647848277
1,356,0.0
1,357,48.130034443304794
1,358,0.0
1,359,0.0
1,360,0.0
1,361,0.0
1,362,1629.4824283598573
1,363,10028.001405223808
1,364,0.0
1,365,4.93964881163447
1,366,0.0
1,367,0.0
1,368,0.0
1,369,0.0
1,370,1629.340162588891
1,371,2769.466514127522
1,372,0.0
1,373,0.0
1,374,9.918837150551553
1,375,1629.577759282016
1,376,0.0
1,377,1736.6657978809235
1,378,0.0
1,379,1476.544135865497
1,380,0.0
1,381,0.0
1,382,0.0
1,383,0.0
1,384,9.900751641387615
1,385,0.0
1,386,8.188847315811472
1,387,0.0
1,388,0.0
1,389,1844.2346869751927
1,390,0.0
1,391,0.0
1,392,0.0
1,393,0.0
1,394,3086.9782396339606
1,395,1685.8538990010638
1,396,0.0
1,397,0.0
1,398,27.253675191921502
1,399,0.0
1,400,0.0
1,401,12109.978867956825
1,402,403.34658080714144
1,403,0.0
1,404,1669.6204459764813
1,405,1362.8165740698205
1,406,1720.3591739033109
1,407,0.0
1,408,0.0
1,409,0.0
1,410,30.943138745333272
1,411,1569.9570589563336
1,412,9719.29310957184
1,413,0.0
1,414,116.91372882926225
1,415,0.0
1,416,4.869183274810894
1,417,0.0
1,418,0.0
1,419,1830.5772514569908
1,420,27.677443308301918
1,421,0.0
1,422,68329.27058172946
1,423,14.016793363964098
1,424,30.915113822333296
1,425,0.0
1,426,0.07732131199827563
1,427,130.28775571017832
1,428,0.0
1,429,0.0
1,430,0.0
1,431,0.0
1,432,0.0
1,433,17825.297364250724
1,434,0.0
1,435,0.0
1,436,84.07124572762041
1,437,874.6750352592062
1,438,1921.377109447927
1,439,0.0
1,440,0.0
1,441,1664.8212353269882
1,442,2072.0517394637145
1,443,19.156757852854753
1,444,0.0
1,445,152.31474919106404
1,446,16557.549369903747
1,447,11.38295423632644
1,448,0.0
1,449,20868.99635536459
1,450,2149.5435365330486
1,451,0.0
1,452,19431.643493657928
1,453,1503.9636570950825
1,454,0.0
1,455,0.0
1,456,1812.6571215075674
1,457,0.0
1,458,0.0
1,459,0.0
1,460,0.0
1,461,87.45428023990644
1,462,28.4097354295036
1,463,0.0
1,464,0.0
1,465,1693.8850133646338
1,466,1174.6862057395492
1,467,1590.8801443360207
1,468,16098.328172392536
1,469,0.0
1,470,13.730832644892871
1,471,39.247257125951364
1,472,17.687553113664762
1,473,0.0
1,474,0.0
1,475,0.0
1,476,1395.0653310664238
1,477,31.43001741021817
1,478,0.0
1,479,0.0
1,480,33.92043830706734
1,481,4532.557600781859
1,482,3196.724834208687
1,483,0.0
1,484,0.0
1,485,0.0
1,486,1.2836723476948464
1,487,49.579893681318936
1,488,0.0
1,489,12563.416379854489
1,490,21590.526192304376
1,491,0.0
1,492,2746.522163208175
1,493,0.0
1,494,11159.155009530117
1,495,0.0
1,496,1540.9132967137775
1,497,48794.1594873532
1,498,0.0
1,499,23630.278568338268
1,500,0.0
1,501,1478.5332004575503
1,502,0.0
1,503,0.0
1,504,0.0
1,505,4.292730879483315
1,506,1065.0140947305235
1,507,44.42415645981055
1,508,0.0
1,509,20.170365086776656
1,510,58.59088136907576
1,511,1551.7806869400847
2,0,20.947395101164147
2,1,0.0
2,2,190.3268394158822
2,3,21.45744047442986
2,4,0.0
2,5,0.0
2,6,27.253675191921502
2,7,1592.7298633486935
2,8,0.0
2,9,59.60605343223688
2,10,0.0
2,11,0.0
2,12,1669.7337075202122
2,13,0.0
2,14,0.0
2,15,0.0
2,16,3486.7276611476973
2,17,94.87094457354306
2,18,31.41385934454138
2,19,39.61391279892814
2,20,11.30632217056882
2,21,65959.86611608347
2,22,28.990661671559792
2,23,13.556266096984473
2,24,0.0
2,25,0.0
2,26,1474.3010412476215
2,27,0.0
2,28,0.0
2,29,0.0
2,30,8.188579309783563
2,31,0.0
2,32,30.2590444488942
2,33,0.0
2,34,80328.41055891127
2,35,0.0
2,36,0.0
2,37,0.0
2,38,30.46224388092287
2,39,0.0
2,40,0.0
2,41,0.0
2,42,27.85779833962988
2,43,1476.5360209300343
2,44,19.61328837741894
2,45,11.488900180476776
2,46,2099.277065093869
2,47,29.19773316406736
2,48,1474.3010412476215
2,49,0.0
2,50,11.489794926530521
2,51,63.41813506125254
2,52,887.0640099260736
2,53,0.0
2,54,0.0
2,55,197.702113678999
2,56,0.0
2,57,18842.304494565484
2,58,0.0
2,59,63.78074265167015
2,60,21.724223215578604
2,61,0.0
2,62,255.9642512612163
2,63,11.38341520382437
2,64,0.0
2,65,0.0
2,66,31.505571031684667
2,67,19.871234184531204
2,68,0.0
2,69,0.0
2,70,23.385940365701572
2,71,0.0
2,72,537.2455147818691
2,73,0.0
2,74,0.0
2,75,0.0
2,76,0.0
2,77,39.99544650465941
2,78,30.953877465865844
2,79,0.0
2,80,1669.9767744004457
2,81,1669.7149328575106
2,82,31.184256521716634
2,83,0.0
2,84,33.37891610515089
2,85,0.0
2,86,78656.40293981454
2,87,10910.77626451577
2,88,0.0
2,89,0.0
2,90,0.0
2,91,0.0
2,92,2.9182567540483433
2,93,75.29541910492298
2,94,12.330893740448118
2,95,1463.4719102201261
2,96,22881.49857311663
2,97,0.0
2,98,0.0
2,99,70965.78255934265
2,100,0.0
2,101,5214.627378942844
2,102,30.37474637115247
2,103,19.196229933807444
2,104,0.0
2,105,21906.525513435274
2,106,0.0
2,107,60.5202627185281
2,108,0.0
2,109,0.0
2,110,66436.32076548957
2,111,0.0
2,112,40.9498160224548
2,113,581.9169224040861
2,114,27.864974411580988
2,115,0.0
2,116,0.0
2,117,0.0
2,118,0.0
2,119,39.837199181891265
2,120,27905.043258595673
2,121,31.3390345328462
2,122,0.0
2,123,4.454766526709136
2,124,0.0
2,125,16.019637907328615
2,126,0.0
2,127,0.0
2,128,0.0
2,129,13.91063726134962
2,130,2155.846058190702
2,131,2367.8763943491067
2,132,4432.911566376736
2,133,1699.0685447623327
2,134,0.0
2,135,39.247257125951364
2,136,16782.515532059533
2,137,40.99945429383297
2,138,0.0
2,139,83391.19054431691
2,140,0.0
2,141,51.15311523976743
2,142,0.0
2,143,0.0
2,144,0.0
2,145,0.0
2,146,120.70495353049591
2,147,38.953703953069635
2,148,13.906191388044135
2,149,38.54602958799296
2,150,0.0
2,151,0.0
2,152,0.0
2,153,0.0
2,154,0.0
2,155,0.0
2,156,30.63295848034886
2,157,1736.6588270204593
2,158,8251.228139510817
2,159,0.0
2,160,35.841712667092
2,161,0.0
2,162,40.574332510104796
2,163,376.54556669355406
2,164,10.200109199613507
2,165,1476.1767397796684
2,166,0.0
2,167,123.45832023292951
2,168,0.0
2,169,0.0
2,170,1672.4468721998273
2,171,2154.7101277704096
2,172,3954.396317970586
2,173,0.0
2,174,27.44109786295121
2,175,21.211778777997097
2,176,0.0
2,177,35.841712667092
2,178,0.0
2,179,1477.5940645542905
2,180,0.0
2,181,31.413267326708592
2,182,0.0
2,183,0.0
2,184,31.269777163931394
2,185,747.0322089420079
2,186,1753.4424700469717
2,187,30.37474637115247
2,188,0.0
2,189,34.490723643854835
2,190,1479.276284005824
2,191,1693.8838677411914
2,192,6971.227502513381
2,193,0.0
2,194,0.0
2,195,0.0
2,196,0.0
2,197,396.7495584959479
2,198,38.853154681220985
2,199,15.520667653598139
2,200,0.0
2,201,15.106665441590849
2,202,0.0
2,203,0.0
2,204,0.0
2,205,12.621932001999085
2,206,40.74065072506892
2,207,0.0
2,208,0.0
2,209,19847.142194215565
2,210,0.0
2,211,11.298150332113437
2,212,1718.4626527801483
2,213,0.0
2,214,39.46578481984852
2,215,0.0
2,216,0.0
2,217,39.860759335088005
2,218,0.0
2,219,0.0
2,220,27.677443308301918
2,221,45.367147778963044
2,222,0.0
2,223,0.0
2,224,21326.30885676571
2,225,3.243907381983263
2,226,2769.466514127522
2,227,31.184256521716634
2,228,13.451946770824179
2,229,28.61508113450145
2,230,0.0
2,231,27.68723382922326
2,232,0.0
2,233,0.0
2,234,28.547695152651613
2,235,288.2733863747162
2,236,0.0
2,237,0.0
2,238,0.0
2,239,1594.990206924249
2,240,0.0
2,241,0.0
2,242,0.0
2,243,1279.0441810782713
2,244,0.0
2,245,0.0
2,246,0.0
2,247,226.23499477473888
2,248,31.01028648377178
2,249,0.0
2,250,14.656448068811187
2,251,94.19656818617295
2,252,2590.276173635437
2,253,0.0
2,254,32.44812139906389
2,255,71758.82219267038
2,256,0.0
2,257,20907.051929262652
2,258,2367.593065001398
2,259,1692.3748017606813
2,260,20.288771564902163
2,261,0.0
2,262,31.258426792287537
2,263,261.54112182591325
2,264,21.73891264722897
2,265,1477.1608761710522
2,266,43.03408401836714
2,267,14.963277363638554
2,268,1713.6563875725797
2,269,1736.680735402584
2,270,0.0
2,271,0.0
2,272,0.0
2,273,1666.2045552994387
2,274,0.0
2,275,0.0
2,276,1737.1174098142546
2,277,21.45744047442986
2,278,0.0
2,279,1607.3956823431508
2,280,9.616300529512955
2,281,0.0
2,282,39.953088619660775
2,283,0.0
2,284,0.0
2,285,1672.3123741432246
2,286,38.57909728265531
2,287,1843.8063038870423
2,288,0.0
2,289,0.0
2,290,0.0
2,291,74060.64921884789
2,292,8.305447314767662
2,293,2148.704758189968
2,294,1669.8895842637612
2,295,4.664441043599254
2,296,1020.4562958832757
2,297,9.616543437927248
2,298,275.8932245291553
2,299,0.0
2,300,0.0
2,301,31.677459398390056
2,302,48.14324897884035
2,303,2511.376411269467
2,304,0.0
2,305,203.4427062931445
2,306,10.649263099190648
2,307,0.0
2,308,0.0
2,309,0.0
2,310,0.0
2,311,0.0
2,312,0.0
2,313,0.0
2,314,2367.8763943491067
2,315,0.0
2,316,1844.2346869751927
2,317,20.886029290594706
2,318,0.0
2,319,0.0
2,320,4484.665712642253
2,321,38.696079428177654
2,322,0.0
2,323,0.0
2,324,3908.002007113786
2,325,1736.755660127852
2,326,0.0
2,327,624.4098981082598
2,328,0.0
2,329,20.02103870987139
2,330,0.0
2,331,29.19773316406736
2,332,0.0
2,333,91599.98303146628
2,334,0.0
2,335,21.45744047442986
2,336,1669.7567467922745
2,337,0.0
2,338,47.85652012610262
2,339,21.211778777997097
2,340,11.379571544556711
2,341,0.0
2,342,14.963277363638554
2,343,0.0
2,344,0.0
2,345,28.985807741831195
2,346,0.0
2,347,39.357389659811815
2,348,7938.478884155909
2,349,21.45744047442986
2,350,0.0
2,351,30.37474637115247
2,352,6036.249651400257
2,353,0.0
2,354,0.0
2,355,28.162729206726
2,356,0.0
2,357,0.0
2,358,19.196229933807444
2,359,0.0
2,360,40.7964964182047
2,361,0.0
2,362,0.0
2,363,31.41385934454138
2,364,0.0
2,365,1672.4781483082152
2,366,52.80594846208351
2,367,40.36716452849214
2,368,0.0
2,369,0.0
2,370,0.0
2,371,0.0
2,372,6008.6249850535805
2,373,0.0
2,374,16.45608919321421
2,375,2153.9916319174336
2,376,1754.4319185695576
2,377,0.0
2,378,0.0
2,379,2148.2118603845083
2,380,0.0
2,381,8.147119913159258
2,382,1795.7605158307997
2,383,43.11037764920184
2,384,2154.3429428292766
2,385,8751.043957459467
2,386,0.0
2,387,0.0
2,388,0.0
2,389,0.0
2,390,19.35363543584117
2,391,38.4364196364977
2,392,31.184256521716634
2,393,0.0
2,394,51.137618016562556
2,395,27.489351046663614
2,396,0.0
2,397,1595.268317337006
2,398,21.45744047442986
2,399,22.201887592522326
2,400,0.0
2,401,0.0
2,402,0.0
2,403,50.93958236571416
2,404,0.0
2,405,0.0
2,406,0.0
2,407,38.31090283813046
2,408,32.684335800536246
2,409,0.0
2,410,20688.477293460717
2,411,0.0
2,412,21326.535809342444
2,413,33.00127079786944
2,414,0.0
2,415,39.247257125951364
2,416,0.0
2,417,0.0
2,418,0.0
2,419,2148.2118603845083
2,420,4833.094773681558
2,421,0.0
2,422,37.73846640867032
2,423,0.0
2,424,0.0
2,425,22.761946543670092
2,426,4.864785057549852
2,427,0.0
2,428,30.290316899748177
2,429,20.288771564902163
2,430,1174.6836841843542
2,431,0.0
2,432,0.0
2,433,3984.460140830405
2,434,31.505571031684667
2,435,2098.1926880561005
2,436,0.0
2,437,49.08196958444478
2,438,1595.618286076402
2,439,0.0
2,440,0.0
2,441,0.0
2,442,8.305447314767662
2,443,0.0
2,444,0.0
2,445,0.0
2,446,0.0
2,447,13173.193233809849
2,448,4.379994301531951
2,449,0.0
2,450,0.0
2,451,20.5160588043218
2,452,0.0
2,453,0.0
2,454,2155.846058190702
2,455,31.184256521716634
2,456,28.56177888102502
2,457,0.0
2,458,32.4048776028294
2,459,0.0
2,460,2367.8763943491067
2,461,0.0
2,462,15.39466668633122
2,463,28.979249433397854
2,464,0.0
2,465,1.5128660712598503
2,466,30.37474637115247
2,467,121.71214378698915
2,468,52.64294295801756
2,469,0.0
2,470,40.75335228589665
2,471,0.0
2,472,0.0
2,473,8.18284676768053
2,474,0.0
2,475,13.611163410903828
2,476,0.0
2,477,1672.7724839841394
2,478,40.5711877696549
2,479,0.0
2,480,0.0
2,481,0.0
2,482,38.10441336099393
2,483,0.0
2,484,1844.2346869751927
2,485,0.0
2,486,0.0
2,487,0.0
2,488,28.24560474100963
2,489,0.0
2,490,0.0
2,491,0.0
2,492,0.0
2,493,0.0
2,494,0.0
2,495,29.08027011620925
2,496,31.184256521716634
2,497,1020.4562958832757
2,498,1736.873326574001
2,499,0.0
2,500,19.10173447793204
2,501,1328.9358567962636
2,502,0.0
2,503,0.0
2,504,32.246389775608804
2,505,0.0
2,506,0.0
2,507,20.810026797110368
2,508,4.761626745065769
2,509,1669.8917659059844
2,510,0.0
2,511,23.136218988885958
3,0,35.841712667092
3,1,2151.7846232056
3,2,0.0
3,3,1595.55171332381
3,4,35.8330824173554
3,5,34.51121283132488
3,6,31.838227910167916
3,7,0.0
3,8,39.247257125951364
3,9,0.0
3,10,23.168659587026923
3,11,0.0
3,12,0.0
3,13,0.0
3,14,39.2873508009925
3,15,0.0
3,16,1321.8744319412854
3,17,46.897033252360416
3,18,39.247257125951364
3,19,0.0
3,20,31.574053779408132
3,21,39.07041177135852
3,22,0.0
3,23,19382.147581110446
3,24,31.188773693746043
3,25,69.81511768756263
3,26,1556.7885592272287
3,27,0.0
3,28,24.20764532376961
3,29,35.841712667092
3,30,45.367147778963044
3,31,0.0
3,32,21.15419137810295
3,33,0.0
3,34,35.841712667092
3,35,1595.295839770737
3,36,27.93253720390112
3,37,0.0
3,38,25.911159561053864
3,39,0.0
3,40,0.0
3,41,28.674326295706123
3,42,35.841712667092
3,43,16.01677381076479
3,44,39.247257125951364
3,45,1736.7479673141825
3,46,32.246389775608804
3,47,0.0
3,48,0.0
3,49,14.650645334929322
3,50,0.0
3,51,0.0
3,52,0.0
3,53,0.0
3,54,2151.8932324454872
3,55,30.481425552052315
3,56,20914.141896118155
3,57,0.0
3,58,35.841712667092
3,59,0.0
3,60,21.170504321547924
3,61,0.0
3,62,42.302162844427585
3,63,0.0
3,64,0.0
3,65,0.0
3,66,14.735936791746099
3,67,31.574053779408132
3,68,0.0
3,69,4389.358983968041
3,70,14.833020648105958
3,71,0.0
3,72,2153.9747582141426
3,73,41.75469550647631
3,74,17467.280475234154
3,75,0.0
3,76,0.0
3,77,0.0
3,78,2153.9747582141426
3,79,20895.666589429457
3,80,0.0
3,81,0.0
3,82,0.0
3,83,35.841712667092
3,84,53.91400635555874
3,85,0.0
3,86,0.0
3,87,0.0
3,88,1468.273200086398
3,89,0.0
3,90,21.78155888657784
3,91,0.0
3,92,35.841712667092
3,93,0.0
3,94,37.73846640867032
3,95,0.0
3,96,31.095386767160562
3,97,0.0
3,98,0.0
3,99,1474.508551409257
3,100,32.2620523049618
3,101,0.0
3,102,0.0
3,103,0.0
3,104,0.0
3,105,0.0
3,106,70.1154892135155
3,107,1666.3408900070608
3,108,19.950515511073718
3,109,0.0
3,110,0.0
3,111,0.0
3,112,64.10888324576717
3,113,40.14085571566011
3,114,1517.0762356282867
3,115,38.91391600193856
3,116,31.48597200028871
3,117,0.0
3,118,0.0
3,119,53.91400635555874
3,120,17467.280475234154
3,121,6735.931181027289
3,122,0.0
3,123,35.841712667092
3,124,0.0
3,125,29.06648950271483
3,126,0.0
3,127,31.574053779408132
3,128,21.2375830099827
3,129,27.998644117275035
3,130,0.0
3,131,0.0
3,132,23.168659587026923
3,133,32.40488146605912
3,134,45.367147778963044
3,135,30.813477948989203
3,136,30.807434328361524
3,137,42.302162844427585
3,138,27.85355896605597
3,139,1694.04964623267
3,140,36.95485441280198
3,141,23.425752677414494
3,142,0.0
3,143,27.93253720390112
3,144,0.0
3,145,1669.9998051198563
3,146,33.866068199688925
3,147,28.56177888102502
3,148,39.837199181891265
3,149,2151.8932324454872
3,150,0.0
3,151,0.0
3,152,26.46503525801927
3,153,40.80419756478386
3,154,0.0
3,155,35.06304349506172
3,156,38.54602958799296
3,157,0.0
3,158,39.247257125951364
3,159,55.096020481238156
3,160,0.0
3,161,0.0
3,162,39.953840922496966
3,163,35.841712667092
3,164,0.0
3,165,0.0
3,166,35.841712667092
3,167,80.4747177486488
3,168,21.432246090877015
3,169,0.0
3,170,32.74063669788211
3,171,0.0
3,172,0.0
3,173,0.0
3,174,40.93171186739983
3,175,0.0
3,176,1476.105557707975
3,177,0.0
3,178,26.37641026651727
3,179,0.0
3,180,39.2638890730841
3,181,0.0
3,182,74.44657570102208
3,183,44.352658148507544
3,184,0.0
3,185,29.128758811927582
3,186,32.246389775608804
3,187,0.0
3,188,78.52798367093055
3,189,0.0
3,190,25.911159561053864
3,191,56.894863849322064
3,192,0.0
3,193,29.73824182162207
3,194,28.274711280152587
3,195,0.0
3,196,38.75981758454418
3,197,42.785930497287154
3,198,21.03328925337246
3,199,0.0
3,200,28.9810576211039
3,201,40.3249875890906
3,202,0.0
3,203,35.841712667092
3,204,1694.0380777479731
3,205,0.0
3,206,0.0
3,207,30.562143153816578
3,208,2153.9747582141426
3,209,1474.505105005279
3,210,40.41678655714986
3,211,35.841712667092
3,212,31.574053779408132
3,213,39.91256584324219
3,214,21316.908914103842
3,215,31.188773693746043
3,216,40.89054317787668
3,217,1595.295839770737
3,218,35.06304349506172
3,219,0.0
3,220,0.0
3,221,1478.5468785577796
3,222,32.16367713932868
3,223,20.886029290594706
3,224,0.0
3,225,2154.0339593170756
3,226,39.247257125951364
3,227,65208.94711558167
3,228,0.0
3,229,0.0
3,230,0.0
3,231,0.0
3,232,41.75469550647631
3,233,0.0
3,234,0.0
3,235,0.0
3,236,0.0
3,237,45.367147778963044
3,238,22.732293999853027
3,239,0.0
3,240,270.4461050471391
3,241,28.33245959215219
3,242,0.0
3,243,1474.3010412476215
3,244,0.0
3,245,9.899993788852953
3,246,45.367147778963044
3,247,39.67290902148579
3,248,12.740784549645468
3,249,0.0
3,250,0.0
3,251,0.0
3,252,32.68129963452975
3,253,1596.0451365140543
3,254,0.0
3,255,30.562143153816578
3,256,0.0
3,257,0.0
3,258,2154.3429428292766
3,259,0.0
3,260,1670.0368287842648
3,261,34.28022453066751
3,262,31.403225496823325
3,263,0.0
3,264,0.0
3,265,34.51121283132488
3,266,0.0
3,267,33.36569671073448
3,268,728.2076468627138
3,269,0.0
3,270,31.788047460274356
3,271,22.504172486769676
3,272,29.284330512889937
3,273,0.0
3,274,40.48221182564612
3,275,1595.1554232167691
3,276,19.23144191119445
3,277,11063.264452337582
3,278,39.247257125951364
3,279,0.0
3,280,39.247257125951364
3,281,0.0
3,282,23664.17712014293
3,283,39.88132891091391
3,284,29.363663903053748
3,285,0.0
3,286,1843.9838463756605
3,287,16.45608919321421
3,288,28.11544688007598
3,289,15.51220226650912
3,290,32.11887989139723
3,291,0.0
3,292,27.955123787871344
3,293,14.880781551348264
3,294,0.0
3,295,29233.263978359897
3,296,0.0
3,297,0.0
3,298,0.0
3,299,0.0
3,300,0.0
3,301,28.354157788221528
3,302,0.0
3,303,40.99637245064878
3,304,27.677443308301918
3,305,15.39466668633122
3,306,19.339679181472093
3,307,6691.976839324613
3,308,45.367147778963044
3,309,0.0
3,310,35.841712667092
3,311,0.0
3,312,36.93227908110839
3,313,0.0
3,314,0.0
3,315,31.680933480655767
3,316,32.068006738594704
3,317,40.09924771080205
3,318,45.31380049647396
3,319,0.0
3,320,0.0
3,321,0.0
3,322,1670.040632649343
3,323,1477.1608761710522
3,324,31.43837194516982
3,325,0.0
3,326,0.0
3,327,0.0
3,328,1676.2335862132095
3,329,35.841712667092
3,330,0.0
3,331,0.0
3,332,0.0
3,333,0.0
3,334,21164.865405563316
3,335,229.18610978188462
3,336,40.09595523112603
3,337,20.483224807111583
3,338,39.42678088521461
3,339,20895.666589429457
3,340,19136.13258452386
3,341,39.08180805902157
3,342,42.244978951343
3,343,27.61366097371956
3,344,0.0
3,345,20.947395101164147
3,346,27000.79954490623
3,347,0.0
3,348,38.24085021846713
3,349,0.0
3,350,45.0189461706841
3,351,1737.1712463021431
3,352,31.863282806128154
3,353,38.24900252831321
3,354,0.0
3,355,1737.2806396903907
3,356,35.841712667092
3,357,0.0
3,358,0.0
3,359,0.0
3,360,2154.0339593170756
3,361,0.0
3,362,1595.6760971455624
3,363,0.0
3,364,35.841712667092
3,365,1702.6045084201724
3,366,21.048765669985187
3,367,0.0
3,368,28.16674773757495
3,369,533.3212274343214
3,370,2367.593065001398
3,371,673.370799778786
3,372,62265.65645067618
3,373,35.841712667092
3,374,0.0
3,375,31.745242802257962
3,376,0.0
3,377,55.096020481238156
3,378,0.0
3,379,28.519709400399734
3,380,4419.247486812253
3,381,32.2752423236534
3,382,39.934774308748274
3,383,19.950515511073718
3,384,0.0
3,385,27.677443308301918
3,386,0.0
3,387,0.0
3,388,21.45744047442986
3,389,35.841712667092
3,390,20.505688743356586
3,391,0.0
3,392,0.0
3,393,0.0
3,394,0.0
3,395,38.9767178624179
3,396,0.0
3,397,46.897033252360416
3,398,0.0
3,399,39.902943712991146
3,400,41.75469550647631
3,401,9.853603131248747
3,402,1694.115307896769
3,403,40.48221182564612
3,404,0.0
3,405,36.93217758543142
3,406,2145.7891410205157
3,407,39.941058960984265
3,408,1476.14180228634
3,409,0.0
3,410,1476.105557707975
3,411,0.0
3,412,1671.2568374105504
3,413,1824.1671170538757
3,414,0.0
3,415,35.841712667092
3,416,0.0
3,417,28.56177888102502
3,418,0.0
3,419,37.05082577118537
3,420,1476.14180228634
3,421,33.14518747543025
3,422,0.0
3,423,23.482401088386723
3,424,29.480413140506244
3,425,0.0
3,426,0.0
3,427,0.0
3,428,27.998644117275035
3,429,0.0
3,430,0.0
3,431,1669.8523938154212
3,432,0.0
3,433,2154.27484048553
3,434,0.0
3,435,0.0
3,436,0.0
3,437,1693.8961434866578
3,438,31.88802860904343
3,439,38.18209062906044
3,440,0.0
3,441,11063.184809649614
3,442,0.0
3,443,0.0
3,444,0.0
3,445,35.841712667092
3,446,26.848824024068563
3,447,19.475466693303133
3,448,29.492045139653783
3,449,33.861105001598844
3,450,32.678267056458026
3,451,30.863632174433405
3,452,1595.1734277202959
3,453,0.0
3,454,0.0
3,455,0.0
3,456,0.0
3,457,0.0
3,458,0.0
3,459,22.38597462832149
3,460,1737.0601224399943
3,461,42.225344454839615
3,462,31.505571031684667
3,463,17.621021813999505
3,464,1558.6317672529476
3,465,37.73846640867032
3,466,39.247257125951364
3,467,39.247257125951364
3,468,0.0
3,469,0.0
3,470,0.0
3,471,0.0
3,472,18387.984955337128
3,473,21.408178100856276
3,474,0.0
3,475,0.0
3,476,39.247257125951364
3,477,0.0
3,478,35.841712667092
3,479,45.367147778963044
3,480,0.0
3,481,0.0
3,482,41.174302264459584
3,483,1414.8167162758582
3,484,40.93171186739983
3,485,19.669762543292563
3,486,0.0
3,487,31.188773693746043
3,488,19.669762543292563
3,489,44.762317565076955
3,490,0.0
3,491,0.0
3,492,53.91400635555874
3,493,32.40488146605912
3,494,41.14707120826097
3,495,0.0
3,496,1450.45816251836
3,497,0.0
3,498,46.0648421923097
3,499,30.23808730021392
3,500,38.24450494336179
3,501,35.841712667092
3,502,0.0
3,503,0.0
3,504,28.519709400399734
3,505,0.0
3,506,35.841712667092
3,507,0.0
3,508,0.0
3,509,0.0
3,510,40.104958220891604
3,511,0.0
4,0,0.0
4,1,35.841712667092
4,2,45.367147778963044
4,3,49.99641342177256
4,4,41.06149301430469
4,5,0.0
4,6,0.0
4,7,0.0
4,8,37.225181395061554
4,9,35.06304349506172
4,10,0.0
4,11,0.0
4,12,42.302162844427585
4,13,0.0
4,14,0.0
4,15,35.841712667092
4,16,1471.0482466313588
4,17,35.841712667092
4,18,0.0
4,19,0.0
4,20,39.247257125951364
4,21,0.0
4,22,45.367147778963044
4,23,53.91400635555874
4,24,0.0
4,25,1580.431402417933
4,26,0.0
4,27,35.841712667092
4,28,53.12029645934217
4,29,0.0
4,30,0.0
4,31,0.0
4,32,0.0
4,33,48.613351505217
4,34,0.0
4,35,0.0
4,36,0.0
4,37,2151.267747881091
4,38,0.0
4,39,2151.267747881091
4,40,35.67355702277655
4,41,0.0
4,42,0.0
4,43,39.247257125951364
4,44,0.0
4,45,0.0
4,46,27.537669206548344
4,47,0.0
4,48,0.0
4,49,35.06304349506172
4,50,38.25541913412235
4,51,0.0
4,52,35.06304349506172
4,53,42.778792254367545
4,54,35.841712667092
4,55,37.12662806768367
4,56,0.0
4,57,0.0
4,58,35.841712667092
4,59,19.669762543292563
4,60,0.0
4,61,35.06304349506172
4,62,35.06304349506172
4,63,11.507802856096532
4,64,38.18209062906044
4,65,38.196712924184794
4,66,35.841712667092
4,67,0.0
4,68,0.0
4,69,0.0
4,70,0.0
4,71,35.841712667092
4,72,0.0
4,73,35.06304349506172
4,74,0.0
4,75,0.0
4,76,35.06304349506172
4,77,0.0
4,78,0.0
4,79,41.06149301430469
4,80,33.407450932275424
4,81,0.0
4,82,35.06304349506172
4,83,0.0
4,84,0.0
4,85,0.0
4,86,0.0
4,87,35.06304349506172
4,88,45.367147778963044
4,89,0.0
4,90,0.0
4,91,35.841712667092
4,92,35.841712667092
4,93,0.0
4,94,0.0
4,95,31.73028765197796
4,96,45.367147778963044
4,97,0.0
4,98,0.0
4,99,36.27492629635708
4,100,28.896607954485262
4,101,35.841712667092
4,102,0.0
4,103,0.0
4,104,0.0
4,105,24.38651416610719
4,106,0.0
4,107,32.85801992209508
4,108,31.574053779408132
4,109,0.0
4,110,0.0
4,111,35.06304349506172
4,112,0.0
4,113,41.06149301430469
4,114,0.0
4,115,31.574053779408132
4,116,0.0
4,117,39.247257125951364
4,118,49.67169883203405
4,119,35.06304349506172
4,120,0.0
4,121,34.32844452210156
4,122,0.0
4,123,41.06149301430469
4,124,53.12029645934217
4,125,42.79310532736781
4,126,0.0
4,127,0.0
4,128,49.79650398494414
4,129,0.0
4,130,0.0
4,131,50.21542702893203
4,132,38.25541913412235
4,133,45.367147778963044
4,134,0.0
4,135,19.24366384323821
4,136,35.06304349506172
4,137,0.0
4,138,0.0
4,139,53.03124813225986
4,140,1558.6317672529476
4,141,35.841712667092
4,142,0.0
4,143,41.06149301430469
4,144,0.0
4,145,35.841712667092
4,146,0.0
4,147,0.0
4,148,0.0
4,149,0.0
4,150,0.0
4,151,0.0
4,152,35.06304349506172
4,153,45.367147778963044
4,154,35.06304349506172
4,155,0.0
4,156,0.0
4,157,0.0
4,158,0.0
4,159,52.94209464275809
4,160,0.0
4,161,0.0
4,162,37.273594519589096
4,163,0.0
4,164,0.0
4,165,24.38651416610719
4,166,38.23494070372635
4,167,35.841712667092
4,168,35.06304349506172
4,169,52.94209464275809
4,170,0.0
4,171,0.0
4,172,35.06304349506172
4,173,0.0
4,174,30.103882637398783
4,175,0.0
4,176,41.107383659521474
4,177,0.0
4,178,0.0
4,179,0.0
4,180,0.0
4,181,39.07733246488897
4,182,4114.986126690354
4,183,0.0
4,184,0.0
4,185,1843.5849885604039
4,186,39.247257125951364
4,187,0.0
4,188,55.096020481238156
4,189,0.0
4,190,42.302162844427585
4,191,0.0
4,192,35.06304349506172
4,193,35.06304349506172
4,194,14.996840004382648
4,195,0.0
4,196,1694.115307896769
4,197,1737.1712463021431
4,198,35.841712667092
4,199,0.0
4,200,2097.539665374694
4,201,0.0
4,202,1737.315903910694
4,203,45.367147778963044
4,204,0.0
4,205,0.0
4,206,0.0
4,207,0.0
4,208,42.79310532736781
4,209,0.0
4,210,0.0
4,211,0.0
4,212,0.0
4,213,33.192595498006085
4,214,0.0
4,215,29.100805731744913
4,216,0.0
4,217,0.0
4,218,25.911159561053864
4,219,39.941058960984265
4,220,35.841712667092
4,221,0.0
4,222,35.06304349506172
4,223,0.0
4,224,28.925071289655534
4,225,39.247257125951364
4,226,0.0
4,227,0.0
4,228,0.0
4,229,35.841712667092
4,230,0.0
4,231,0.0
4,232,0.0
4,233,0.0
4,234,35.06304349506172
4,235,41.93458499141252
4,236,0.0
4,237,0.0
4,238,0.0
4,239,0.0
4,240,32.74063669788211
4,241,0.0
4,242,0.0
4,243,0.0
4,244,0.0
4,245,35.841712667092
4,246,2143.7837582148823
4,247,2147.9029851112464
4,248,0.0
4,249,0.0
4,250,37.02147069669445
4,251,35.841712667092
4,252,0.0
4,253,41.06149301430469
4,254,0.0
4,255,0.0
4,256,0.0
4,257,0.0
4,258,49.67169883203405
4,259,0.0
4,260,35.06304349506172
4,261,0.0
4,262,0.0
4,263,40.73330164054187
4,264,35.908144198420814
4,265,0.0
4,266,0.0
4,267,35.06304349506172
4,268,0.0
4,269,38.18209062906044
4,270,0.0
4,271,0.0
4,272,35.841712667092
4,273,29.044970549108257
4,274,0.0
4,275,0.0
4,276,0.0
4,277,39.247257125951364
4,278,0.0
4,279,0.0
4,280,45.367147778963044
4,281,0.0
4,282,35.841712667092
4,283,0.0
4,284,20.237453200809796
4,285,0.0
4,286,45.367147778963044
4,287,41.06149301430469
4,288,0.0
4,289,0.0
4,290,0.0
4,291,35.841712667092
4,292,0.0
4,293,0.0
4,294,37.273594519589096
4,295,35.06304349506172
4,296,41.06149301430469
4,297,41.86378945902106
4,298,19.24366384323821
4,299,0.0
4,300,49.79650398494414
4,301,0.0
4,302,32.83639762038547
4,303,0.0
4,304,40.94441571006246
4,305,48.613351505217
4,306,0.0
4,307,34.60863378395334
4,308,37.94310761680845
4,309,0.0
4,310,0.0
4,311,0.0
4,312,42.302162844427585
4,313,0.0
4,314,35.06304349506172
4,315,49.67169883203405
4,316,35.841712667092
4,317,32.40488146605912
4,318,34.32844452210156
4,319,24.46490893221744
4,320,35.06304349506172
4,321,0.0
4,322,0.0
4,323,30.756097760637203
4,324,0.0
4,325,27.21083043559247
4,326,0.0
4,327,0.0
4,328,0.0
4,329,0.0
4,330,0.0
4,331,35.841712667092
4,332,0.0
4,333,0.0
4,334,0.0
4,335,40.0537315352758
4,336,35.06304349506172
4,337,0.0
4,338,17827.786592464145
4,339,38.18209062906044
4,340,0.0
4,341,53.03124813225986
4,342,2151.307808700305
4,343,0.0
4,344,0.0
4,345,0.0
4,346,0.0
4,347,41.06149301430469
4,348,49.99641342177256
4,349,35.06304349506172
4,350,35.841712667092
4,351,621.7770753277518
4,352,610.3898490501915
4,353,29.921567196764045
4,354,41.06149301430469
4,355,41.06149301430469
4,356,0.0
4,357,39.247257125951364
4,358,31.396062331912617
4,359,0.0
4,360,51.3572139486605
4,361,0.0
4,362,2152.0838151371463
4,363,0.0
4,364,50.21542702893203
4,365,35.841712667092
4,366,2142.407169362421
4,367,35.841712667092
4,368,29.100805731744913
4,369,0.0
4,370,0.0
4,371,0.0
4,372,41.06149301430469
4,373,25.416993950345386
4,374,39.247257125951364
4,375,0.0
4,376,0.0
4,377,0.0
4,378,0.0
4,379,0.0
4,380,0.0
4,381,39.99525358318624
4,382,35.06304349506172
4,383,35.06304349506172
4,384,0.0
4,385,0.0
4,386,50.302388700129086
4,387,0.0
4,388,0.0
4,389,35.06304349506172
4,390,0.0
4,391,0.0
4,392,0.0
4,393,48.613351505217
4,394,53.12029645934217
4,395,1596.4060638095143
4,396,0.0
4,397,38.196712924184794
4,398,0.0
4,399,45.367147778963044
4,400,41.15476767227028
4,401,35.06304349506172
4,402,45.367147778963044
4,403,35.06304349506172
4,404,35.841712667092
4,405,0.0
4,406,23.761044254456465
4,407,0.0
4,408,39.247257125951364
4,409,0.0
4,410,40.012080350585165
4,411,0.0
4,412,0.0
4,413,42.11217487004433
4,414,38.25541913412235
4,415,0.0
4,416,49.79650398494414
4,417,39.247257125951364
4,418,35.06304349506172
4,419,42.302162844427585
4,420,25.078075868723317
4,421,0.0
4,422,20.501736220580824
4,423,33.337931258885874
4,424,0.0
4,425,35.06304349506172
4,426,0.0
4,427,49.1024101809453
4,428,0.0
4,429,49.99641342177256
4,430,41.06149301430469
4,431,14.996840004382648
4,432,37.94119587474779
4,433,0.0
4,434,0.0
4,435,0.0
4,436,0.0
4,437,0.0
4,438,0.0
4,439,0.0
4,440,35.06304349506172
4,441,0.0
4,442,0.0
4,443,0.0
4,444,0.0
4,445,0.0
4,446,0.0
4,447,41.05270202639076
4,448,35.841712667092
4,449,42.302162844427585
4,450,37.912627937716934
4,451,0.0
4,452,0.0
4,453,1843.3500116934556
4,454,48.613351505217
4,455,19.24366384323821
4,456,0.0
4,457,0.0
4,458,0.0
4,459,0.0
4,460,42.778792254367545
4,461,19.24366384323821
4,462,52.22862507487025
4,463,0.0
4,464,0.0
4,465,19.950515511073718
4,466,0.0
4,467,0.0
4,468,45.367147778963044
4,469,1843.3500116934556
4,470,0.0
4,471,37.273594519589096
4,472,0.0
4,473,53.12029645934217
4,474,35.841712667092
4,475,2148.7744945249397
4,476,35.06304349506172
4,477,2351.016240435436
4,478,0.0
4,479,0.0
4,480,0.0
4,481,0.0
4,482,0.0
4,483,29.100805731744913
4,484,0.0
4,485,1578.9625182142481
4,486,0.0
4,487,0.0
4,488,35.06304349506172
4,489,50.21542702893203
4,490,35.841712667092
4,491,35.28205233977587
4,492,46.80795833399952
4,493,35.06304349506172
4,494,35.06304349506172
4,495,0.0
4,496,35.06304349506172
4,497,28.79506009425495
4,498,0.0
4,499,35.06304349506172
4,500,34.32844452210156
4,501,41.05270202639076
4,502,41.06149301430469
4,503,0.0
4,504,37.11592302734243
4,505,19.24366384323821
4,506,0.0
4,507,0.0
4,508,0.0
4,509,23.168659587026923
4,510,0.0
4,511,35.06304349506172
5,0,0.0
5,1,0.0
5,2,48.38629888032665
5,3,0.0
5,4,0.0
5,5,50.21542702893203
5,6,48.613351505217
5,7,41.06149301430469
5,8,0.0
5,9,0.0
5,10,0.0
5,11,39.7106190692366
5,12,38.25541913412235
5,13,48.38629888032665
5,14,35.06304349506172
5,15,0.0
5,16,41.06149301430469
5,17,47.45805599885989
5,18,35.06304349506172
5,19,37.32590933670235
5,20,41.20818895953562
5,21,25.16197625960922
5,22,34.32844452210156
5,23,48.489667904602356
5,24,49.002983800813126
5,25,0.0
5,26,24.564289937706235
5,27,34.32844452210156
5,28,0.0
5,29,35.06304349506172
5,30,40.94441571006246
5,31,0.0
5,32,0.0
5,33,0.0
5,34,41.15476767227028
5,35,38.196712924184794
5,36,0.0
5,37,0.0
5,38,34.32844452210156
5,39,0.0
5,40,0.0
5,41,41.06149301430469
5,42,0.0
5,43,0.0
5,44,0.0
5,45,0.0
5,46,26.75053355570617
5,47,40.50839324468234
5,48,0.0
5,49,48.613351505217
5,50,0.0
5,51,0.0
5,52,0.0
5,53,0.0
5,54,49.67169883203405
5,55,38.25541913412235
5,56,0.0
5,57,27.537669206548344
5,58,48.70091654647149
5,59,0.0
5,60,0.0
5,61,0.0
5,62,35.06304349506172
5,63,35.06304349506172
5,64,0.0
5,65,0.0
5,66,35.06304349506172
5,67,0.0
5,68,53.03124813225986
5,69,37.8470007573178
5,70,37.62785234776584
5,71,0.0
5,72,46.32851575413952
5,73,34.32844452210156
5,74,48.917124875365516
5,75,0.0
5,76,52.13590545864736
5,77,0.0
5,78,0.0
5,79,41.06149301430469
5,80,48.917124875365516
5,81,35.06304349506172
5,82,0.0
5,83,36.39879702825965
5,84,0.0
5,85,0.0
5,86,34.32844452210156
5,87,35.06304349506172
5,88,47.335789272587135
5,89,0.0
5,90,0.0
5,91,0.0
5,92,42.35302438717645
5,93,41.05270202639076
5,94,0.0
5,95,0.0
5,96,48.489667904602356
5,97,41.06149301430469
5,98,0.0
5,99,0.0
5,100,0.0
5,101,35.06304349506172
5,102,0.0
5,103,43.150998239061664
5,104,0.0
5,105,55.096020481238156
5,106,51.26096340843105
5,107,47.42244651830788
5,108,41.06149301430469
5,109,0.0
5,110,37.273594519589096
5,111,0.0
5,112,0.0
5,113,0.0
5,114,0.0
5,115,35.06304349506172
5,116,0.0
5,117,0.0
5,118,0.0
5,119,0.0
5,120,0.0
5,121,0.0
5,122,0.0
5,123,48.70091654647149
5,124,0.0
5,125,35.06304349506172
5,126,0.0
5,127,37.273594519589096
5,128,37.84241432194176
5,129,42.35302438717645
5,130,0.0
5,131,0.0
5,132,37.968193999737196
5,133,0.0
5,134,41.06149301430469
5,135,36.39879702825965
5,136,24.564289937706235
5,137,0.0
5,138,0.0
5,139,47.45805599885989
5,140,0.0
5,141,17.896664799056452
5,142,35.06304349506172
5,143,0.0
5,144,41.06149301430469
5,145,48.38629888032665
5,146,0.0
5,147,0.0
5,148,0.0
5,149,0.0
5,150,0.0
5,151,0.0
5,152,35.64258589078054
5,153,37.7726553517532
5,154,41.06149301430469
5,155,38.13137856950925
5,156,0.0
5,157,0.0
5,158,35.06304349506172
5,159,0.0
5,160,0.0
5,161,40.51669660542302
5,162,50.21542702893203
5,163,34.32844452210156
5,164,47.335789272587135
5,165,42.69617193274189
5,166,0.0
5,167,35.06304349506172
5,168,47.335789272587135
5,169,23.908544823479133
5,170,0.0
5,171,0.0
5,172,0.0
5,173,48.613351505217
5,174,0.0
5,175,49.67169883203405
5,176,28.70317342880935
5,177,49.67169883203405
5,178,38.759953384790606
5,179,41.06149301430469
5,180,34.32844452210156
5,181,48.917124875365516
5,182,1919.8324567805976
5,183,47.335789272587135
5,184,0.0
5,185,35.06304349506172
5,186,0.0
5,187,0.0
5,188,34.32844452210156
5,189,0.0
5,190,53.03124813225986
5,191,0.0
5,192,0.0
5,193,0.0
5,194,16019.65908243421
5,195,48.445871178558264
5,196,0.0
5,197,15795.140477167097
5,198,0.0
5,199,0.0
5,200,0.0
5,201,35.06304349506172
5,202,41.06149301430469
5,203,0.0
5,204,34.32844452210156
5,205,41.06149301430469
5,206,51.91635062306523
5,207,0.0
5,208,34.32844452210156
5,209,0.0
5,210,0.0
5,211,37.33648188478128
5,212,23.838948492467352
5,213,0.0
5,214,0.0
5,215,78.08751428957112
5,216,34.32844452210156
5,217,24.38651416610719
5,218,0.0
5,219,48.70091654647149
5,220,0.0
5,221,0.0
5,222,0.0
5,223,0.0
5,224,34.32844452210156
5,225,47.335789272587135
5,226,50.404162661235205
5,227,45.367147778963044
5,228,0.0
5,229,0.0
5,230,0.0
5,231,0.0
5,232,52.13590545864736
5,233,36.39879702825965
5,234,2097.539665374694
5,235,0.0
5,236,35.06304349506172
5,237,16018.701208897826
5,238,49.002983800813126
5,239,0.0
5,240,41.06149301430469
5,241,36.39879702825965
5,242,0.0
5,243,0.0
5,244,0.0
5,245,0.0
5,246,49.99641342177256
5,247,53.293765867458205
5,248,1737.936047269046
5,249,0.0
5,250,0.0
5,251,0.0
5,252,26.75053355570617
5,253,0.0
5,254,47.45805599885989
5,255,38.25541913412235
5,256,0.0
5,257,0.0
5,258,34.32844452210156
5,259,41.06149301430469
5,260,0.0
5,261,40.51669660542302
5,262,47.45805599885989
5,263,38.196712924184794
5,264,40.51669660542302
5,265,34.32844452210156
5,266,37.32590933670235
5,267,0.0
5,268,0.0
5,269,34.32844452210156
5,270,52.22862507487025
5,271,51.91635062306523
5,272,35.06304349506172
5,273,35.64258589078054
5,274,34.32844452210156
5,275,0.0
5,276,1919.8324567805976
5,277,49.67169883203405
5,278,0.0
5,279,38.25541913412235
5,280,47.335789272587135
5,281,38.18209062906044
5,282,0.0
5,283,0.0
5,284,0.0
5,285,0.0
5,286,39.39265066209009
5,287,41.06149301430469
5,288,0.0
5,289,35.06304349506172
5,290,0.0
5,291,0.0
5,292,41.06149301430469
5,293,0.0
5,294,0.0
5,295,40.51669660542302
5,296,0.0
5,297,35.06304349506172
5,298,0.0
5,299,0.0
5,300,48.70091654647149
5,301,0.0
5,302,34.32844452210156
5,303,0.0
5,304,34.699992346937506
5,305,0.0
5,306,0.0
5,307,37.968193999737196
5,308,35.64258589078054
5,309,50.302388700129086
5,310,47.45805599885989
5,311,0.0
5,312,1913.2209710512252
5,313,0.0
5,314,0.0
5,315,47.335789272587135
5,316,34.32844452210156
5,317,0.0
5,318,0.0
5,319,34.32844452210156
5,320,0.0
5,321,37.9072368267789
5,322,0.0
5,323,35.06304349506172
5,324,0.0
5,325,40.51669660542302
5,326,0.0
5,327,0.0
5,328,42.53363461956906
5,329,34.32844452210156
5,330,0.0
5,331,0.0
5,332,0.0
5,333,15909.79651115256
5,334,48.917124875365516
5,335,0.0
5,336,52.06472039664732
5,337,0.0
5,338,34.32844452210156
5,339,24.789219979958034
5,340,48.70091654647149
5,341,26.75053355570617
5,342,18.67241559768445
5,343,0.0
5,344,0.0
5,345,2097.539665374694
5,346,40.51669660542302
5,347,0.0
5,348,41.06149301430469
5,349,0.0
5,350,0.0
5,351,35.06304349506172
5,352,49.67169883203405
5,353,55.096020481238156
5,354,33.635226940429675
5,355,0.0
5,356,35.06304349506172
5,357,0.0
5,358,41.06149301430469
5,359,34.88737163762107
5,360,49.11441655177623
5,361,0.0
5,362,0.0
5,363,37.273594519589096
5,364,0.0
5,365,0.0
5,366,36.38957625289186
5,367,0.0
5,368,24.802124050658676
5,369,36.39879702825965
5,370,47.45805599885989
5,371,0.0
5,372,0.0
5,373,0.0
5,374,52.13590545864736
5,375,42.53363461956906
5,376,34.32844452210156
5,377,37.71403206694413
5,378,35.06304349506172
5,379,0.0
5,380,47.45805599885989
5,381,52.87883306832191
5,382,0.0
5,383,0.0
5,384,49.67169883203405
5,385,42.35302438717645
5,386,49.67169883203405
5,387,52.22862507487025
5,388,0.0
5,389,0.0
5,390,48.489667904602356
5,391,49.67169883203405
5,392,0.0
5,393,0.0
5,394,0.0
5,395,35.06304349506172
5,396,0.0
5,397,48.489667904602356
5,398,35.06304349506172
5,399,37.273594519589096
5,400,34.32844452210156
5,401,50.404162661235205
5,402,0.0
5,403,52.06472039664732
5,404,48.38629888032665
5,405,0.0
5,406,0.0
5,407,53.03124813225986
5,408,42.35302438717645
5,409,0.0
5,410,48.38629888032665
5,411,0.0
5,412,34.32844452210156
5,413,0.0
5,414,35.06304349506172
5,415,47.42244651830788
5,416,34.32844452210156
5,417,37.968193999737196
5,418,0.0
5,419,47.335789272587135
5,420,0.0
5,421,34.93000925775323
5,422,42.778792254367545
5,423,0.0
5,424,0.0
5,425,0.0
5,426,23.81893987876174
5,427,0.0
5,428,0.0
5,429,0.0
5,430,0.0
5,431,0.0
5,432,0.0
5,433,0.0
5,434,0.0
5,435,0.0
5,436,48.917124875365516
5,437,49.133093068568996
5,438,48.917124875365516
5,439,50.182193708732484
5,440,0.0
5,441,0.0
5,442,0.0
5,443,0.0
5,444,0.0
5,445,0.0
5,446,0.0
5,447,42.35302438717645
5,448,37.9072368267789
5,449,2098.1463955708787
5,450,39.07733246488897
5,451,0.0
5,452,15980.240000082704
5,453,50.21542702893203
5,454,0.0
5,455,0.0
5,456,0.0
5,457,0.0
5,458,48.613351505217
5,459,49.99641342177256
5,460,0.0
5,461,0.0
5,462,48.917124875365516
5,463,35.06304349506172
5,464,0.0
5,465,35.67355702277655
5,466,41.15476767227028
5,467,0.0
5,468,0.0
5,469,41.06149301430469
5,470,49.79650398494414
5,471,26.75053355570617
5,472,1918.4660565424783
5,473,0.0
5,474,0.0
5,475,0.0
5,476,49.133093068568996
5,477,40.499090127285854
5,478,52.13590545864736
5,479,0.0
5,480,0.0
5,481,40.499090127285854
5,482,35.06304349506172
5,483,0.0
5,484,41.06149301430469
5,485,0.0
5,486,0.0
5,487,0.0
5,488,49.99641342177256
5,489,0.0
5,490,41.06149301430469
5,491,38.23878076779238
5,492,0.0
5,493,35.06304349506172
5,494,0.0
5,495,0.0
5,496,41.3578377140293
5,497,47.335789272587135
5,498,0.0
5,499,0.0
5,500,48.38629888032665
5,501,0.0
5,502,0.0
5,503,0.0
5,504,34.32844452210156
5,505,0.0
5,506,41.06149301430469
5,507,0.0
5,508,0.0
5,509,31.73028765197796
5,510,37.62785234776584
5,511,0.0
6,0,41.3578377140293
6,1,0.0
6,2,51.91635062306523
6,3,0.0
6,4,0.0
6,5,51.03217701216818
6,6,0.0
6,7,46.108221037164185
6,8,50.47203006891232
6,9,52.06472039664732
6,10,0.0
6,11,0.0
6,12,48.38629888032665
6,13,40.51669660542302
6,14,0.0
6,15,0.0
6,16,0.0
6,17,0.0
6,18,37.313464240730355
6,19,46.262704665993624
6,20,51.03217701216818
6,21,0.0
6,22,0.0
6,23,0.0
6,24,0.0
6,25,0.0
6,26,0.0
6,27,0.0
6,28,51.187983120697936
6,29,0.0
6,30,47.8757223919265
6,31,0.0
6,32,46.157543059821364
6,33,0.0
6,34,46.17887646369854
6,35,0.0
6,36,37.62785234776584
6,37,47.01130346248101
6,38,1915.307716075742
6,39,0.0
6,40,0.0
6,41,48.38629888032665
6,42,46.262704665993624
6,43,47.447267132762136
6,44,16019.65908243421
6,45,0.0
6,46,0.0
6,47,0.0
6,48,51.26096340843105
6,49,0.0
6,50,0.0
6,51,46.108221037164185
6,52,0.0
6,53,0.0
6,54,0.0
6,55,0.0
6,56,48.445871178558264
6,57,0.0
6,58,0.0
6,59,0.0
6,60,0.0
6,61,0.0
6,62,48.917124875365516
6,63,46.108221037164185
6,64,36.39879702825965
6,65,48.445871178558264
6,66,48.38629888032665
6,67,0.0
6,68,0.0
6,69,47.661824189732215
6,70,47.447267132762136
6,71,39.30998960383204
6,72,37.273594519589096
6,73,0.0
6,74,0.0
6,75,47.288668871537084
6,76,0.0
6,77,52.63338371771806
6,78,25.796990203208225
6,79,51.20478339318106
6,80,51.87157577117887
6,81,0.0
6,82,37.59947449039282
6,83,0.0
6,84,0.0
6,85,0.0
6,86,51.127117815946804
6,87,0.0
6,88,0.0
6,89,52.06472039664732
6,90,0.0
6,91,0.0
6,92,47.14278155813463
6,93,0.0
6,94,0.0
6,95,36.39879702825965
6,96,51.127117815946804
6,97,52.06472039664732
6,98,0.0
6,99,0.0
6,100,46.17887646369854
6,101,0.0
6,102,47.335789272587135
6,103,41.3578377140293
6,104,0.0
6,105,0.0
6,106,0.0
6,107,0.0
6,108,47.661824189732215
6,109,0.0
6,110,47.447267132762136
6,111,0.0
6,112,35.55535831843008
6,113,51.093410182472326
6,114,0.0
6,115,0.0
6,116,0.0
6,117,0.0
6,118,47.14278155813463
6,119,0.0
6,120,36.39879702825965
6,121,45.128907327114575
6,122,0.0
6,123,48.38629888032665
6,124,0.0
6,125,0.0
6,126,48.38629888032665
6,127,0.0
6,128,48.38629888032665
6,129,0.0
6,130,50.93013226316725
6,131,0.0
6,132,47.661824189732215
6,133,52.13590545864736
6,134,0.0
6,135,46.108221037164185
6,136,0.0
6,137,0.0
6,138,0.0
6,139,0.0
6,140,40.01062867460587
6,141,46.108221037164185
6,142,0.0
6,143,0.0
6,144,0.0
6,145,46.20787095860214
6,146,40.499090127285854
6,147,0.0
6,148,0.0
6,149,0.0
6,150,0.0
6,151,0.0
6,152,47.14278155813463
6,153,0.0
6,154,0.0
6,155,47.335789272587135
6,156,0.0
6,157,0.0
6,158,52.13590545864736
6,159,0.0
6,160,0.0
6,161,51.26096340843105
6,162,0.0
6,163,48.917124875365516
6,164,46.20787095860214
6,165,0.0
6,166,37.53280645126597
6,167,48.445871178558264
6,168,0.0
6,169,0.0
6,170,47.85786784616721
6,171,0.0
6,172,51.87157577117887
6,173,37.15269290014567
6,174,0.0
6,175,0.0
6,176,46.108221037164185
6,177,50.98827713459377
6,178,0.0
6,179,0.0
6,180,37.15269290014567
6,181,0.0
6,182,0.0
6,183,48.917124875365516
6,184,42.35302438717645
6,185,0.0
6,186,0.0
6,187,0.0
6,188,0.0
6,189,47.335789272587135
6,190,0.0
6,191,0.0
6,192,46.20787095860214
6,193,39.994434778262985
6,194,46.262704665993624
6,195,47.447267132762136
6,196,0.0
6,197,0.0
6,198,0.0
6,199,36.6921619591767
6,200,52.87883306832191
6,201,46.108221037164185
6,202,50.47203006891232
6,203,0.0
6,204,48.70091654647149
6,205,40.00320064204243
6,206,37.273594519589096
6,207,0.0
6,208,0.0
6,209,36.39879702825965
6,210,47.661824189732215
6,211,0.0
6,212,37.97839122543064
6,213,40.855062432227896
6,214,0.0
6,215,0.0
6,216,47.661824189732215
6,217,0.0
6,218,37.15269290014567
6,219,50.401339690593886
6,220,35.55535831843008
6,221,46.20787095860214
6,222,0.0
6,223,42.35302438717645
6,224,0.0
6,225,0.0
6,226,578.8535757420914
6,227,47.14278155813463
6,228,77.65217306143313
6,229,0.0
6,230,47.335789272587135
6,231,46.108221037164185
6,232,47.335789272587135
6,233,0.0
6,234,48.38629888032665
6,235,0.0
6,236,0.0
6,237,0.0
6,238,0.0
6,239,51.187983120697936
6,240,48.38629888032665
6,241,0.0
6,242,47.74701610337979
6,243,578.8535757420914
6,244,47.661824189732215
6,245,0.0
6,246,0.0
6,247,47.335789272587135
6,248,0.0
6,249,0.0
6,250,0.0
6,251,40.51669660542302
6,252,0.0
6,253,51.620142086801025
6,254,52.06472039664732
6,255,0.0
6,256,0.0
6,257,0.0
6,258,37.53280645126597
6,259,0.0
6,260,0.0
6,261,51.324962863907786
6,262,37.38783726042948
6,263,0.0
6,264,0.0
6,265,0.0
6,266,48.917124875365516
6,267,0.0
6,268,0.0
6,269,0.0
6,270,0.0
6,271,0.0
6,272,0.0
6,273,47.85786784616721
6,274,42.17670971966527
6,275,0.0
6,276,47.23426324398861
6,277,0.0
6,278,0.0
6,279,47.335789272587135
6,280,47.335789272587135
6,281,0.0
6,282,46.108221037164185
6,283,46.20787095860214
6,284,1915.307716075742
6,285,0.0
6,286,0.0
6,287,0.0
6,288,48.917124875365516
6,289,0.0
6,290,48.38629888032665
6,291,37.968193999737196
6,292,0.0
6,293,0.0
6,294,0.0
6,295,47.447267132762136
6,296,48.38629888032665
6,297,52.628294175622614
6,298,46.20787095860214
6,299,0.0
6,300,0.0
6,301,51.26096340843105
6,302,0.0
6,303,0.0
6,304,0.0
6,305,46.20787095860214
6,306,0.0
6,307,47.335789272587135
6,308,0.0
6,309,0.0
6,310,48.80347193027228
6,311,0.0
6,312,0.0
6,313,0.0
6,314,46.01097367869352
6,315,0.0
6,316,46.108221037164185
6,317,0.0
6,318,48.38629888032665
6,319,48.38629888032665
6,320,46.108221037164185
6,321,47.335789272587135
6,322,0.0
6,323,40.50839324468234
6,324,35.91152885174415
6,325,25.50055853795675
6,326,0.0
6,327,0.0
6,328,40.900573702091606
6,329,48.38629888032665
6,330,0.0
6,331,50.21473095677993
6,332,0.0
6,333,50.92096310811394
6,334,0.0
6,335,48.445871178558264
6,336,0.0
6,337,47.85786784616721
6,338,50.93013226316725
6,339,48.38629888032665
6,340,51.093410182472326
6,341,46.108221037164185
6,342,0.0
6,343,48.917124875365516
6,344,0.0
6,345,0.0
6,346,51.91635062306523
6,347,0.0
6,348,46.20787095860214
6,349,50.3295131697605
6,350,0.0
6,351,0.0
6,352,0.0
6,353,0.0
6,354,51.127117815946804
6,355,33.635226940429675
6,356,50.999974955610014
6,357,0.0
6,358,39.211736639090304
6,359,47.447267132762136
6,360,0.0
6,361,0.0
6,362,0.0
6,363,0.0
6,364,47.335789272587135
6,365,51.187983120697936
6,366,0.0
6,367,0.0
6,368,0.0
6,369,0.0
6,370,0.0
6,371,0.0
6,372,0.0
6,373,0.0
6,374,0.0
6,375,46.20787095860214
6,376,0.0
6,377,46.108221037164185
6,378,77.61248959875229
6,379,0.0
6,380,47.335789272587135
6,381,51.26096340843105
6,382,41.3578377140293
6,383,38.13137856950925
6,384,40.01062867460587
6,385,0.0
6,386,49.67169883203405
6,387,0.0
6,388,0.0
6,389,0.0
6,390,39.994434778262985
6,391,48.489667904602356
6,392,47.48393794925505
6,393,47.661824189732215
6,394,47.73225738853307
6,395,46.20787095860214
6,396,47.14278155813463
6,397,0.0
6,398,0.0
6,399,25.796990203208225
6,400,0.0
6,401,49.67169883203405
6,402,37.38783726042948
6,403,47.661824189732215
6,404,52.06472039664732
6,405,49.133093068568996
6,406,0.0
6,407,46.108221037164185
6,408,48.38629888032665
6,409,33.635226940429675
6,410,48.70091654647149
6,411,33.635226940429675
6,412,0.0
6,413,0.0
6,414,47.14278155813463
6,415,0.0
6,416,0.0
6,417,0.0
6,418,47.335789272587135
6,419,0.0
6,420,0.0
6,421,46.20787095860214
6,422,36.39879702825965
6,423,37.66206423145286
6,424,0.0
6,425,0.0
6,426,0.0
6,427,0.0
6,428,0.0
6,429,0.0
6,430,51.127117815946804
6,431,0.0
6,432,53.29303361874008
6,433,35.55535831843008
6,434,0.0
6,435,42.35302438717645
6,436,52.13590545864736
6,437,0.0
6,438,0.0
6,439,47.447267132762136
6,440,47.8757223919265
6,441,48.38629888032665
6,442,0.0
6,443,47.335789272587135
6,444,0.0
6,445,47.335789272587135
6,446,0.0
6,447,52.14585182131577
6,448,0.0
6,449,33.635226940429675
6,450,0.0
6,451,0.0
6,452,0.0
6,453,0.0
6,454,51.372248708102234
6,455,0.0
6,456,48.38629888032665
6,457,37.72535195958881
6,458,47.335789272587135
6,459,0.0
6,460,36.39879702825965
6,461,0.0
6,462,0.0
6,463,0.0
6,464,0.0
6,465,51.26096340843105
6,466,0.0
6,467,47.335789272587135
6,468,0.0
6,469,0.0
6,470,0.0
6,471,46.20787095860214
6,472,48.917124875365516
6,473,0.0
6,474,51.127117815946804
6,475,0.0
6,476,36.39879702825965
6,477,0.0
6,478,47.14336321032624
6,479,33.635226940429675
6,480,40.50839324468234
6,481,0.0
6,482,49.487395273517905
6,483,0.0
6,484,0.0
6,485,0.0
6,486,48.38629888032665
6,487,48.38629888032665
6,488,0.0
6,489,39.211736639090304
6,490,33.635226940429675
6,491,0.0
6,492,0.0
6,493,41.3578377140293
6,494,0.0
6,495,0.0
6,496,0.0
6,497,47.335789272587135
6,498,41.96640001133255
6,499,0.0
6,500,46.17887646369854
6,501,36.39879702825965
6,502,0.0
6,503,47.23426324398861
6,504,1915.307716075742
6,505,46.108221037164185
6,506,0.0
6,507,0.0
6,508,47.335789272587135
6,509,46.108221037164185
6,510,0.0
6,511,0.0
7,0,50.21804543540566
7,1,47.447267132762136
7,2,0.0
7,3,0.0
7,4,47.74701610337979
7,5,0.0
7,6,50.26735774865119
7,7,46.20787095860214
7,8,0.0
7,9,24.982494234320257
7,10,49.487395273517905
7,11,0.0
7,12,47.447267132762136
7,13,49.54073109791443
7,14,0.0
7,15,0.0
7,16,46.108221037164185
7,17,0.0
7,18,45.00632435337775
7,19,47.61012847737311
7,20,44.90291903310572
7,21,0.0
7,22,49.54073109791443
7,23,50.124120801337995
7,24,49.969455933048266
7,25,0.0
7,26,0.0
7,27,0.0
7,28,46.44849002742012
7,29,46.20787095860214
7,30,0.0
7,31,50.3295131697605
7,32,0.0
7,33,45.87793992579918
7,34,50.21804543540566
7,35,0.0
7,36,0.0
7,37,0.0
7,38,0.0
7,39,44.91901057726318
7,40,47.14278155813463
7,41,0.0
7,42,0.0
7,43,0.0
7,44,45.00632435337775
7,45,0.0
7,46,52.66376625312478
7,47,0.0
7,48,0.0
7,49,47.23426324398861
7,50,46.01097367869352
7,51,50.46522798273327
7,52,46.23470137039203
7,53,0.0
7,54,0.0
7,55,0.0
7,56,46.108221037164185
7,57,0.0
7,58,49.423959984274916
7,59,50.293580641977314
7,60,0.0
7,61,0.0
7,62,0.0
7,63,47.335789272587135
7,64,51.20478339318106
7,65,44.91901057726318
7,66,46.20787095860214
7,67,0.0
7,68,0.0
7,69,0.0
7,70,49.487395273517905
7,71,0.0
7,72,45.00632435337775
7,73,46.17887646369854
7,74,0.0
7,75,0.0
7,76,50.124120801337995
7,77,46.17887646369854
7,78,0.0
7,79,50.3295131697605
7,80,45.00632435337775
7,81,0.0
7,82,0.0
7,83,46.108221037164185
7,84,50.21804543540566
7,85,46.44849002742012
7,86,45.758870272982676
7,87,0.0
7,88,46.14458767434917
7,89,50.404162661235205
7,90,45.0480920963937
7,91,0.0
7,92,45.00632435337775
7,93,45.0480920963937
7,94,0.0
7,95,49.54073109791443
7,96,46.108221037164185
7,97,0.0
7,98,0.0
7,99,0.0
7,100,0.0
7,101,47.447267132762136
7,102,0.0
7,103,45.94039780615276
7,104,0.0
7,105,37.40527496872801
7,106,0.0
7,107,46.108221037164185
7,108,44.91901057726318
7,109,0.0
7,110,45.81270914970355
7,111,50.56224050776291
7,112,52.628686683539854
7,113,43.095107939741865
7,114,44.91901057726318
7,115,0.0
7,116,45.00632435337775
7,117,0.0
7,118,0.0
7,119,45.00632435337775
7,120,46.108221037164185
7,121,0.0
7,122,0.0
7,123,0.0
7,124,50.404162661235205
7,125,0.0
7,126,46.17887646369854
7,127,0.0
7,128,46.108221037164185
7,129,0.0
7,130,50.46522798273327
7,131,45.00632435337775
7,132,0.0
7,133,0.0
7,134,0.0
7,135,0.0
7,136,46.44849002742012
7,137,0.0
7,138,52.66376625312478
7,139,0.0
7,140,46.66159195884484
7,141,49.27597612696263
7,142,46.108221037164185
7,143,46.108221037164185
7,144,0.0
7,145,43.94201817529574
7,146,0.0
7,147,0.0
7,148,46.64457765721181
7,149,44.91901057726318
7,150,46.01886691463096
7,151,0.0
7,152,0.0
7,153,0.0
7,154,0.0
7,155,0.0
7,156,0.0
7,157,50.404162661235205
7,158,50.93013226316725
7,159,0.0
7,160,0.0
7,161,0.0
7,162,0.0
7,163,46.108221037164185
7,164,51.03217701216818
7,165,0.0
7,166,0.0
7,167,46.108221037164185
7,168,44.91901057726318
7,169,0.0
7,170,44.91901057726318
7,171,0.0
7,172,0.0
7,173,0.0
7,174,0.0
7,175,49.54073109791443
7,176,0.0
7,177,0.0
7,178,0.0
7,179,0.0
7,180,0.0
7,181,46.01097367869352
7,182,0.0
7,183,0.0
7,184,44.98079630875418
7,185,46.108221037164185
7,186,50.21804543540566
7,187,44.91901057726318
7,188,0.0
7,189,49.12022662410709
7,190,52.86350766514897
7,191,0.0
7,192,0.0
7,193,45.829855777991725
7,194,46.20787095860214
7,195,46.64457765721181
7,196,47.62464319311857
7,197,0.0
7,198,0.0
7,199,50.124120801337995
7,200,47.23426324398861
7,201,50.93013226316725
7,202,0.0
7,203,46.157543059821364
7,204,0.0
7,205,46.157543059821364
7,206,49.487395273517905
7,207,0.0
7,208,49.54073109791443
7,209,0.0
7,210,0.0
7,211,46.20787095860214
7,212,46.44849002742012
7,213,0.0
7,214,0.0
7,215,0.0
7,216,0.0
7,217,45.94039780615276
7,218,0.0
7,219,0.0
7,220,50.404162661235205
7,221,0.0
7,222,0.0
7,223,52.664428486782526
7,224,0.0
7,225,49.487395273517905
7,226,46.108221037164185
7,227,0.0
7,228,0.0
7,229,46.108221037164185
7,230,0.0
7,231,0.0
7,232,0.0
7,233,44.91901057726318
7,234,0.0
7,235,0.0
7,236,0.0
7,237,44.824515867722766
7,238,45.00632435337775
7,239,44.91901057726318
7,240,50.404162661235205
7,241,39.211736639090304
7,242,0.0
7,243,46.20787095860214
7,244,45.0480920963937
7,245,0.0
7,246,0.0
7,247,0.0
7,248,46.108221037164185
7,249,46.17887646369854
7,250,0.0
7,251,0.0
7,252,44.91901057726318
7,253,0.0
7,254,46.108221037164185
7,255,0.0
7,256,45.0480920963937
7,257,46.108221037164185
7,258,0.0
7,259,0.0
7,260,0.0
7,261,0.0
7,262,0.0
7,263,0.0
7,264,0.0
7,265,46.20787095860214
7,266,0.0
7,267,46.108221037164185
7,268,0.0
7,269,45.00632435337775
7,270,44.91901057726318
7,271,0.0
7,272,0.0
7,273,0.0
7,274,53.09841727026651
7,275,49.313213610235834
7,276,0.0
7,277,0.0
7,278,0.0
7,279,49.487395273517905
7,280,45.00632435337775
7,281,0.0
7,282,40.496710833401266
7,283,0.0
7,284,44.824515867722766
7,285,0.0
7,286,50.404162661235205
7,287,47.661824189732215
7,288,0.0
7,289,50.35278404110977
7,290,49.487395273517905
7,291,46.108221037164185
7,292,0.0
7,293,52.66376625312478
7,294,0.0
7,295,0.0
7,296,44.91901057726318
7,297,0.0
7,298,0.0
7,299,0.0
7,300,44.90291903310572
7,301,0.0
7,302,0.0
7,303,0.0
7,304,46.108221037164185
7,305,46.108221037164185
7,306,46.108221037164185
7,307,38.83664617885461
7,308,0.0
7,309,46.64457765721181
7,310,53.47596741698271
7,311,46.23470137039203
7,312,49.54073109791443
7,313,41.96644679815654
7,314,46.157543059821364
7,315,38.52870462318151
7,316,44.90291903310572
7,317,50.21804543540566
7,318,0.0
7,319,46.108221037164185
7,320,0.0
7,321,0.0
7,322,45.00632435337775
7,323,0.0
7,324,46.64457765721181
7,325,49.12022662410709
7,326,0.0
7,327,50.404162661235205
7,328,45.00632435337775
7,329,0.0
7,330,47.14278155813463
7,331,45.758870272982676
7,332,50.21804543540566
7,333,46.108221037164185
7,334,0.0
7,335,46.108221037164185
7,336,0.0
7,337,0.0
7,338,44.91901057726318
7,339,0.0
7,340,44.91901057726318
7,341,47.693610322991844
7,342,0.0
7,343,0.0
7,344,46.108221037164185
7,345,50.21804543540566
7,346,44.91901057726318
7,347,0.0
7,348,46.17887646369854
7,349,44.91901057726318
7,350,44.91901057726318
7,351,44.91901057726318
7,352,0.0
7,353,0.0
7,354,0.0
7,355,0.0
7,356,49.355464197446054
7,357,0.0
7,358,46.108221037164185
7,359,0.0
7,360,38.83664617885461
7,361,0.0
7,362,49.487395273517905
7,363,50.171045052419686
7,364,0.0
7,365,0.0
7,366,0.0
7,367,0.0
7,368,0.0
7,369,0.0
7,370,0.0
7,371,45.94039780615276
7,372,0.0
7,373,0.0
7,374,0.0
7,375,0.0
7,376,0.0
7,377,46.20787095860214
7,378,46.108221037164185
7,379,37.15269290014567
7,380,44.91901057726318
7,381,44.91901057726318
7,382,44.91901057726318
7,383,52.06472039664732
7,384,0.0
7,385,0.0
7,386,46.20787095860214
7,387,49.487395273517905
7,388,45.94039780615276
7,389,52.62860035046015
7,390,45.00632435337775
7,391,34.74162806451204
7,392,0.0
7,393,0.0
7,394,0.0
7,395,40.95422979974683
7,396,37.40527496872801
7,397,0.0
7,398,45.00632435337775
7,399,0.0
7,400,0.0
7,401,45.00632435337775
7,402,0.0
7,403,46.20787095860214
7,404,47.447267132762136
7,405,0.0
7,406,49.878832058399894
7,407,0.0
7,408,49.355464197446054
7,409,46.108221037164185
7,410,0.0
7,411,0.0
7,412,0.0
7,413,49.487395273517905
7,414,0.0
7,415,35.91152885174415
7,416,0.0
7,417,0.0
7,418,0.0
7,419,46.44849002742012
7,420,49.487395273517905
7,421,44.91901057726318
7,422,51.093410182472326
7,423,46.23470137039203
7,424,0.0
7,425,46.20787095860214
7,426,0.0
7,427,0.0
7,428,0.0
7,429,46.44849002742012
7,430,46.108221037164185
7,431,0.0
7,432,50.21804543540566
7,433,0.0
7,434,0.0
7,435,43.68274748858403
7,436,46.108221037164185
7,437,46.108221037164185
7,438,0.0
7,439,0.0
7,440,0.0
7,441,46.108221037164185
7,442,47.447267132762136
7,443,0.0
7,444,0.0
7,445,47.61012847737311
7,446,50.3295131697605
7,447,0.0
7,448,46.20787095860214
7,449,45.104165291574645
7,450,0.0
7,451,0.0
7,452,0.0
7,453,0.0
7,454,44.01969703631494
7,455,46.108221037164185
7,456,0.0
7,457,0.0
7,458,0.0
7,459,0.0
7,460,46.23470137039203
7,461,46.108221037164185
7,462,0.0
7,463,47.23426324398861
7,464,47.14278155813463
7,465,0.0
7,466,0.0
7,467,47.14278155813463
7,468,46.01886691463096
7,469,45.0480920963937
7,470,0.0
7,471,0.0
7,472,50.3295131697605
7,473,50.3295131697605
7,474,0.0
7,475,0.0
7,476,46.14458767434917
7,477,47.19170928758649
7,478,45.0480920963937
7,479,44.91901057726318
7,480,0.0
7,481,0.0
7,482,0.0
7,483,50.3295131697605
7,484,49.487395273517905
7,485,49.50535025154113
7,486,0.0
7,487,45.94039780615276
7,488,0.0
7,489,0.0
7,490,46.44849002742012
7,491,0.0
7,492,0.0
7,493,0.0
7,494,0.0
7,495,44.91901057726318
7,496,46.01097367869352
7,497,44.91901057726318
7,498,0.0
7,499,0.0
7,500,46.108221037164185
7,501,0.0
7,502,0.0
7,503,0.0
7,504,44.91901057726318
7,505,44.91901057726318
7,506,0.0
7,507,51.127117815946804
7,508,46.17887646369854
7,509,49.32887600153117
7,510,44.9187732946275
7,511,0.0
8,0,43.67592657312707
8,1,0.0
8,2,0.0
8,3,0.0
8,4,49.487395273517905
8,5,48.40783856445978
8,6,0.0
8,7,0.0
8,8,44.76895774136119
8,9,49.03364372786382
8,10,0.0
8,11,43.76766863678404
8,12,0.0
8,13,44.778547060647725
8,14,0.0
8,15,48.69689340688183
8,16,43.76766863678404
8,17,43.74102098070307
8,18,49.487395273517905
8,19,0.0
8,20,0.0
8,21,44.778547060647725
8,22,48.59530140133484
8,23,0.0
8,24,0.0
8,25,43.87809021809062
8,26,0.0
8,27,0.0
8,28,0.0
8,29,0.0
8,30,43.76775099296265
8,31,0.0
8,32,43.74102098070307
8,33,44.602190323470495
8,34,0.0
8,35,44.91901057726318
8,36,0.0
8,37,44.91901057726318
8,38,48.59530140133484
8,39,0.0
8,40,0.0
8,41,0.0
8,42,43.68274748858403
8,43,0.0
8,44,0.0
8,45,0.0
8,46,47.62464319311857
8,47,48.25148514803095
8,48,43.68274748858403
8,49,0.0
8,50,0.0
8,51,0.0
8,52,44.863739643859844
8,53,0.0
8,54,0.0
8,55,0.0
8,56,49.487395273517905
8,57,0.0
8,58,0.0
8,59,0.0
8,60,0.0
8,61,44.824515867722766
8,62,0.0
8,63,43.841658843378355
8,64,48.59530140133484
8,65,0.0
8,66,49.487395273517905
8,67,0.0
8,68,43.76766863678404
8,69,48.59530140133484
8,70,42.7988494633064
8,71,0.0
8,72,0.0
8,73,0.0
8,74,0.0
8,75,44.778547060647725
8,76,44.91901057726318
8,77,0.0
8,78,0.0
8,79,44.91901057726318
8,80,47.62464319311857
8,81,43.76766863678404
8,82,43.76766863678404
8,83,0.0
8,84,49.201129180231874
8,85,0.0
8,86,0.0
8,87,49.23321934147043
8,88,0.0
8,89,0.0
8,90,0.0
8,91,49.487395273517905
8,92,49.1793087501901
8,93,0.0
8,94,0.0
8,95,0.0
8,96,48.4207058763086
8,97,44.91901057726318
8,98,0.0
8,99,0.0
8,100,0.0
8,101,43.76766863678404
8,102,44.98208731079649
8,103,0.0
8,104,0.0
8,105,43.76766863678404
8,106,44.91901057726318
8,107,48.59530140133484
8,108,0.0
8,109,43.76766863678404
8,110,0.0
8,111,0.0
8,112,0.0
8,113,48.59530140133484
8,114,48.643183448235504
8,115,49.54073109791443
8,116,42.85945613841341
8,117,44.98208731079649
8,118,0.0
8,119,0.0
8,120,0.0
8,121,49.27597612696263
8,122,0.0
8,123,0.0
8,124,49.27597612696263
8,125,47.62464319311857
8,126,0.0
8,127,0.0
8,128,0.0
8,129,0.0
8,130,43.94201817529574
8,131,48.59530140133484
8,132,44.76895774136119
8,133,0.0
8,134,0.0
8,135,0.0
8,136,0.0
8,137,43.76766863678404
8,138,0.0
8,139,0.0
8,140,44.91901057726318
8,141,43.76766863678404
8,142,44.602190323470495
8,143,49.487395273517905
8,144,60.38726541127471
8,145,0.0
8,146,0.0
8,147,43.841658843378355
8,148,43.76775099296265
8,149,0.0
8,150,43.87809021809062
8,151,0.0
8,152,49.487395273517905
8,153,43.76766863678404
8,154,0.0
8,155,44.91901057726318
8,156,0.0
8,157,44.90291903310572
8,158,44.85589483480089
8,159,0.0
8,160,48.59530140133484
8,161,44.91901057726318
8,162,45.00632435337775
8,163,43.841658843378355
8,164,48.59530140133484
8,165,48.643183448235504
8,166,0.0
8,167,0.0
8,168,0.0
8,169,0.0
8,170,35.56091059691789
8,171,0.0
8,172,49.535154339470864
8,173,44.824515867722766
8,174,44.103432332409284
8,175,49.33726821179607
8,176,0.0
8,177,43.700839256440304
8,178,0.0
8,179,48.60893847454554
8,180,0.0
8,181,44.90291903310572
8,182,49.33726821179607
8,183,0.0
8,184,43.841658843378355
8,185,43.754113240102924
8,186,48.4207058763086
8,187,44.76895774136119
8,188,0.0
8,189,0.0
8,190,44.994178943383304
8,191,44.778547060647725
8,192,43.76766863678404
8,193,48.59530140133484
8,194,49.487395273517905
8,195,0.0
8,196,0.0
8,197,0.0
8,198,49.487395273517905
8,199,0.0
8,200,0.0
8,201,49.487395273517905
8,202,0.0
8,203,0.0
8,204,0.0
8,205,44.91901057726318
8,206,43.81987693773499
8,207,44.91901057726318
8,208,0.0
8,209,0.0
8,210,44.91901057726318
8,211,0.0
8,212,44.98079630875418
8,213,44.91901057726318
8,214,43.700839256440304
8,215,0.0
8,216,0.0
8,217,43.841658843378355
8,218,43.700839256440304
8,219,0.0
8,220,0.0
8,221,43.76766863678404
8,222,44.91901057726318
8,223,0.0
8,224,43.74102098070307
8,225,46.44603018193993
8,226,43.76766863678404
8,227,43.87809021809062
8,228,0.0
8,229,0.0
8,230,44.824515867722766
8,231,44.91901057726318
8,232,0.0
8,233,44.91901057726318
8,234,0.0
8,235,49.27597612696263
8,236,44.602190323470495
8,237,0.0
8,238,0.0
8,239,0.0
8,240,49.27597612696263
8,241,48.6176964889446
8,242,38.04592715752733
8,243,0.0
8,244,0.0
8,245,45.06260589392059
8,246,0.0
8,247,0.0
8,248,48.59530140133484
8,249,43.76766863678404
8,250,43.87809021809062
8,251,48.60893847454554
8,252,0.0
8,253,44.91901057726318
8,254,0.0
8,255,0.0
8,256,0.0
8,257,0.0
8,258,0.0
8,259,48.40783856445978
8,260,0.0
8,261,0.0
8,262,0.0
8,263,0.0
8,264,0.0
8,265,0.0
8,266,0.0
8,267,48.59530140133484
8,268,54.68387930747576
8,269,0.0
8,270,49.201129180231874
8,271,0.0
8,272,43.74102098070307
8,273,0.0
8,274,43.74102098070307
8,275,43.87809021809062
8,276,0.0
8,277,43.700839256440304
8,278,43.841658843378355
8,279,0.0
8,280,43.87809021809062
8,281,49.487395273517905
8,282,42.7988494633064
8,283,49.564000334514276
8,284,0.0
8,285,0.0
8,286,44.91901057726318
8,287,0.0
8,288,49.487395273517905
8,289,44.98079630875418
8,290,0.0
8,291,0.0
8,292,49.423959984274916
8,293,0.0
8,294,0.0
8,295,0.0
8,296,48.59530140133484
8,297,0.0
8,298,0.0
8,299,0.0
8,300,49.487395273517905
8,301,0.0
8,302,0.0
8,303,44.91901057726318
8,304,44.54438479016699
8,305,49.37379855929248
8,306,49.51146435368264
8,307,43.76766863678404
8,308,43.76766863678404
8,309,44.98079630875418
8,310,0.0
8,311,49.487395273517905
8,312,0.0
8,313,0.0
8,314,43.92710743282623
8,315,0.0
8,316,0.0
8,317,0.0
8,318,0.0
8,319,49.53066529444823
8,320,43.76766863678404
8,321,0.0
8,322,0.0
8,323,48.6176964889446
8,324,48.69689340688183
8,325,0.0
8,326,0.0
8,327,44.54438479016699
8,328,48.59530140133484
8,329,49.493961516576746
8,330,0.0
8,331,43.68274748858403
8,332,0.0
8,333,0.0
8,334,48.59530140133484
8,335,43.76766863678404
8,336,0.0
8,337,49.423959984274916
8,338,46.52367789819891
8,339,44.76895774136119
8,340,0.0
8,341,0.0
8,342,44.91901057726318
8,343,0.0
8,344,49.423959984274916
8,345,0.0
8,346,0.0
8,347,44.91901057726318
8,348,49.487395273517905
8,349,0.0
8,350,43.70157695279431
8,351,421.2604705741596
8,352,44.76895774136119
8,353,2083.9943050712354
8,354,48.639327540951854
8,355,0.0
8,356,49.671331953018125
8,357,54.68572958846835
8,358,43.76766863678404
8,359,49.33726821179607
8,360,0.0
8,361,44.778547060647725
8,362,43.76766863678404
8,363,43.74102098070307
8,364,0.0
8,365,49.487395273517905
8,366,0.0
8,367,75.65481861621447
8,368,49.33726821179607
8,369,44.103432332409284
8,370,0.0
8,371,0.0
8,372,0.0
8,373,43.76766863678404
8,374,0.0
8,375,43.68274748858403
8,376,43.76766863678404
8,377,48.352850269036935
8,378,0.0
8,379,0.0
8,380,49.33726821179607
8,381,48.59530140133484
8,382,0.0
8,383,0.0
8,384,0.0
8,385,498.9468730194749
8,386,48.59530140133484
8,387,43.76766863678404
8,388,49.32887600153117
8,389,0.0
8,390,0.0
8,391,0.0
8,392,47.61012847737311
8,393,0.0
8,394,0.0
8,395,49.33726821179607
8,396,48.59530140133484
8,397,43.76766863678404
8,398,43.76766863678404
8,399,44.64930137681222
8,400,0.0
8,401,43.68274748858403
8,402,49.423959984274916
8,403,43.76766863678404
8,404,0.0
8,405,49.487395273517905
8,406,0.0
8,407,0.0
8,408,43.841658843378355
8,409,0.0
8,410,0.0
8,411,0.0
8,412,0.0
8,413,0.0
8,414,44.778547060647725
8,415,49.201129180231874
8,416,74.54798063732233
8,417,45.06260589392059
8,418,48.69689340688183
8,419,44.95738615001301
8,420,44.90291903310572
8,421,0.0
8,422,44.778547060647725
8,423,43.841658843378355
8,424,46.539368453677525
8,425,0.0
8,426,42.55863174084334
8,427,49.487395273517905
8,428,44.654524724102885
8,429,0.0
8,430,0.0
8,431,0.0
8,432,0.0
8,433,0.0
8,434,0.0
8,435,0.0
8,436,0.0
8,437,0.0
8,438,43.94201817529574
8,439,49.37379855929248
8,440,0.0
8,441,0.0
8,442,49.33726821179607
8,443,0.0
8,444,0.0
8,445,0.0
8,446,49.33726821179607
8,447,43.76766863678404
8,448,0.0
8,449,0.0
8,450,0.0
8,451,0.0
8,452,0.0
8,453,44.103432332409284
8,454,44.91901057726318
8,455,49.423959984274916
8,456,43.841658843378355
8,457,0.0
8,458,43.76766863678404
8,459,0.0
8,460,0.0
8,461,0.0
8,462,0.0
8,463,49.33726821179607
8,464,49.535154339470864
8,465,0.0
8,466,48.643183448235504
8,467,42.7988494633064
8,468,0.0
8,469,0.0
8,470,48.59530140133484
8,471,43.76766863678404
8,472,0.0
8,473,42.85945613841341
8,474,0.0
8,475,48.59530140133484
8,476,43.841658843378355
8,477,44.654524724102885
8,478,0.0
8,479,0.0
8,480,0.0
8,481,40.17942906151802
8,482,0.0
8,483,44.91901057726318
8,484,0.0
8,485,0.0
8,486,0.0
8,487,49.423959984274916
8,488,55.036750067039975
8,489,46.479938900780326
8,490,48.59530140133484
8,491,48.59530140133484
8,492,0.0
8,493,43.76766863678404
8,494,0.0
8,495,43.841658843378355
8,496,49.487395273517905
8,497,0.0
8,498,0.0
8,499,45.00632435337775
8,500,0.0
8,501,47.62464319311857
8,502,44.91901057726318
8,503,44.824515867722766
8,504,0.0
8,505,49.50535025154113
8,506,44.95738615001301
8,507,43.76766863678404
8,508,0.0
8,509,0.0
8,510,0.0
8,511,48.69689340688183
9,0,0.0
9,1,0.0
9,2,0.0
9,3,48.507198562384474
9,4,0.0
9,5,42.653794243744414
9,6,0.0
9,7,42.653794243744414
9,8,47.72785049943559
9,9,48.484682285758936
9,10,42.653794243744414
9,11,47.50902996243531
9,12,0.0
9,13,42.653794243744414
9,14,42.7988494633064
9,15,0.0
9,16,0.0
9,17,45.32883119467533
9,18,0.0
9,19,48.484682285758936
9,20,48.59530140133484
9,21,0.0
9,22,0.0
9,23,0.0
9,24,42.591642757215595
9,25,0.0
9,26,42.49693060722984
9,27,0.0
9,28,46.46200988888904
9,29,47.72785049943559
9,30,0.0
9,31,0.0
9,32,42.653794243744414
9,33,0.0
9,34,0.0
9,35,0.0
9,36,43.68274748858403
9,37,48.507198562384474
9,38,0.0
9,39,48.25148514803095
9,40,0.0
9,41,42.7988494633064
9,42,42.653794243744414
9,43,0.0
9,44,0.0
9,45,42.653794243744414
9,46,42.615775593266335
9,47,0.0
9,48,0.0
9,49,45.3113762341236
9,50,48.544191223008056
9,51,48.484682285758936
9,52,0.0
9,53,43.6567517030071
9,54,0.0
9,55,0.0
9,56,48.484682285758936
9,57,42.653794243744414
9,58,42.564748411219625
9,59,0.0
9,60,0.0
9,61,0.0
9,62,0.0
9,63,0.0
9,64,47.74106270214361
9,65,0.0
9,66,0.0
9,67,0.0
9,68,42.653794243744414
9,69,0.0
9,70,0.0
9,71,0.0
9,72,42.653794243744414
9,73,0.0
9,74,0.0
9,75,0.0
9,76,0.0
9,77,0.0
9,78,47.72785049943559
9,79,41.742010121191925
9,80,0.0
9,81,0.0
9,82,48.59530140133484
9,83,0.0
9,84,47.72785049943559
9,85,0.0
9,86,0.0
9,87,0.0
9,88,43.11564390454623
9,89,42.653794243744414
9,90,0.0
9,91,0.0
9,92,0.0
9,93,0.0
9,94,0.0
9,95,42.653794243744414
9,96,0.0
9,97,0.0
9,98,49.487395273517905
9,99,0.0
9,100,0.0
9,101,47.50700673981555
9,102,41.47114710563892
9,103,47.72785049943559
9,104,0.0
9,105,0.0
9,106,0.0
9,107,0.0
9,108,42.63649034518403
9,109,0.0
9,110,0.0
9,111,0.0
9,112,48.59530140133484
9,113,48.25148514803095
9,114,0.0
9,115,48.352850269036935
9,116,42.49693060722984
9,117,43.51762630642497
9,118,0.0
9,119,0.0
9,120,45.3113762341236
9,121,0.0
9,122,48.484682285758936
9,123,0.0
9,124,0.0
9,125,48.59530140133484
9,126,0.0
9,127,48.544191223008056
9,128,0.0
9,129,43.6567517030071
9,130,48.59530140133484
9,131,46.44603018193993
9,132,0.0
9,133,48.544191223008056
9,134,0.0
9,135,48.352850269036935
9,136,47.50902996243531
9,137,0.0
9,138,0.0
9,139,47.784293962956326
9,140,0.0
9,141,47.838562261486004
9,142,0.0
9,143,0.0
9,144,0.0
9,145,47.8864133282359
9,146,0.0
9,147,0.0
9,148,48.61245144643726
9,149,0.0
9,150,47.8864133282359
9,151,56.810728997811566
9,152,0.0
9,153,43.700839256440304
9,154,43.76775099296265
9,155,42.71345900605411
9,156,0.0
9,157,46.52367789819891
9,158,42.653794243744414
9,159,0.0
9,160,48.544191223008056
9,161,0.0
9,162,0.0
9,163,0.0
9,164,42.653794243744414
9,165,0.0
9,166,42.99744537572951
9,167,0.0
9,168,42.71345900605411
9,169,47.72785049943559
9,170,0.0
9,171,43.76766863678404
9,172,48.544191223008056
9,173,0.0
9,174,0.0
9,175,43.51762630642497
9,176,47.743985136274205
9,177,0.0
9,178,48.59530140133484
9,179,42.99744537572951
9,180,47.72785049943559
9,181,0.0
9,182,47.48092344291672
9,183,42.615775593266335
9,184,48.59530140133484
9,185,43.76766863678404
9,186,0.0
9,187,43.68274748858403
9,188,0.0
9,189,42.74415969214988
9,190,0.0
9,191,43.67592657312707
9,192,0.0
9,193,0.0
9,194,0.0
9,195,0.0
9,196,48.484682285758936
9,197,48.31927466941033
9,198,47.838562261486004
9,199,47.74106270214361
9,200,0.0
9,201,42.63649034518403
9,202,42.74415969214988
9,203,42.71345900605411
9,204,0.0
9,205,43.68274748858403
9,206,42.71345900605411
9,207,47.72785049943559
9,208,42.85945613841341
9,209,42.49693060722984
9,210,47.8864133282359
9,211,0.0
9,212,0.0
9,213,0.0
9,214,47.72785049943559
9,215,48.25148514803095
9,216,0.0
9,217,42.653794243744414
9,218,0.0
9,219,0.0
9,220,0.0
9,221,0.0
9,222,48.484682285758936
9,223,0.0
9,224,0.0
9,225,42.615775593266335
9,226,49.33726821179607
9,227,0.0
9,228,49.33726821179607
9,229,0.0
9,230,47.59844498792336
9,231,0.0
9,232,0.0
9,233,48.59530140133484
9,234,0.0
9,235,47.72785049943559
9,236,0.0
9,237,47.74106270214361
9,238,42.71345900605411
9,239,0.0
9,240,0.0
9,241,42.653794243744414
9,242,0.0
9,243,0.0
9,244,43.56244029395111
9,245,42.586113427771124
9,246,43.76766863678404
9,247,43.76766863678404
9,248,0.0
9,249,0.0
9,250,0.0
9,251,0.0
9,252,0.0
9,253,48.59530140133484
9,254,48.297214206526405
9,255,0.0
9,256,42.615775593266335
9,257,0.0
9,258,0.0
9,259,0.0
9,260,0.0
9,261,47.5663695330295
9,262,47.838562261486004
9,263,48.59530140133484
9,264,47.743985136274205
9,265,0.0
9,266,0.0
9,267,0.0
9,268,0.0
9,269,0.0
9,270,0.0
9,271,0.0
9,272,43.429102992065054
9,273,0.0
9,274,45.3113762341236
9,275,42.653794243744414
9,276,47.769834883389194
9,277,47.769834883389194
9,278,48.59530140133484
9,279,48.484682285758936
9,280,48.65241803760637
9,281,42.653794243744414
9,282,45.3113762341236
9,283,47.75518377445496
9,284,0.0
9,285,0.0
9,286,43.76766863678404
9,287,0.0
9,288,0.0
9,289,48.484682285758936
9,290,0.0
9,291,42.71345900605411
9,292,0.0
9,293,47.72785049943559
9,294,48.484682285758936
9,295,42.615775593266335
9,296,47.769834883389194
9,297,0.0
9,298,0.0
9,299,0.0
9,300,0.0
9,301,0.0
9,302,0.0
9,303,0.0
9,304,0.0
9,305,42.586113427771124
9,306,0.0
9,307,0.0
9,308,0.0
9,309,0.0
9,310,0.0
9,311,0.0
9,312,0.0
9,313,42.85945613841341
9,314,0.0
9,315,42.653794243744414
9,316,0.0
9,317,0.0
9,318,0.0
9,319,0.0
9,320,0.0
9,321,0.0
9,322,0.0
9,323,48.484682285758936
9,324,42.49693060722984
9,325,47.48092344291672
9,326,43.76766863678404
9,327,0.0
9,328,0.0
9,329,0.0
9,330,0.0
9,331,43.53628380270948
9,332,0.0
9,333,43.67592657312707
9,334,0.0
9,335,0.0
9,336,0.0
9,337,47.454220927332244
9,338,0.0
9,339,43.76766863678404
9,340,0.0
9,341,0.0
9,342,43.6567517030071
9,343,0.0
9,344,41.69074407201697
9,345,47.72785049943559
9,346,0.0
9,347,42.564748411219625
9,348,0.0
9,349,0.0
9,350,42.99744537572951
9,351,45.92160806227821
9,352,47.72785049943559
9,353,56.809373977327596
9,354,56.809373977327596
9,355,0.0
9,356,0.0
9,357,42.615775593266335
9,358,48.544191223008056
9,359,0.0
9,360,0.0
9,361,0.0
9,362,47.838562261486004
9,363,0.0
9,364,48.59530140133484
9,365,48.59530140133484
9,366,42.99744537572951
9,367,0.0
9,368,0.0
9,369,0.0
9,370,43.6567517030071
9,371,42.586113427771124
9,372,0.0
9,373,48.59530140133484
9,374,47.59844498792336
9,375,0.0
9,376,0.0
9,377,42.653794243744414
9,378,43.36766793419338
9,379,43.70157695279431
9,380,47.72785049943559
9,381,0.0
9,382,0.0
9,383,42.653794243744414
9,384,47.494650512855515
9,385,42.653794243744414
9,386,42.615775593266335
9,387,42.71345900605411
9,388,41.96843299101329
9,389,0.0
9,390,47.8864133282359
9,391,47.72785049943559
9,392,43.76766863678404
9,393,42.85945613841341
9,394,48.484682285758936
9,395,45.36680738022824
9,396,47.74106270214361
9,397,0.0
9,398,0.0
9,399,0.0
9,400,0.0
9,401,0.0
9,402,0.0
9,403,47.743985136274205
9,404,0.0
9,405,0.0
9,406,47.8864133282359
9,407,42.55863174084334
9,408,42.653794243744414
9,409,0.0
9,410,47.72785049943559
9,411,0.0
9,412,43.6567517030071
9,413,42.69570711959386
9,414,0.0
9,415,43.76775099296265
9,416,0.0
9,417,48.384062107133104
9,418,47.72785049943559
9,419,48.643183448235504
9,420,42.7988494633064
9,421,42.49693060722984
9,422,0.0
9,423,0.0
9,424,42.55863174084334
9,425,46.44603018193993
9,426,48.35550059164507
9,427,0.0
9,428,0.0
9,429,47.72785049943559
9,430,47.8864133282359
9,431,42.99744537572951
9,432,0.0
9,433,0.0
9,434,0.0
9,435,0.0
9,436,47.743985136274205
9,437,0.0
9,438,47.889797268729126
9,439,42.74415969214988
9,440,48.484682285758936
9,441,0.0
9,442,0.0
9,443,47.8864133282359
9,444,0.0
9,445,0.0
9,446,0.0
9,447,47.743985136274205
9,448,48.40783856445978
9,449,0.0
9,450,0.0
9,451,0.0
9,452,0.0
9,453,43.76766863678404
9,454,0.0
9,455,0.0
9,456,0.0
9,457,0.0
9,458,42.7988494633064
9,459,0.0
9,460,48.59530140133484
9,461,42.7988494633064
9,462,0.0
9,463,0.0
9,464,47.8864133282359
9,465,47.50902996243531
9,466,42.99744537572951
9,467,42.49693060722984
9,468,0.0
9,469,0.0
9,470,0.0
9,471,0.0
9,472,0.0
9,473,0.0
9,474,42.653794243744414
9,475,0.0
9,476,47.72785049943559
9,477,0.0
9,478,49.33726821179607
9,479,46.17542449881785
9,480,0.0
9,481,43.76766863678404
9,482,0.0
9,483,42.591642757215595
9,484,47.769834883389194
9,485,0.0
9,486,48.99981738600036
9,487,46.46200988888904
9,488,48.643183448235504
9,489,48.59530140133484
9,490,0.0
9,491,0.0
9,492,47.72785049943559
9,493,48.297214206526405
9,494,0.0
9,495,0.0
9,496,0.0
9,497,0.0
9,498,0.0
9,499,0.0
9,500,0.0
9,501,0.0
9,502,0.0
9,503,0.0
9,504,47.769834883389194
9,505,42.586113427771124
9,506,47.74106270214361
9,507,42.653794243744414
9,508,0.0
9,509,43.68274748858403
9,510,42.74415969214988
9,511,45.412308866647436
